p,q,n_even
2,2,4
3,3,6
5,3,8
7,3,10
5,5,10
7,5,12
11,3,14
7,7,14
13,3,16
11,5,16
13,5,18
11,7,18
17,3,20
13,7,20
19,3,22
17,5,22
11,11,22
19,5,24
17,7,24
13,11,24
23,3,26
19,7,26
13,13,26
23,5,28
17,11,28
23,7,30
19,11,30
17,13,30
29,3,32
19,13,32
31,3,34
29,5,34
23,11,34
17,17,34
31,5,36
29,7,36
23,13,36
19,17,36
31,7,38
19,19,38
37,3,40
29,11,40
23,17,40
37,5,42
31,11,42
29,13,42
23,19,42
41,3,44
37,7,44
31,13,44
43,3,46
41,5,46
29,17,46
23,23,46
43,5,48
41,7,48
37,11,48
31,17,48
29,19,48
47,3,50
43,7,50
37,13,50
31,19,50
47,5,52
41,11,52
29,23,52
47,7,54
43,11,54
41,13,54
37,17,54
31,23,54
53,3,56
43,13,56
37,19,56
53,5,58
47,11,58
41,17,58
29,29,58
53,7,60
47,13,60
43,17,60
41,19,60
37,23,60
31,29,60
59,3,62
43,19,62
31,31,62
61,3,64
59,5,64
53,11,64
47,17,64
41,23,64
61,5,66
59,7,66
53,13,66
47,19,66
43,23,66
37,29,66
61,7,68
37,31,68
67,3,70
59,11,70
53,17,70
47,23,70
41,29,70
67,5,72
61,11,72
59,13,72
53,19,72
43,29,72
41,31,72
71,3,74
67,7,74
61,13,74
43,31,74
37,37,74
73,3,76
71,5,76
59,17,76
53,23,76
47,29,76
73,5,78
71,7,78
67,11,78
61,17,78
59,19,78
47,31,78
41,37,78
73,7,80
67,13,80
61,19,80
43,37,80
79,3,82
71,11,82
59,23,82
53,29,82
41,41,82
79,5,84
73,11,84
71,13,84
67,17,84
61,23,84
53,31,84
47,37,84
43,41,84
83,3,86
79,7,86
73,13,86
67,19,86
43,43,86
83,5,88
71,17,88
59,29,88
47,41,88
83,7,90
79,11,90
73,17,90
71,19,90
67,23,90
61,29,90
59,31,90
53,37,90
47,43,90
89,3,92
79,13,92
73,19,92
61,31,92
89,5,94
83,11,94
71,23,94
53,41,94
47,47,94
89,7,96
83,13,96
79,17,96
73,23,96
67,29,96
59,37,96
53,43,96
79,19,98
67,31,98
61,37,98
97,3,100
89,11,100
83,17,100
71,29,100
59,41,100
53,47,100
97,5,102
89,13,102
83,19,102
79,23,102
73,29,102
71,31,102
61,41,102
59,43,102
101,3,104
97,7,104
73,31,104
67,37,104
61,43,104
103,3,106
101,5,106
89,17,106
83,23,106
59,47,106
53,53,106
103,5,108
101,7,108
97,11,108
89,19,108
79,29,108
71,37,108
67,41,108
61,47,108
107,3,110
103,7,110
97,13,110
79,31,110
73,37,110
67,43,110
109,3,112
107,5,112
101,11,112
89,23,112
83,29,112
71,41,112
59,53,112
109,5,114
107,7,114
103,11,114
101,13,114
97,17,114
83,31,114
73,41,114
71,43,114
67,47,114
61,53,114
113,3,116
109,7,116
103,13,116
97,19,116
79,37,116
73,43,116
113,5,118
107,11,118
101,17,118
89,29,118
71,47,118
59,59,118
113,7,120
109,11,120
107,13,120
103,17,120
101,19,120
97,23,120
89,31,120
83,37,120
79,41,120
73,47,120
67,53,120
61,59,120
109,13,122
103,19,122
79,43,122
61,61,122
113,11,124
107,17,124
101,23,124
83,41,124
71,53,124
113,13,126
109,17,126
107,19,126
103,23,126
97,29,126
89,37,126
83,43,126
79,47,126
73,53,126
67,59,126
109,19,128
97,31,128
67,61,128
127,3,130
113,17,130
107,23,130
101,29,130
89,41,130
83,47,130
71,59,130
127,5,132
113,19,132
109,23,132
103,29,132
101,31,132
89,43,132
79,53,132
73,59,132
71,61,132
131,3,134
127,7,134
103,31,134
97,37,134
73,61,134
67,67,134
131,5,136
113,23,136
107,29,136
89,47,136
83,53,136
131,7,138
127,11,138
109,29,138
107,31,138
101,37,138
97,41,138
79,59,138
71,67,138
137,3,140
127,13,140
109,31,140
103,37,140
97,43,140
79,61,140
73,67,140
139,3,142
137,5,142
131,11,142
113,29,142
101,41,142
89,53,142
83,59,142
71,71,142
139,5,144
137,7,144
131,13,144
127,17,144
113,31,144
107,37,144
103,41,144
101,43,144
97,47,144
83,61,144
73,71,144
139,7,146
127,19,146
109,37,146
103,43,146
79,67,146
73,73,146
137,11,148
131,17,148
107,41,148
101,47,148
89,59,148
139,11,150
137,13,150
131,19,150
127,23,150
113,37,150
109,41,150
107,43,150
103,47,150
97,53,150
89,61,150
83,67,150
79,71,150
149,3,152
139,13,152
109,43,152
79,73,152
151,3,154
149,5,154
137,17,154
131,23,154
113,41,154
107,47,154
101,53,154
83,71,154
151,5,156
149,7,156
139,17,156
137,19,156
127,29,156
113,43,156
109,47,156
103,53,156
97,59,156
89,67,156
83,73,156
151,7,158
139,19,158
127,31,158
97,61,158
79,79,158
157,3,160
149,11,160
137,23,160
131,29,160
113,47,160
107,53,160
101,59,160
89,71,160
157,5,162
151,11,162
149,13,162
139,23,162
131,31,162
109,53,162
103,59,162
101,61,162
89,73,162
83,79,162
157,7,164
151,13,164
127,37,164
103,61,164
97,67,164
163,3,166
149,17,166
137,29,166
113,53,166
107,59,166
83,83,166
163,5,168
157,11,168
151,17,168
149,19,168
139,29,168
137,31,168
131,37,168
127,41,168
109,59,168
107,61,168
101,67,168
97,71,168
89,79,168
167,3,170
163,7,170
157,13,170
151,19,170
139,31,170
127,43,170
109,61,170
103,67,170
97,73,170
167,5,172
149,23,172
131,41,172
113,59,172
101,71,172
89,83,172
167,7,174
163,11,174
157,17,174
151,23,174
137,37,174
131,43,174
127,47,174
113,61,174
107,67,174
103,71,174
101,73,174
173,3,176
163,13,176
157,19,176
139,37,176
109,67,176
103,73,176
97,79,176
173,5,178
167,11,178
149,29,178
137,41,178
131,47,178
107,71,178
89,89,178
173,7,180
167,13,180
163,17,180
157,23,180
151,29,180
149,31,180
139,41,180
137,43,180
127,53,180
113,67,180
109,71,180
107,73,180
101,79,180
97,83,180
179,3,182
163,19,182
151,31,182
139,43,182
109,73,182
103,79,182
181,3,184
179,5,184
173,11,184
167,17,184
137,47,184
131,53,184
113,71,184
101,83,184
181,5,186
179,7,186
173,13,186
167,19,186
163,23,186
157,29,186
149,37,186
139,47,186
127,59,186
113,73,186
107,79,186
103,83,186
97,89,186
181,7,188
157,31,188
151,37,188
127,61,188
109,79,188
179,11,190
173,17,190
167,23,190
149,41,190
137,53,190
131,59,190
107,83,190
101,89,190
181,11,192
179,13,192
173,19,192
163,29,192
151,41,192
149,43,192
139,53,192
131,61,192
113,79,192
109,83,192
103,89,192
191,3,194
181,13,194
163,31,194
157,37,194
151,43,194
127,67,194
97,97,194
193,3,196
191,5,196
179,17,196
173,23,196
167,29,196
149,47,196
137,59,196
113,83,196
107,89,196
193,5,198
191,7,198
181,17,198
179,19,198
167,31,198
157,41,198
151,47,198
139,59,198
137,61,198
131,67,198
127,71,198
109,89,198
101,97,198
197,3,200
193,7,200
181,19,200
163,37,200
157,43,200
139,61,200
127,73,200
103,97,200
199,3,202
197,5,202
191,11,202
179,23,202
173,29,202
149,53,202
131,71,202
113,89,202
101,101,202
199,5,204
197,7,204
193,11,204
191,13,204
181,23,204
173,31,204
167,37,204
163,41,204
157,47,204
151,53,204
137,67,204
131,73,204
107,97,204
103,101,204
199,7,206
193,13,206
163,43,206
139,67,206
127,79,206
109,97,206
103,103,206
197,11,208
191,17,208
179,29,208
167,41,208
149,59,208
137,71,208
107,101,208
199,11,210
197,13,210
193,17,210
191,19,210
181,29,210
179,31,210
173,37,210
167,43,210
163,47,210
157,53,210
151,59,210
149,61,210
139,71,210
137,73,210
131,79,210
127,83,210
113,97,210
109,101,210
107,103,210
199,13,212
193,19,212
181,31,212
151,61,212
139,73,212
109,103,212
211,3,214
197,17,214
191,23,214
173,41,214
167,47,214
131,83,214
113,101,214
107,107,214
211,5,216
199,17,216
197,19,216
193,23,216
179,37,216
173,43,216
163,53,216
157,59,216
149,67,216
137,79,216
127,89,216
113,103,216
109,107,216
211,7,218
199,19,218
181,37,218
157,61,218
151,67,218
139,79,218
109,109,218
197,23,220
191,29,220
179,41,220
173,47,220
167,53,220
149,71,220
137,83,220
131,89,220
113,107,220
211,11,222
199,23,222
193,29,222
191,31,222
181,41,222
179,43,222
163,59,222
151,71,222
149,73,222
139,83,222
113,109,222
211,13,224
193,31,224
181,43,224
163,61,224
157,67,224
151,73,224
127,97,224
223,3,226
197,29,226
179,47,226
173,53,226
167,59,226
137,89,226
113,113,226
223,5,228
211,17,228
199,29,228
197,31,228
191,37,228
181,47,228
167,61,228
157,71,228
149,79,228
139,89,228
131,97,228
127,101,228
227,3,230
223,7,230
211,19,230
199,31,230
193,37,230
163,67,230
157,73,230
151,79,230
127,103,230
229,3,232
227,5,232
191,41,232
179,53,232
173,59,232
149,83,232
131,101,232
229,5,234
227,7,234
223,11,234
211,23,234
197,37,234
193,41,234
191,43,234
181,53,234
173,61,234
167,67,234
163,71,234
151,83,234
137,97,234
131,103,234
127,107,234
233,3,236
229,7,236
223,13,236
199,37,236
193,43,236
163,73,236
157,79,236
139,97,236
127,109,236
233,5,238
227,11,238
197,41,238
191,47,238
179,59,238
167,71,238
149,89,238
137,101,238
131,107,238
233,7,240
229,11,240
227,13,240
223,17,240
211,29,240
199,41,240
197,43,240
193,47,240
181,59,240
179,61,240
173,67,240
167,73,240
157,83,240
151,89,240
139,101,240
137,103,240
131,109,240
127,113,240
239,3,242
229,13,242
223,19,242
211,31,242
199,43,242
181,61,242
163,79,242
139,103,242
241,3,244
239,5,244
233,11,244
227,17,244
197,47,244
191,53,244
173,71,244
137,107,244
131,113,244
241,5,246
239,7,246
233,13,246
229,17,246
227,19,246
223,23,246
199,47,246
193,53,246
179,67,246
173,73,246
167,79,246
163,83,246
157,89,246
149,97,246
139,107,246
137,109,246
241,7,248
229,19,248
211,37,248
181,67,248
151,97,248
139,109,248
239,11,250
233,17,250
227,23,250
197,53,250
191,59,250
179,71,250
167,83,250
149,101,250
137,113,250
241,11,252
239,13,252
233,19,252
229,23,252
223,29,252
211,41,252
199,53,252
193,59,252
191,61,252
181,71,252
179,73,252
173,79,252
163,89,252
151,101,252
149,103,252
139,113,252
251,3,254
241,13,254
223,31,254
211,43,254
193,61,254
181,73,254
157,97,254
151,103,254
127,127,254
251,5,256
239,17,256
233,23,256
227,29,256
197,59,256
173,83,256
167,89,256
149,107,256
251,7,258
241,17,258
239,19,258
229,29,258
227,31,258
211,47,258
199,59,258
197,61,258
191,67,258
179,79,258
157,101,258
151,107,258
149,109,258
131,127,258
257,3,260
241,19,260
229,31,260
223,37,260
199,61,260
193,67,260
181,79,260
163,97,260
157,103,260
151,109,260
257,5,262
251,11,262
239,23,262
233,29,262
191,71,262
179,83,262
173,89,262
149,113,262
131,131,262
257,7,264
251,13,264
241,23,264
233,31,264
227,37,264
223,41,264
211,53,264
197,67,264
193,71,264
191,73,264
181,83,264
167,97,264
163,101,264
157,107,264
151,113,264
137,127,264
263,3,266
229,37,266
223,43,266
199,67,266
193,73,266
163,103,266
157,109,266
139,127,266
263,5,268
257,11,268
251,17,268
239,29,268
227,41,268
197,71,268
179,89,268
167,101,268
137,131,268
263,7,270
257,13,270
251,19,270
241,29,270
239,31,270
233,37,270
229,41,270
227,43,270
223,47,270
211,59,270
199,71,270
197,73,270
191,79,270
181,89,270
173,97,270
167,103,270
163,107,270
157,113,270
139,131,270
269,3,272
241,31,272
229,43,272
211,61,272
199,73,272
193,79,272
163,109,272
271,3,274
269,5,274
263,11,274
257,17,274
251,23,274
233,41,274
227,47,274
191,83,274
173,101,274
167,107,274
137,137,274
271,5,276
269,7,276
263,13,276
257,19,276
239,37,276
233,43,276
229,47,276
223,53,276
197,79,276
193,83,276
179,97,276
173,103,276
167,109,276
163,113,276
149,127,276
139,137,276
271,7,278
241,37,278
211,67,278
199,79,278
181,97,278
151,127,278
139,139,278
277,3,280
269,11,280
263,17,280
257,23,280
251,29,280
239,41,280
233,47,280
227,53,280
197,83,280
191,89,280
179,101,280
173,107,280
167,113,280
149,131,280
277,5,282
271,11,282
269,13,282
263,19,282
251,31,282
241,41,282
239,43,282
229,53,282
223,59,282
211,71,282
199,83,282
193,89,282
181,101,282
179,103,282
173,109,282
151,131,282
281,3,284
277,7,284
271,13,284
241,43,284
223,61,284
211,73,284
181,103,284
157,127,284
283,3,286
281,5,286
269,17,286
263,23,286
257,29,286
239,47,286
233,53,286
227,59,286
197,89,286
179,107,286
173,113,286
149,137,286
283,5,288
281,7,288
277,11,288
271,17,288
269,19,288
257,31,288
251,37,288
241,47,288
229,59,288
227,61,288
199,89,288
191,97,288
181,107,288
179,109,288
157,131,288
151,137,288
149,139,288
283,7,290
277,13,290
271,19,290
229,61,290
223,67,290
211,79,290
193,97,290
181,109,290
163,127,290
151,139,290
281,11,292
269,23,292
263,29,292
251,41,292
239,53,292
233,59,292
191,101,292
179,113,292
283,11,294
281,13,294
277,17,294
271,23,294
263,31,294
257,37,294
251,43,294
241,53,294
233,61,294
227,67,294
223,71,294
211,83,294
197,97,294
193,101,294
191,103,294
181,113,294
167,127,294
163,131,294
157,137,294
293,3,296
283,13,296
277,19,296
229,67,296
223,73,296
199,97,296
193,103,296
157,139,296
293,5,298
281,17,298
269,29,298
257,41,298
251,47,298
239,59,298
227,71,298
197,101,298
191,107,298
167,131,298
149,149,298
293,7,300
283,17,300
281,19,300
277,23,300
271,29,300
269,31,300
263,37,300
257,43,300
241,59,300
239,61,300
233,67,300
229,71,300
227,73,300
211,89,300
199,101,300
197,103,300
193,107,300
191,109,300
173,127,300
163,137,300
151,149,300
283,19,302
271,31,302
241,61,302
229,73,302
223,79,302
199,103,302
193,109,302
163,139,302
151,151,302
293,11,304
281,23,304
263,41,304
257,47,304
251,53,304
233,71,304
197,107,304
191,113,304
173,131,304
167,137,304
293,13,306
283,23,306
277,29,306
269,37,306
263,43,306
239,67,306
233,73,306
227,79,306
223,83,306
199,107,306
197,109,306
193,113,306
179,127,306
167,139,306
157,149,306
277,31,308
271,37,308
241,67,308
229,79,308
211,97,308
199,109,308
181,127,308
157,151,308
307,3,310
293,17,310
281,29,310
269,41,310
263,47,310
257,53,310
251,59,310
239,71,310
227,83,310
197,113,310
179,131,310
173,137,310
307,5,312
293,19,312
283,29,312
281,31,312
271,41,312
269,43,312
251,61,312
241,71,312
239,73,312
233,79,312
229,83,312
223,89,312
211,101,312
199,113,312
181,131,312
173,139,312
163,149,312
311,3,314
307,7,314
283,31,314
277,37,314
271,43,314
241,73,314
211,103,314
163,151,314
157,157,314
313,3,316
311,5,316
293,23,316
269,47,316
263,53,316
257,59,316
233,83,316
227,89,316
179,137,316
167,149,316
313,5,318
311,7,318
307,11,318
281,37,318
277,41,318
271,47,318
257,61,318
251,67,318
239,79,318
229,89,318
211,107,318
191,127,318
181,137,318
179,139,318
167,151,318
317,3,320
313,7,320
307,13,320
283,37,320
277,43,320
241,79,320
223,97,320
211,109,320
193,127,320
181,139,320
163,157,320
317,5,322
311,11,322
293,29,322
281,41,322
269,53,322
263,59,322
251,71,322
239,83,322
233,89,322
191,131,322
173,149,322
317,7,324
313,11,324
311,13,324
307,17,324
293,31,324
283,41,324
281,43,324
277,47,324
271,53,324
263,61,324
257,67,324
251,73,324
241,83,324
227,97,324
223,101,324
211,113,324
197,127,324
193,131,324
173,151,324
167,157,324
313,13,326
307,19,326
283,43,326
229,97,326
223,103,326
199,127,326
163,163,326
317,11,328
311,17,328
281,47,328
269,59,328
257,71,328
239,89,328
227,101,328
197,131,328
191,137,328
179,149,328
317,13,330
313,17,330
311,19,330
307,23,330
293,37,330
283,47,330
277,53,330
271,59,330
269,61,330
263,67,330
257,73,330
251,79,330
241,89,330
233,97,330
229,101,330
227,103,330
223,107,330
199,131,330
193,137,330
191,139,330
181,149,330
179,151,330
173,157,330
167,163,330
313,19,332
271,61,332
229,103,332
223,109,332
193,139,332
181,151,332
331,3,334
317,17,334
311,23,334
293,41,334
281,53,334
263,71,334
251,83,334
233,101,334
227,107,334
197,137,334
167,167,334
331,5,336
317,19,336
313,23,336
307,29,336
293,43,336
283,53,336
277,59,336
269,67,336
263,73,336
257,79,336
239,97,336
233,103,336
229,107,336
227,109,336
223,113,336
199,137,336
197,139,336
179,157,336
173,163,336
331,7,338
307,31,338
277,61,338
271,67,338
241,97,338
229,109,338
211,127,338
199,139,338
181,157,338
337,3,340
317,23,340
311,29,340
293,47,340
281,59,340
269,71,340
257,83,340
251,89,340
239,101,340
233,107,340
227,113,340
191,149,340
173,167,340
337,5,342
331,11,342
313,29,342
311,31,342
283,59,342
281,61,342
271,71,342
269,73,342
263,79,342
241,101,342
239,103,342
233,109,342
229,113,342
211,131,342
193,149,342
191,151,342
179,163,342
337,7,344
331,13,344
313,31,344
307,37,344
283,61,344
277,67,344
271,73,344
241,103,344
193,151,344
181,163,344
317,29,346
293,53,346
263,83,346
257,89,346
239,107,346
233,113,346
197,149,346
179,167,346
173,173,346
337,11,348
331,17,348
317,31,348
311,37,348
307,41,348
281,67,348
277,71,348
269,79,348
251,97,348
241,107,348
239,109,348
211,137,348
199,149,348
197,151,348
191,157,348
181,167,348
347,3,350
337,13,350
331,19,350
313,37,350
307,43,350
283,67,350
277,73,350
271,79,350
241,109,350
223,127,350
211,139,350
199,151,350
193,157,350
349,3,352
347,5,352
311,41,352
293,59,352
281,71,352
269,83,352
263,89,352
251,101,352
239,113,352
179,173,352
349,5,354
347,7,354
337,17,354
331,23,354
317,37,354
313,41,354
311,43,354
307,47,354
293,61,354
283,71,354
281,73,354
271,83,354
257,97,354
251,103,354
241,113,354
227,127,354
223,131,354
197,157,354
191,163,354
181,173,354
353,3,356
349,7,356
337,19,356
313,43,356
283,73,356
277,79,356
229,127,356
199,157,356
193,163,356
353,5,358
347,11,358
317,41,358
311,47,358
269,89,358
257,101,358
251,107,358
227,131,358
191,167,358
179,179,358
353,7,360
349,11,360
347,13,360
337,23,360
331,29,360
317,43,360
313,47,360
307,53,360
293,67,360
281,79,360
277,83,360
271,89,360
263,97,360
257,103,360
251,109,360
233,127,360
229,131,360
223,137,360
211,149,360
197,163,360
193,167,360
181,179,360
359,3,362
349,13,362
331,31,362
283,79,362
223,139,362
211,151,362
199,163,362
181,181,362
359,5,364
353,11,364
347,17,364
317,47,364
311,53,364
293,71,364
281,83,364
263,101,364
257,107,364
251,113,364
233,131,364
227,137,364
197,167,364
191,173,364
359,7,366
353,13,366
349,17,366
347,19,366
337,29,366
313,53,366
307,59,366
293,73,366
283,83,366
277,89,366
269,97,366
263,103,366
257,109,366
239,127,366
229,137,366
227,139,366
199,167,366
193,173,366
349,19,368
337,31,368
331,37,368
307,61,368
271,97,368
241,127,368
229,139,368
211,157,368
367,3,370
359,11,370
353,17,370
347,23,370
317,53,370
311,59,370
281,89,370
269,101,370
263,107,370
257,113,370
239,131,370
233,137,370
197,173,370
191,179,370
367,5,372
359,13,372
353,19,372
349,23,372
331,41,372
313,59,372
311,61,372
293,79,372
283,89,372
271,101,372
269,103,372
263,109,372
241,131,372
233,139,372
223,149,372
199,173,372
193,179,372
191,181,372
367,7,374
337,37,374
331,43,374
313,61,374
307,67,374
277,97,374
271,103,374
223,151,374
211,163,374
193,181,374
373,3,376
359,17,376
353,23,376
347,29,376
317,59,376
293,83,376
269,107,376
263,113,376
239,137,376
227,149,376
197,179,376
373,5,378
367,11,378
359,19,378
349,29,378
347,31,378
337,41,378
331,47,378
317,61,378
311,67,378
307,71,378
281,97,378
277,101,378
271,107,378
269,109,378
251,127,378
241,137,378
239,139,378
229,149,378
227,151,378
211,167,378
199,179,378
197,181,378
373,7,380
367,13,380
349,31,380
337,43,380
313,67,380
307,73,380
283,97,380
277,103,380
271,109,380
241,139,380
229,151,380
223,157,380
199,181,380
379,3,382
359,23,382
353,29,382
311,71,382
293,89,382
281,101,382
269,113,382
251,131,382
233,149,382
191,191,382
379,5,384
373,11,384
367,17,384
353,31,384
347,37,384
337,47,384
331,53,384
317,67,384
313,71,384
311,73,384
283,101,384
281,103,384
277,107,384
271,113,384
257,127,384
233,151,384
227,157,384
211,173,384
193,191,384
383,3,386
379,7,386
373,13,386
367,19,386
349,37,386
313,73,386
307,79,386
283,103,386
277,109,386
229,157,386
223,163,386
193,193,386
383,5,388
359,29,388
347,41,388
317,71,388
281,107,388
257,131,388
251,137,388
239,149,388
197,191,388
383,7,390
379,11,390
373,17,390
367,23,390
359,31,390
353,37,390
349,41,390
347,43,390
337,53,390
331,59,390
317,73,390
311,79,390
307,83,390
293,97,390
283,107,390
281,109,390
277,113,390
263,127,390
251,139,390
241,149,390
239,151,390
233,157,390
227,163,390
223,167,390
211,179,390
199,191,390
197,193,390
389,3,392
379,13,392
373,19,392
349,43,392
331,61,392
313,79,392
283,109,392
241,151,392
229,163,392
211,181,392
199,193,392
389,5,394
383,11,394
353,41,394
347,47,394
311,83,394
293,101,394
281,113,394
263,131,394
257,137,394
227,167,394
197,197,394
389,7,396
383,13,396
379,17,396
373,23,396
367,29,396
359,37,396
353,43,396
349,47,396
337,59,396
317,79,396
313,83,396
307,89,396
293,103,396
283,113,396
269,127,396
257,139,396
239,157,396
233,163,396
229,167,396
223,173,396
199,197,396
379,19,398
367,31,398
337,61,398
331,67,398
271,127,398
241,157,398
199,199,398
397,3,400
389,11,400
383,17,400
359,41,400
353,47,400
347,53,400
317,83,400
311,89,400
293,107,400
269,131,400
263,137,400
251,149,400
233,167,400
227,173,400
397,5,402
389,13,402
383,19,402
379,23,402
373,29,402
359,43,402
349,53,402
331,71,402
313,89,402
293,109,402
271,131,402
263,139,402
251,151,402
239,163,402
229,173,402
223,179,402
211,191,402
401,3,404
397,7,404
373,31,404
367,37,404
337,67,404
331,73,404
307,97,404
277,127,404
241,163,404
223,181,404
211,193,404
401,5,406
389,17,406
383,23,406
359,47,406
353,53,406
347,59,406
317,89,406
293,113,406
269,137,406
257,149,406
239,167,406
233,173,406
227,179,406
401,7,408
397,11,408
389,19,408
379,29,408
367,41,408
349,59,408
347,61,408
337,71,408
311,97,408
307,101,408
281,127,408
277,131,408
271,137,408
269,139,408
257,151,408
251,157,408
241,167,408
229,179,408
227,181,408
211,197,408
397,13,410
379,31,410
373,37,410
367,43,410
349,61,410
337,73,410
331,79,410
313,97,410
307,103,410
283,127,410
271,139,410
229,181,410
211,199,410
409,3,412
401,11,412
389,23,412
383,29,412
359,53,412
353,59,412
311,101,412
281,131,412
263,149,412
239,173,412
233,179,412
409,5,414
401,13,414
397,17,414
383,31,414
373,41,414
367,47,414
353,61,414
347,67,414
331,83,414
317,97,414
313,101,414
311,103,414
307,107,414
283,131,414
277,137,414
263,151,414
257,157,414
251,163,414
241,173,414
233,181,414
223,191,414
409,7,416
397,19,416
379,37,416
373,43,416
349,67,416
337,79,416
313,103,416
307,109,416
277,139,416
223,193,416
401,17,418
389,29,418
359,59,418
347,71,418
317,101,418
311,107,418
281,137,418
269,149,418
251,167,418
239,179,418
227,191,418
409,11,420
401,19,420
397,23,420
389,31,420
383,37,420
379,41,420
373,47,420
367,53,420
359,61,420
353,67,420
349,71,420
347,73,420
337,83,420
331,89,420
317,103,420
313,107,420
311,109,420
307,113,420
293,127,420
283,137,420
281,139,420
271,149,420
269,151,420
263,157,420
257,163,420
241,179,420
239,181,420
229,191,420
227,193,420
223,197,420
419,3,422
409,13,422
379,43,422
349,73,422
313,109,422
283,139,422
271,151,422
241,181,422
229,193,422
223,199,422
211,211,422
421,3,424
419,5,424
401,23,424
383,41,424
353,71,424
317,107,424
311,113,424
293,131,424
257,167,424
251,173,424
233,191,424
227,197,424
421,5,426
419,7,426
409,17,426
397,29,426
389,37,426
383,43,426
379,47,426
373,53,426
367,59,426
359,67,426
353,73,426
347,79,426
337,89,426
317,109,426
313,113,426
277,149,426
269,157,426
263,163,426
233,193,426
229,197,426
227,199,426
421,7,428
409,19,428
397,31,428
367,61,428
349,79,428
331,97,428
277,151,428
271,157,428
229,199,428
419,11,430
401,29,430
389,41,430
383,47,430
359,71,430
347,83,430
317,113,430
293,137,430
281,149,430
263,167,430
257,173,430
251,179,430
239,191,430
233,197,430
421,11,432
419,13,432
409,23,432
401,31,432
389,43,432
379,53,432
373,59,432
359,73,432
353,79,432
349,83,432
331,101,432
293,139,432
283,149,432
281,151,432
269,163,432
251,181,432
241,191,432
239,193,432
233,199,432
431,3,434
421,13,434
397,37,434
373,61,434
367,67,434
337,97,434
331,103,434
307,127,434
283,151,434
277,157,434
271,163,434
241,193,434
223,211,434
433,3,436
431,5,436
419,17,436
389,47,436
383,53,436
353,83,436
347,89,436
269,167,436
263,173,436
257,179,436
239,197,436
433,5,438
431,7,438
421,17,438
419,19,438
409,29,438
401,37,438
397,41,438
379,59,438
367,71,438
359,79,438
349,89,438
337,101,438
331,107,438
311,127,438
307,131,438
281,157,438
271,167,438
257,181,438
241,197,438
239,199,438
227,211,438
433,7,440
421,19,440
409,31,440
397,43,440
379,61,440
373,67,440
367,73,440
337,103,440
331,109,440
313,127,440
283,157,440
277,163,440
241,199,440
229,211,440
439,3,442
431,11,442
419,23,442
401,41,442
389,53,442
383,59,442
359,83,442
353,89,442
311,131,442
293,149,442
269,173,442
263,179,442
251,191,442
439,5,444
433,11,444
431,13,444
421,23,444
401,43,444
397,47,444
383,61,444
373,71,444
347,97,444
337,107,444
331,113,444
317,127,444
313,131,444
307,137,444
293,151,444
281,163,444
277,167,444
271,173,444
263,181,444
251,193,444
233,211,444
443,3,446
439,7,446
433,13,446
409,37,446
379,67,446
373,73,446
367,79,446
349,97,446
337,109,446
307,139,446
283,163,446
223,223,446
443,5,448
431,17,448
419,29,448
401,47,448
389,59,448
359,89,448
347,101,448
317,131,448
311,137,448
281,167,448
269,179,448
257,191,448
251,197,448
443,7,450
439,11,450
433,17,450
431,19,450
421,29,450
419,31,450
409,41,450
397,53,450
389,61,450
383,67,450
379,71,450
367,83,450
353,97,450
349,101,450
347,103,450
337,113,450
313,137,450
311,139,450
293,157,450
283,167,450
277,173,450
271,179,450
269,181,450
257,193,450
251,199,450
239,211,450
227,223,450
449,3,452
439,13,452
433,19,452
421,31,452
409,43,452
379,73,452
373,79,452
349,103,452
313,139,452
271,181,452
241,211,452
229,223,452
449,5,454
443,11,454
431,23,454
401,53,454
383,71,454
353,101,454
347,107,454
317,137,454
281,173,454
263,191,454
257,197,454
227,227,454
449,7,456
443,13,456
439,17,456
433,23,456
419,37,456
409,47,456
397,59,456
389,67,456
383,73,456
373,83,456
367,89,456
359,97,456
353,103,456
349,107,456
347,109,456
317,139,456
307,149,456
293,163,456
283,173,456
277,179,456
263,193,456
257,199,456
233,223,456
229,227,456
439,19,458
421,37,458
397,61,458
379,79,458
349,109,458
331,127,458
307,151,458
277,181,458
229,229,458
457,3,460
449,11,460
443,17,460
431,29,460
419,41,460
401,59,460
389,71,460
359,101,460
353,107,460
347,113,460
311,149,460
293,167,460
281,179,460
269,191,460
263,197,460
233,227,460
457,5,462
449,13,462
443,19,462
439,23,462
433,29,462
431,31,462
421,41,462
419,43,462
409,53,462
401,61,462
389,73,462
383,79,462
379,83,462
373,89,462
359,103,462
353,109,462
349,113,462
331,131,462
313,149,462
311,151,462
283,179,462
281,181,462
271,191,462
269,193,462
263,199,462
251,211,462
239,223,462
233,229,462
461,3,464
457,7,464
433,31,464
421,43,464
397,67,464
367,97,464
337,127,464
313,151,464
307,157,464
283,181,464
271,193,464
241,223,464
463,3,466
461,5,466
449,17,466
443,23,466
419,47,466
383,83,466
359,107,466
353,113,466
317,149,466
293,173,466
269,197,466
239,227,466
233,233,466
463,5,468
461,7,468
457,11,468
449,19,468
439,29,468
431,37,468
421,47,468
409,59,468
401,67,468
397,71,468
389,79,468
379,89,468
367,101,468
359,109,468
337,131,468
331,137,468
317,151,468
311,157,468
277,191,468
271,197,468
269,199,468
257,211,468
241,227,468
239,229,468
467,3,470
463,7,470
457,13,470
439,31,470
433,37,470
409,61,470
397,73,470
373,97,470
367,103,470
331,139,470
313,157,470
307,163,470
277,193,470
271,199,470
241,229,470
467,5,472
461,11,472
449,23,472
443,29,472
431,41,472
419,53,472
401,71,472
389,83,472
383,89,472
359,113,472
293,179,472
281,191,472
239,233,472
467,7,474
463,11,474
461,13,474
457,17,474
443,31,474
433,41,474
431,43,474
421,53,474
401,73,474
373,101,474
367,107,474
347,127,474
337,137,474
317,157,474
311,163,474
307,167,474
293,181,474
283,191,474
281,193,474
277,197,474
263,211,474
251,223,474
241,233,474
463,13,476
457,19,476
439,37,476
433,43,476
409,67,476
397,79,476
379,97,476
373,103,476
367,109,476
349,127,476
337,139,476
313,163,476
283,193,476
277,199,476
467,11,478
461,17,478
449,29,478
431,47,478
419,59,478
389,89,478
347,131,478
311,167,478
281,197,478
251,227,478
239,239,478
467,13,480
463,17,480
461,19,480
457,23,480
449,31,480
443,37,480
439,41,480
433,47,480
421,59,480
419,61,480
409,71,480
401,79,480
397,83,480
383,97,480
379,101,480
373,107,480
367,113,480
353,127,480
349,131,480
331,149,480
317,163,480
313,167,480
307,173,480
283,197,480
281,199,480
269,211,480
257,223,480
251,229,480
241,239,480
479,3,482
463,19,482
439,43,482
421,61,482
409,73,482
379,103,482
373,109,482
331,151,482
283,199,482
271,211,482
241,241,482
479,5,484
467,17,484
461,23,484
443,41,484
431,53,484
401,83,484
383,101,484
353,131,484
347,137,484
317,167,484
311,173,484
293,191,484
257,227,484
251,233,484
479,7,486
467,19,486
463,23,486
457,29,486
449,37,486
443,43,486
439,47,486
433,53,486
419,67,486
397,89,486
389,97,486
383,103,486
379,107,486
373,113,486
359,127,486
349,137,486
347,139,486
337,149,486
313,173,486
307,179,486
293,193,486
263,223,486
257,229,486
457,31,488
421,67,488
409,79,488
379,109,488
349,139,488
337,151,488
331,157,488
307,181,488
277,211,488
487,3,490
479,11,490
467,23,490
461,29,490
449,41,490
443,47,490
431,59,490
419,71,490
401,89,490
389,101,490
383,107,490
359,131,490
353,137,490
317,173,490
311,179,490
293,197,490
263,227,490
257,233,490
251,239,490
487,5,492
479,13,492
463,29,492
461,31,492
449,43,492
439,53,492
433,59,492
431,61,492
421,71,492
419,73,492
409,83,492
389,103,492
383,109,492
379,113,492
353,139,492
313,179,492
311,181,492
293,199,492
281,211,492
269,223,492
263,229,492
251,241,492
491,3,494
487,7,494
463,31,494
457,37,494
433,61,494
421,73,494
397,97,494
367,127,494
337,157,494
331,163,494
313,181,494
283,211,494
271,223,494
491,5,496
479,17,496
467,29,496
449,47,496
443,53,496
389,107,496
383,113,496
359,137,496
347,149,496
317,179,496
269,227,496
263,233,496
257,239,496
491,7,498
487,11,498
479,19,498
467,31,498
461,37,498
457,41,498
439,59,498
431,67,498
419,79,498
409,89,498
401,97,498
397,101,498
389,109,498
367,131,498
359,139,498
349,149,498
347,151,498
331,167,498
317,181,498
307,191,498
271,227,498
269,229,498
257,241,498
487,13,500
463,37,500
457,43,500
439,61,500
433,67,500
421,79,500
397,103,500
373,127,500
349,151,500
337,163,500
307,193,500
277,223,500
271,229,500
499,3,502
491,11,502
479,23,502
461,41,502
449,53,502
443,59,502
431,71,502
419,83,502
401,101,502
389,113,502
353,149,502
311,191,502
269,233,502
263,239,502
251,251,502
499,5,504
491,13,504
487,17,504
467,37,504
463,41,504
461,43,504
457,47,504
443,61,504
433,71,504
431,73,504
421,83,504
401,103,504
397,107,504
373,131,504
367,137,504
353,151,504
347,157,504
337,167,504
331,173,504
313,191,504
311,193,504
307,197,504
293,211,504
281,223,504
277,227,504
271,233,504
263,241,504
503,3,506
499,7,506
487,19,506
463,43,506
439,67,506
433,73,506
409,97,506
397,109,506
379,127,506
367,139,506
349,157,506
313,193,506
307,199,506
283,223,506
277,229,506
503,5,508
491,17,508
479,29,508
467,41,508
461,47,508
449,59,508
419,89,508
401,107,508
359,149,508
317,191,508
311,197,508
281,227,508
269,239,508
257,251,508
503,7,510
499,11,510
491,19,510
487,23,510
479,31,510
467,43,510
463,47,510
457,53,510
449,61,510
443,67,510
439,71,510
431,79,510
421,89,510
409,101,510
401,109,510
397,113,510
383,127,510
379,131,510
373,137,510
359,151,510
353,157,510
347,163,510
337,173,510
331,179,510
317,193,510
313,197,510
311,199,510
283,227,510
281,229,510
277,233,510
271,239,510
269,241,510
509,3,512
499,13,512
439,73,512
433,79,512
409,103,512
373,139,512
349,163,512
331,181,512
313,199,512
283,229,512
271,241,512
509,5,514
503,11,514
491,23,514
467,47,514
461,53,514
443,71,514
431,83,514
401,113,514
383,131,514
347,167,514
317,197,514
281,233,514
263,251,514
257,257,514
509,7,516
503,13,516
499,17,516
487,29,516
479,37,516
463,53,516
457,59,516
449,67,516
443,73,516
433,83,516
419,97,516
409,107,516
389,127,516
379,137,516
367,149,516
359,157,516
353,163,516
349,167,516
337,179,516
317,199,516
293,223,516
283,233,516
277,239,516
499,19,518
487,31,518
457,61,518
439,79,518
421,97,518
409,109,518
379,139,518
367,151,518
337,181,518
307,211,518
277,241,518
509,11,520
503,17,520
491,29,520
479,41,520
467,53,520
461,59,520
449,71,520
431,89,520
419,101,520
389,131,520
383,137,520
353,167,520
347,173,520
293,227,520
281,239,520
269,251,520
263,257,520
509,13,522
503,19,522
499,23,522
491,31,522
479,43,522
463,59,522
461,61,522
449,73,522
443,79,522
439,83,522
433,89,522
421,101,522
419,103,522
409,113,522
383,139,522
373,149,522
359,163,522
349,173,522
331,191,522
311,211,522
293,229,522
283,239,522
281,241,522
271,251,522
521,3,524
487,37,524
463,61,524
457,67,524
421,103,524
397,127,524
373,151,524
367,157,524
331,193,524
313,211,524
283,241,524
523,3,526
521,5,526
509,17,526
503,23,526
479,47,526
467,59,526
443,83,526
419,107,526
389,137,526
359,167,526
353,173,526
347,179,526
293,233,526
269,257,526
263,263,526
523,5,528
521,7,528
509,19,528
499,29,528
491,37,528
487,41,528
467,61,528
461,67,528
457,71,528
449,79,528
439,89,528
431,97,528
421,107,528
419,109,528
401,127,528
397,131,528
389,139,528
379,149,528
349,179,528
347,181,528
337,191,528
331,197,528
317,211,528
277,251,528
271,257,528
523,7,530
499,31,530
487,43,530
463,67,530
457,73,530
433,97,530
421,109,530
379,151,530
373,157,530
367,163,530
349,181,530
337,193,530
331,199,530
307,223,530
521,11,532
509,23,532
503,29,532
491,41,532
479,53,532
461,71,532
449,83,532
443,89,532
431,101,532
419,113,532
401,131,532
383,149,532
359,173,532
353,179,532
293,239,532
281,251,532
269,263,532
523,11,534
521,13,534
503,31,534
491,43,534
487,47,534
467,67,534
463,71,534
461,73,534
433,101,534
431,103,534
421,113,534
397,137,534
383,151,534
367,167,534
353,181,534
337,197,534
311,223,534
307,227,534
293,241,534
283,251,534
277,257,534
271,263,534
523,13,536
499,37,536
463,73,536
457,79,536
439,97,536
433,103,536
409,127,536
397,139,536
379,157,536
373,163,536
337,199,536
313,223,536
307,229,536
521,17,538
509,29,538
491,47,538
479,59,538
467,71,538
449,89,538
431,107,538
401,137,538
389,149,538
359,179,538
347,191,538
311,227,538
281,257,538
269,269,538
523,17,540
521,19,540
509,31,540
503,37,540
499,41,540
487,53,540
479,61,540
467,73,540
461,79,540
457,83,540
443,97,540
439,101,540
433,107,540
431,109,540
409,131,540
401,139,540
389,151,540
383,157,540
373,167,540
367,173,540
359,181,540
349,191,540
347,193,540
317,223,540
313,227,540
311,229,540
307,233,540
283,257,540
277,263,540
271,269,540
523,19,542
499,43,542
463,79,542
439,103,542
433,109,542
379,163,542
349,193,542
331,211,542
313,229,542
271,271,542
541,3,544
521,23,544
503,41,544
491,53,544
461,83,544
443,101,544
431,113,544
353,191,544
347,197,544
317,227,544
311,233,544
293,251,544
281,263,544
541,5,546
523,23,546
509,37,546
503,43,546
499,47,546
487,59,546
479,67,546
467,79,546
463,83,546
457,89,546
449,97,546
443,103,546
439,107,546
433,113,546
419,127,546
409,137,546
397,149,546
389,157,546
383,163,546
379,167,546
373,173,546
367,179,546
353,193,546
349,197,546
347,199,546
317,229,546
313,233,546
307,239,546
283,263,546
277,269,546
541,7,548
487,61,548
439,109,548
421,127,548
409,139,548
397,151,548
367,181,548
349,199,548
337,211,548
307,241,548
277,271,548
547,3,550
521,29,550
509,41,550
503,47,550
491,59,550
479,71,550
467,83,550
461,89,550
449,101,550
443,107,550
419,131,550
401,149,550
383,167,550
359,191,550
353,197,550
317,233,550
311,239,550
293,257,550
281,269,550
547,5,552
541,11,552
523,29,552
521,31,552
509,43,552
499,53,552
491,61,552
479,73,552
463,89,552
449,103,552
443,109,552
439,113,552
421,131,552
401,151,552
389,163,552
379,173,552
373,179,552
359,193,552
353,199,552
313,239,552
311,241,552
283,269,552
281,271,552
547,7,554
541,13,554
523,31,554
487,67,554
457,97,554
397,157,554
373,181,554
331,223,554
313,241,554
283,271,554
277,277,554
509,47,556
503,53,556
467,89,556
449,107,556
443,113,556
419,137,556
389,167,556
383,173,556
359,197,556
317,239,556
293,263,556
547,11,558
541,17,558
521,37,558
499,59,558
491,67,558
487,71,558
479,79,558
461,97,558
457,101,558
449,109,558
431,127,558
421,137,558
419,139,558
409,149,558
401,157,558
379,179,558
367,191,558
359,199,558
347,211,558
331,227,558
317,241,558
307,251,558
281,277,558
557,3,560
547,13,560
541,19,560
523,37,560
499,61,560
487,73,560
463,97,560
457,103,560
433,127,560
421,139,560
409,151,560
397,163,560
379,181,560
367,193,560
349,211,560
337,223,560
331,229,560
283,277,560
557,5,562
521,41,562
509,53,562
503,59,562
491,71,562
479,83,562
461,101,562
449,113,562
431,131,562
389,173,562
383,179,562
311,251,562
293,269,562
281,281,562
557,7,564
547,17,564
541,23,564
523,41,564
521,43,564
503,61,564
491,73,564
467,97,564
463,101,564
461,103,564
457,107,564
433,131,564
401,163,564
397,167,564
383,181,564
373,191,564
367,197,564
353,211,564
337,227,564
331,233,564
313,251,564
307,257,564
293,271,564
283,281,564
563,3,566
547,19,566
523,43,566
499,67,566
487,79,566
463,103,566
457,109,566
439,127,566
409,157,566
373,193,566
367,199,566
337,229,566
283,283,566
563,5,568
557,11,568
521,47,568
509,59,568
479,89,568
467,101,568
461,107,568
431,137,568
419,149,568
401,167,568
389,179,568
317,251,568
311,257,568
563,7,570
557,13,570
547,23,570
541,29,570
523,47,570
509,61,570
503,67,570
499,71,570
491,79,570
487,83,570
467,103,570
463,107,570
461,109,570
457,113,570
443,127,570
439,131,570
433,137,570
431,139,570
421,149,570
419,151,570
397,173,570
389,181,570
379,191,570
373,197,570
359,211,570
347,223,570
337,233,570
331,239,570
313,257,570
307,263,570
293,277,570
569,3,572
541,31,572
499,73,572
463,109,572
433,139,572
421,151,572
409,163,572
379,193,572
373,199,572
349,223,572
331,241,572
571,3,574
569,5,574
563,11,574
557,17,574
521,53,574
503,71,574
491,83,574
467,107,574
461,113,574
443,131,574
401,173,574
383,191,574
347,227,574
317,257,574
311,263,574
293,281,574
571,5,576
569,7,576
563,13,576
557,19,576
547,29,576
523,53,576
509,67,576
503,73,576
487,89,576
479,97,576
467,109,576
463,113,576
449,127,576
439,137,576
419,157,576
409,167,576
397,179,576
383,193,576
379,197,576
353,223,576
349,227,576
347,229,576
337,239,576
313,263,576
307,269,576
293,283,576
571,7,578
547,31,578
541,37,578
499,79,578
439,139,578
421,157,578
397,181,578
379,199,578
367,211,578
349,229,578
337,241,578
307,271,578
577,3,580
569,11,580
563,17,580
557,23,580
521,59,580
509,71,580
491,89,580
479,101,580
467,113,580
449,131,580
443,137,580
431,149,580
401,179,580
389,191,580
383,197,580
353,227,580
347,233,580
317,263,580
311,269,580
577,5,582
571,11,582
569,13,582
563,19,582
541,41,582
523,59,582
521,61,582
509,73,582
503,79,582
499,83,582
479,103,582
443,139,582
433,149,582
431,151,582
419,163,582
409,173,582
401,181,582
389,193,582
383,199,582
359,223,582
353,229,582
349,233,582
331,251,582
313,269,582
311,271,582
577,7,584
571,13,584
547,37,584
541,43,584
523,61,584
487,97,584
457,127,584
433,151,584
421,163,584
373,211,584
313,271,584
307,277,584
569,17,586
563,23,586
557,29,586
503,83,586
479,107,586
449,137,586
419,167,586
389,197,586
359,227,586
353,233,586
347,239,586
317,269,586
293,293,586
577,11,588
571,17,588
569,19,588
557,31,588
547,41,588
541,47,588
521,67,588
509,79,588
499,89,588
491,97,588
487,101,588
479,109,588
461,127,588
457,131,588
449,139,588
439,149,588
431,157,588
421,167,588
409,179,588
397,191,588
389,199,588
359,229,588
349,239,588
347,241,588
337,251,588
331,257,588
317,271,588
311,277,588
307,281,588
587,3,590
577,13,590
571,19,590
547,43,590
523,67,590
487,103,590
463,127,590
439,151,590
433,157,590
409,181,590
397,193,590
379,211,590
367,223,590
349,241,590
313,277,590
307,283,590
587,5,592
569,23,592
563,29,592
521,71,592
509,83,592
503,89,592
491,101,592
479,113,592
461,131,592
443,149,592
419,173,592
401,191,592
359,233,592
353,239,592
311,281,592
587,7,594
577,17,594
571,23,594
563,31,594
557,37,594
547,47,594
541,53,594
523,71,594
521,73,594
491,103,594
487,107,594
467,127,594
463,131,594
457,137,594
443,151,594
431,163,594
421,173,594
401,193,594
397,197,594
383,211,594
367,227,594
353,241,594
337,257,594
331,263,594
317,277,594
313,281,594
311,283,594
593,3,596
577,19,596
523,73,596
499,97,596
487,109,596
457,139,596
439,157,596
433,163,596
397,199,596
373,223,596
367,229,596
313,283,596
593,5,598
587,11,598
569,29,598
557,41,598
509,89,598
491,107,598
467,131,598
461,137,598
449,149,598
431,167,598
419,179,598
401,197,598
359,239,598
347,251,598
317,281,598
593,7,600
587,13,600
577,23,600
571,29,600
569,31,600
563,37,600
557,43,600
547,53,600
541,59,600
521,79,600
503,97,600
499,101,600
491,109,600
487,113,600
463,137,600
461,139,600
449,151,600
443,157,600
433,167,600
421,179,600
419,181,600
409,191,600
401,199,600
389,211,600
373,227,600
367,233,600
359,241,600
349,251,600
337,263,600
331,269,600
317,283,600
307,293,600
599,3,602
571,31,602
541,61,602
523,79,602
499,103,602
463,139,602
439,163,602
421,181,602
409,193,602
379,223,602
373,229,602
331,271,602
601,3,604
599,5,604
593,11,604
587,17,604
563,41,604
557,47,604
521,83,604
503,101,604
491,113,604
467,137,604
431,173,604
353,251,604
347,257,604
311,293,604
601,5,606
599,7,606
593,13,606
587,19,606
577,29,606
569,37,606
563,43,606
547,59,606
523,83,606
509,97,606
503,103,606
499,107,606
479,127,606
467,139,606
457,149,606
449,157,606
443,163,606
439,167,606
433,173,606
409,197,606
383,223,606
379,227,606
373,233,606
367,239,606
349,257,606
337,269,606
313,293,606
601,7,608
577,31,608
571,37,608
547,61,608
541,67,608
499,109,608
457,151,608
409,199,608
397,211,608
379,229,608
367,241,608
337,271,608
331,277,608
607,3,610
599,11,610
593,17,610
587,23,610
569,41,610
563,47,610
557,53,610
521,89,610
509,101,610
503,107,610
479,131,610
461,149,610
443,167,610
431,179,610
419,191,610
383,227,610
359,251,610
353,257,610
347,263,610
317,293,610
607,5,612
601,11,612
599,13,612
593,19,612
571,41,612
569,43,612
541,71,612
523,89,612
509,103,612
503,109,612
499,113,612
463,149,612
461,151,612
449,163,612
439,173,612
433,179,612
431,181,612
421,191,612
419,193,612
401,211,612
389,223,612
383,229,612
379,233,612
373,239,612
349,263,612
331,281,612
607,7,614
601,13,614
577,37,614
571,43,614
547,67,614
541,73,614
487,127,614
463,151,614
457,157,614
433,181,614
421,193,614
373,241,614
337,277,614
331,283,614
307,307,614
613,3,616
599,17,616
593,23,616
587,29,616
569,47,616
563,53,616
557,59,616
509,107,616
503,113,616
479,137,616
467,149,616
449,167,616
443,173,616
419,197,616
389,227,616
383,233,616
359,257,616
353,263,616
347,269,616
613,5,618
607,11,618
601,17,618
599,19,618
587,31,618
577,41,618
571,47,618
557,61,618
547,71,618
521,97,618
509,109,618
491,127,618
487,131,618
479,139,618
467,151,618
461,157,618
439,179,618
421,197,618
419,199,618
389,229,618
379,239,618
367,251,618
349,269,618
347,271,618
337,281,618
311,307,618
617,3,620
613,7,620
607,13,620
601,19,620
577,43,620
547,73,620
541,79,620
523,97,620
463,157,620
457,163,620
439,181,620
421,199,620
409,211,620
397,223,620
379,241,620
349,271,620
337,283,620
313,307,620
619,3,622
617,5,622
599,23,622
593,29,622
569,53,622
563,59,622
521,101,622
509,113,622
491,131,622
449,173,622
443,179,622
431,191,622
389,233,622
383,239,622
359,263,622
353,269,622
311,311,622
619,5,624
617,7,624
613,11,624
607,17,624
601,23,624
593,31,624
587,37,624
577,47,624
571,53,624
563,61,624
557,67,624
541,83,624
523,101,624
521,103,624
487,137,624
467,157,624
461,163,624
457,167,624
443,181,624
433,191,624
431,193,624
401,223,624
397,227,624
383,241,624
373,251,624
367,257,624
353,271,624
347,277,624
331,293,624
317,307,624
313,311,624
619,7,626
613,13,626
607,19,626
547,79,626
523,103,626
499,127,626
487,139,626
463,163,626
433,193,626
397,229,626
349,277,626
313,313,626
617,11,628
599,29,628
587,41,628
569,59,628
557,71,628
521,107,628
491,137,628
479,149,628
461,167,628
449,179,628
431,197,628
401,227,628
389,239,628
359,269,628
347,281,628
317,311,628
619,11,630
617,13,630
613,17,630
607,23,630
601,29,630
599,31,630
593,37,630
587,43,630
577,53,630
571,59,630
569,61,630
563,67,630
557,73,630
547,83,630
541,89,630
523,107,630
521,109,630
503,127,630
499,131,630
491,139,630
479,151,630
467,163,630
463,167,630
457,173,630
449,181,630
439,191,630
433,197,630
431,199,630
419,211,630
401,229,630
397,233,630
389,241,630
379,251,630
373,257,630
367,263,630
359,271,630
353,277,630
349,281,630
347,283,630
337,293,630
317,313,630
619,13,632
613,19,632
601,31,632
571,61,632
523,109,632
439,193,632
433,199,632
421,211,632
409,223,632
349,283,632
631,3,634
617,17,634
593,41,634
587,47,634
563,71,634
521,113,634
503,131,634
467,167,634
461,173,634
443,191,634
401,233,634
383,251,634
353,281,634
317,317,634
631,5,636
619,17,636
617,19,636
613,23,636
607,29,636
599,37,636
593,43,636
577,59,636
569,67,636
563,73,636
557,79,636
547,89,636
523,113,636
509,127,636
499,137,636
487,149,636
479,157,636
463,173,636
457,179,636
443,193,636
439,197,636
409,227,636
397,239,636
379,257,636
373,263,636
367,269,636
359,277,636
353,283,636
631,7,638
619,19,638
607,31,638
601,37,638
577,61,638
571,67,638
541,97,638
499,139,638
487,151,638
457,181,638
439,199,638
409,229,638
397,241,638
367,271,638
331,307,638
617,23,640
599,41,640
593,47,640
587,53,640
569,71,640
557,83,640
509,131,640
503,137,640
491,149,640
467,173,640
461,179,640
449,191,640
443,197,640
401,239,640
389,251,640
383,257,640
359,281,640
347,293,640
631,11,642
619,23,642
613,29,642
601,41,642
599,43,642
571,71,642
569,73,642
563,79,642
541,101,642
503,139,642
491,151,642
479,163,642
463,179,642
461,181,642
449,193,642
443,199,642
431,211,642
419,223,642
409,233,642
401,241,642
379,263,642
373,269,642
359,283,642
349,293,642
331,311,642
641,3,644
631,13,644
613,31,644
607,37,644
601,43,644
577,67,644
571,73,644
547,97,644
541,103,644
487,157,644
463,181,644
433,211,644
421,223,644
373,271,644
367,277,644
337,307,644
331,313,644
643,3,646
641,5,646
617,29,646
599,47,646
593,53,646
587,59,646
563,83,646
557,89,646
509,137,646
479,167,646
467,179,646
449,197,646
419,227,646
389,257,646
383,263,646
353,293,646
643,5,648
641,7,648
631,17,648
619,29,648
617,31,648
607,41,648
601,47,648
587,61,648
577,71,648
569,79,648
547,101,648
541,107,648
521,127,648
509,139,648
499,149,648
491,157,648
467,181,648
457,191,648
449,199,648
421,227,648
419,229,648
409,239,648
397,251,648
379,269,648
367,281,648
337,311,648
331,317,648
647,3,650
643,7,650
631,19,650
619,31,650
613,37,650
607,43,650
577,73,650
571,79,650
547,103,650
541,109,650
523,127,650
499,151,650
487,163,650
457,193,650
439,211,650
421,229,650
409,241,650
379,271,650
373,277,650
367,283,650
337,313,650
647,5,652
641,11,652
599,53,652
593,59,652
569,83,652
563,89,652
521,131,652
503,149,652
479,173,652
461,191,652
419,233,652
401,251,652
389,263,652
383,269,652
359,293,652
647,7,654
643,11,654
641,13,654
631,23,654
617,37,654
613,41,654
607,47,654
601,53,654
593,61,654
587,67,654
571,83,654
557,97,654
547,107,654
541,113,654
523,131,654
503,151,654
491,163,654
487,167,654
463,191,654
461,193,654
457,197,654
443,211,654
431,223,654
421,233,654
397,257,654
383,271,654
373,281,654
347,307,654
337,317,654
653,3,656
643,13,656
619,37,656
613,43,656
577,79,656
547,109,656
499,157,656
463,193,656
457,199,656
433,223,656
379,277,656
373,283,656
349,307,656
653,5,658
647,11,658
641,17,658
617,41,658
599,59,658
587,71,658
569,89,658
557,101,658
521,137,658
509,149,658
491,167,658
479,179,658
467,191,658
461,197,658
431,227,658
419,239,658
401,257,658
389,269,658
347,311,658
653,7,660
647,13,660
643,17,660
641,19,660
631,29,660
619,41,660
617,43,660
613,47,660
607,53,660
601,59,660
599,61,660
593,67,660
587,73,660
577,83,660
571,89,660
563,97,660
557,103,660
547,113,660
523,137,660
521,139,660
509,151,660
503,157,660
487,173,660
479,181,660
467,193,660
463,197,660
461,199,660
449,211,660
433,227,660
431,229,660
421,239,660
419,241,660
409,251,660
397,263,660
389,271,660
383,277,660
379,281,660
367,293,660
353,307,660
349,311,660
347,313,660
659,3,662
643,19,662
631,31,662
619,43,662
601,61,662
523,139,662
499,163,662
463,199,662
439,223,662
433,229,662
421,241,662
379,283,662
349,313,662
331,331,662
661,3,664
659,5,664
653,11,664
647,17,664
641,23,664
617,47,664
593,71,664
563,101,664
557,107,664
491,173,664
467,197,664
431,233,664
401,263,664
383,281,664
353,311,664
347,317,664
661,5,666
659,7,666
653,13,666
647,19,666
643,23,666
619,47,666
613,53,666
607,59,666
599,67,666
593,73,666
587,79,666
577,89,666
569,97,666
563,103,666
557,109,666
509,157,666
503,163,666
499,167,666
487,179,666
467,199,666
443,223,666
439,227,666
433,233,666
409,257,666
397,269,666
389,277,666
383,283,666
373,293,666
359,307,666
353,313,666
349,317,666
661,7,668
631,37,668
607,61,668
601,67,668
571,97,668
541,127,668
487,181,668
457,211,668
439,229,668
397,271,668
337,331,668
659,11,670
653,17,670
647,23,670
641,29,670
617,53,670
599,71,670
587,83,670
569,101,670
563,107,670
557,113,670
521,149,670
503,167,670
491,179,670
479,191,670
443,227,670
431,239,670
419,251,670
401,269,670
389,281,670
359,311,670
353,317,670
661,11,672
659,13,672
653,19,672
643,29,672
641,31,672
631,41,672
619,53,672
613,59,672
601,71,672
599,73,672
593,79,672
571,101,672
569,103,672
563,109,672
541,131,672
523,149,672
521,151,672
509,163,672
499,173,672
491,181,672
479,193,672
461,211,672
449,223,672
443,229,672
439,233,672
433,239,672
431,241,672
421,251,672
409,263,672
401,271,672
389,283,672
379,293,672
359,313,672
661,13,674
643,31,674
631,43,674
613,61,674
607,67,674
601,73,674
577,97,674
571,103,674
547,127,674
523,151,674
463,211,674
433,241,674
397,277,674
367,307,674
337,337,674
673,3,676
659,17,676
653,23,676
647,29,676
617,59,676
593,83,676
587,89,676
569,107,676
563,113,676
509,167,676
503,173,676
479,197,676
449,227,676
443,233,676
419,257,676
383,293,676
359,317,676
673,5,678
661,17,678
659,19,678
647,31,678
641,37,678
631,47,678
619,59,678
617,61,678
607,71,678
599,79,678
577,101,678
571,107,678
569,109,678
547,131,678
541,137,678
521,157,678
499,179,678
487,191,678
479,199,678
467,211,678
449,229,678
439,239,678
421,257,678
409,269,678
401,277,678
397,281,678
367,311,678
347,331,678
677,3,680
673,7,680
661,19,680
643,37,680
619,61,680
613,67,680
607,73,680
601,79,680
577,103,680
571,109,680
541,139,680
523,157,680
499,181,680
487,193,680
457,223,680
439,241,680
409,271,680
397,283,680
373,307,680
367,313,680
349,331,680
677,5,682
659,23,682
653,29,682
641,41,682
599,83,682
593,89,682
569,113,682
509,173,682
503,179,682
491,191,682
449,233,682
443,239,682
431,251,682
419,263,682
401,281,682
389,293,682
677,7,684
673,11,684
661,23,684
653,31,684
647,37,684
643,41,684
641,43,684
631,53,684
617,67,684
613,71,684
601,83,684
587,97,684
577,107,684
571,113,684
557,127,684
547,137,684
521,163,684
503,181,684
491,193,684
487,197,684
461,223,684
457,227,684
443,241,684
433,251,684
421,263,684
401,283,684
373,311,684
367,317,684
353,331,684
347,337,684
683,3,686
673,13,686
643,43,686
619,67,686
613,73,686
607,79,686
577,109,686
547,139,686
523,163,686
487,199,686
463,223,686
457,229,686
409,277,686
379,307,686
373,313,686
349,337,686
683,5,688
677,11,688
659,29,688
647,41,688
641,47,688
617,71,688
599,89,688
587,101,688
557,131,688
521,167,688
509,179,688
491,197,688
461,227,688
449,239,688
431,257,688
419,269,688
683,7,690
677,13,690
673,17,690
661,29,690
659,31,690
653,37,690
647,43,690
643,47,690
631,59,690
619,71,690
617,73,690
607,83,690
601,89,690
593,97,690
587,103,690
577,113,690
563,127,690
541,149,690
523,167,690
509,181,690
499,191,690
491,199,690
479,211,690
467,223,690
463,227,690
461,229,690
457,233,690
449,241,690
439,251,690
433,257,690
421,269,690
419,271,690
409,281,690
397,293,690
383,307,690
379,311,690
373,317,690
359,331,690
353,337,690
673,19,692
661,31,692
631,61,692
619,73,692
613,79,692
541,151,692
499,193,692
463,229,692
421,271,692
409,283,692
379,313,692
691,3,694
683,11,694
677,17,694
653,41,694
647,47,694
641,53,694
593,101,694
587,107,694
563,131,694
557,137,694
521,173,694
503,191,694
467,227,694
461,233,694
443,251,694
431,263,694
401,293,694
383,311,694
347,347,694
691,5,696
683,13,696
677,19,696
673,23,696
659,37,696
653,43,696
643,53,696
617,79,696
613,83,696
607,89,696
599,97,696
593,103,696
587,109,696
569,127,696
557,139,696
547,149,696
523,173,696
503,193,696
499,197,696
467,229,696
463,233,696
457,239,696
439,257,696
433,263,696
419,277,696
389,307,696
383,313,696
379,317,696
359,337,696
349,347,696
691,7,698
661,37,698
631,67,698
619,79,698
601,97,698
571,127,698
547,151,698
541,157,698
499,199,698
487,211,698
457,241,698
421,277,698
367,331,698
349,349,698
683,17,700
677,23,700
659,41,700
653,47,700
647,53,700
641,59,700
617,83,700
599,101,700
593,107,700
587,113,700
569,131,700
563,137,700
521,179,700
509,191,700
503,197,700
467,233,700
461,239,700
449,251,700
443,257,700
431,269,700
419,281,700
389,311,700
383,317,700
353,347,700
691,11,702
683,19,702
673,29,702
661,41,702
659,43,702
643,59,702
641,61,702
631,71,702
619,83,702
613,89,702
601,101,702
599,103,702
593,109,702
571,131,702
563,139,702
523,179,702
521,181,702
509,193,702
503,199,702
491,211,702
479,223,702
463,239,702
461,241,702
439,263,702
433,269,702
431,271,702
421,281,702
419,283,702
409,293,702
389,313,702
353,349,702
701,3,704
691,13,704
673,31,704
661,43,704
643,61,704
631,73,704
607,97,704
601,103,704
577,127,704
547,157,704
541,163,704
523,181,704
463,241,704
433,271,704
421,283,704
397,307,704
373,331,704
367,337,704
701,5,706
683,23,706
677,29,706
659,47,706
653,53,706
647,59,706
617,89,706
599,107,706
593,113,706
569,137,706
557,149,706
509,197,706
479,227,706
467,239,706
449,257,706
443,263,706
389,317,706
359,347,706
353,353,706
701,7,708
691,17,708
677,31,708
661,47,708
647,61,708
641,67,708
619,89,708
607,101,708
601,107,708
599,109,708
577,131,708
571,137,708
569,139,708
557,151,708
541,167,708
509,199,708
479,229,708
467,241,708
457,251,708
439,269,708
431,277,708
401,307,708
397,311,708
359,349,708
691,19,710
673,37,710
643,67,710
631,79,710
613,97,710
607,103,710
601,109,710
571,139,710
547,163,710
499,211,710
487,223,710
439,271,710
433,277,710
397,313,710
379,331,710
373,337,710
709,3,712
701,11,712
683,29,712
659,53,712
653,59,712
641,71,712
599,113,712
563,149,712
521,191,712
479,233,712
461,251,712
449,263,712
443,269,712
431,281,712
419,293,712
401,311,712
359,353,712
709,5,714
701,13,714
691,23,714
683,31,714
677,37,714
673,41,714
661,53,714
653,61,714
647,67,714
643,71,714
641,73,714
631,83,714
617,97,714
613,101,714
607,107,714
601,113,714
587,127,714
577,137,714
563,151,714
557,157,714
547,167,714
541,173,714
523,191,714
521,193,714
503,211,714
491,223,714
487,227,714
463,251,714
457,257,714
443,271,714
433,281,714
431,283,714
421,293,714
401,313,714
397,317,714
383,331,714
367,347,714
709,7,716
673,43,716
643,73,716
619,97,716
613,103,716
607,109,716
577,139,716
523,193,716
487,229,716
439,277,716
433,283,716
409,307,716
379,337,716
367,349,716
701,17,718
677,41,718
659,59,718
647,71,718
617,101,718
587,131,718
569,149,718
521,197,718
491,227,718
479,239,718
467,251,718
461,257,718
449,269,718
401,317,718
359,359,718
709,11,720
701,19,720
691,29,720
683,37,720
677,43,720
673,47,720
661,59,720
659,61,720
653,67,720
647,73,720
641,79,720
631,89,720
619,101,720
617,103,720
613,107,720
607,113,720
593,127,720
571,149,720
569,151,720
563,157,720
557,163,720
547,173,720
541,179,720
523,197,720
521,199,720
509,211,720
491,229,720
487,233,720
479,241,720
463,257,720
457,263,720
449,271,720
443,277,720
439,281,720
409,311,720
389,331,720
383,337,720
373,347,720
367,353,720
719,3,722
709,13,722
691,31,722
661,61,722
643,79,722
619,103,722
613,109,722
571,151,722
541,181,722
523,199,722
499,223,722
439,283,722
409,313,722
373,349,722
719,5,724
701,23,724
683,41,724
677,47,724
653,71,724
641,83,724
617,107,724
593,131,724
587,137,724
557,167,724
491,233,724
467,257,724
461,263,724
443,281,724
431,293,724
719,7,726
709,17,726
683,43,726
673,53,726
659,67,726
653,73,726
647,79,726
643,83,726
619,107,726
617,109,726
613,113,726
599,127,726
587,139,726
577,149,726
569,157,726
563,163,726
547,179,726
503,223,726
499,227,726
487,239,726
463,263,726
457,269,726
449,277,726
443,283,726
433,293,726
419,307,726
409,317,726
389,337,726
379,347,726
373,353,726
367,359,726
709,19,728
691,37,728
661,67,728
631,97,728
619,109,728
601,127,728
577,151,728
571,157,728
547,181,728
499,229,728
487,241,728
457,271,728
421,307,728
397,331,728
379,349,728
727,3,730
719,11,730
701,29,730
683,47,730
677,53,730
659,71,730
647,83,730
641,89,730
617,113,730
599,131,730
593,137,730
563,167,730
557,173,730
503,227,730
491,239,730
479,251,730
467,263,730
461,269,730
449,281,730
419,311,730
383,347,730
727,5,732
719,13,732
709,23,732
701,31,732
691,41,732
673,59,732
661,71,732
659,73,732
653,79,732
643,89,732
631,101,732
619,113,732
601,131,732
593,139,732
569,163,732
541,191,732
521,211,732
509,223,732
503,229,732
499,233,732
491,241,732
463,269,732
461,271,732
449,283,732
439,293,732
421,311,732
419,313,732
401,331,732
383,349,732
379,353,732
373,359,732
727,7,734
691,43,734
673,61,734
661,73,734
631,103,734
607,127,734
577,157,734
571,163,734
541,193,734
523,211,734
463,271,734
457,277,734
421,313,734
397,337,734
367,367,734
733,3,736
719,17,736
683,53,736
677,59,736
653,83,736
647,89,736
599,137,736
587,149,736
569,167,736
563,173,736
557,179,736
509,227,736
503,233,736
479,257,736
467,269,736
443,293,736
419,317,736
389,347,736
383,353,736
733,5,738
727,11,738
719,19,738
709,29,738
701,37,738
691,47,738
677,61,738
659,79,738
641,97,738
631,107,738
607,131,738
601,137,738
599,139,738
587,151,738
571,167,738
557,181,738
547,191,738
541,197,738
509,229,738
499,239,738
487,251,738
467,271,738
461,277,738
457,281,738
431,307,738
421,317,738
401,337,738
389,349,738
379,359,738
733,7,740
727,13,740
709,31,740
673,67,740
661,79,740
643,97,740
631,109,740
613,127,740
601,139,740
577,163,740
547,193,740
541,199,740
499,241,740
463,277,740
457,283,740
433,307,740
409,331,740
373,367,740
739,3,742
719,23,742
701,41,742
683,59,742
659,83,742
653,89,742
641,101,742
593,149,742
569,173,742
563,179,742
509,233,742
503,239,742
491,251,742
479,263,742
461,281,742
449,293,742
431,311,742
389,353,742
383,359,742
739,5,744
733,11,744
727,17,744
701,43,744
691,53,744
683,61,744
677,67,744
673,71,744
661,83,744
647,97,744
643,101,744
641,103,744
631,113,744
617,127,744
613,131,744
607,137,744
593,151,744
587,157,744
577,167,744
571,173,744
563,181,744
547,197,744
521,223,744
503,241,744
487,257,744
467,277,744
463,281,744
461,283,744
433,311,744
431,313,744
397,347,744
743,3,746
739,7,746
733,13,746
727,19,746
709,37,746
673,73,746
643,103,746
619,127,746
607,139,746
547,199,746
523,223,746
463,283,746
439,307,746
433,313,746
409,337,746
397,349,746
379,367,746
373,373,746
743,5,748
719,29,748
701,47,748
677,71,748
659,89,748
647,101,748
641,107,748
617,131,748
599,149,748
569,179,748
557,191,748
521,227,748
509,239,748
491,257,748
479,269,748
467,281,748
431,317,748
401,347,748
389,359,748
743,7,750
739,11,750
733,17,750
727,23,750
719,31,750
709,41,750
691,59,750
683,67,750
677,73,750
661,89,750
653,97,750
647,103,750
643,107,750
641,109,750
619,131,750
613,137,750
601,149,750
599,151,750
593,157,750
587,163,750
577,173,750
571,179,750
569,181,750
557,193,750
523,227,750
521,229,750
509,241,750
499,251,750
487,263,750
479,271,750
467,283,750
457,293,750
443,307,750
439,311,750
433,317,750
419,331,750
401,349,750
397,353,750
383,367,750
739,13,752
733,19,752
709,43,752
691,61,752
673,79,752
643,109,752
613,139,752
601,151,752
571,181,752
541,211,752
523,229,752
439,313,752
421,331,752
379,373,752
751,3,754
743,11,754
701,53,754
683,71,754
653,101,754
647,107,754
641,113,754
617,137,754
587,167,754
563,191,754
557,197,754
521,233,754
503,251,754
491,263,754
461,293,754
443,311,754
401,353,754
751,5,756
743,13,756
739,17,756
733,23,756
727,29,756
719,37,756
709,47,756
683,73,756
677,79,756
673,83,756
659,97,756
653,103,756
647,109,756
643,113,756
619,137,756
617,139,756
607,149,756
599,157,756
593,163,756
577,179,756
563,193,756
557,199,756
523,233,756
499,257,756
487,269,756
479,277,756
463,293,756
449,307,756
443,313,756
439,317,756
419,337,756
409,347,756
397,359,756
389,367,756
383,373,756
751,7,758
739,19,758
727,31,758
691,67,758
661,97,758
631,127,758
619,139,758
607,151,758
601,157,758
577,181,758
547,211,758
487,271,758
421,337,758
409,349,758
379,379,758
757,3,760
743,17,760
719,41,760
701,59,760
677,83,760
659,101,760
653,107,760
647,113,760
593,167,760
587,173,760
569,191,760
563,197,760
521,239,760
509,251,760
503,257,760
491,269,760
479,281,760
467,293,760
449,311,760
443,317,760
401,359,760
757,5,762
751,11,762
743,19,762
739,23,762
733,29,762
719,43,762
709,53,762
701,61,762
691,71,762
683,79,762
673,89,762
661,101,762
659,103,762
653,109,762
631,131,762
613,149,762
599,163,762
571,191,762
569,193,762
563,199,762
523,239,762
521,241,762
499,263,762
491,271,762
479,283,762
449,313,762
431,331,762
409,353,762
389,373,762
383,379,762
761,3,764
757,7,764
751,13,764
733,31,764
727,37,764
691,73,764
661,103,764
613,151,764
607,157,764
601,163,764
571,193,764
541,223,764
523,241,764
487,277,764
457,307,764
433,331,764
397,367,764
761,5,766
743,23,766
719,47,766
683,83,766
677,89,766
659,107,766
653,113,766
617,149,766
599,167,766
593,173,766
587,179,766
569,197,766
509,257,766
503,263,766
449,317,766
419,347,766
383,383,766
761,7,768
757,11,768
751,17,768
739,29,768
727,41,768
709,59,768
701,67,768
661,107,768
659,109,768
641,127,768
631,137,768
619,149,768
617,151,768
601,167,768
587,181,768
577,191,768
571,197,768
569,199,768
557,211,768
541,227,768
499,269,768
491,277,768
487,281,768
461,307,768
457,311,768
431,337,768
421,347,768
419,349,768
409,359,768
401,367,768
389,379,768
757,13,770
751,19,770
739,31,770
733,37,770
727,43,770
709,61,770
691,79,770
673,97,770
661,109,770
643,127,770
631,139,770
619,151,770
613,157,770
607,163,770
577,193,770
571,199,770
547,223,770
541,229,770
499,271,770
487,283,770
463,307,770
457,313,770
439,331,770
433,337,770
421,349,770
397,373,770
769,3,772
761,11,772
743,29,772
719,53,772
701,71,772
683,89,772
659,113,772
641,131,772
599,173,772
593,179,772
521,251,772
509,263,772
503,269,772
491,281,772
479,293,772
461,311,772
419,353,772
389,383,772
769,5,774
761,13,774
757,17,774
751,23,774
743,31,774
733,41,774
727,47,774
701,73,774
691,83,774
677,97,774
673,101,774
661,113,774
647,127,774
643,131,774
617,157,774
607,167,774
601,173,774
593,181,774
577,197,774
563,211,774
547,227,774
541,233,774
523,251,774
503,271,774
491,283,774
467,307,774
463,311,774
461,313,774
457,317,774
443,331,774
421,353,774
401,373,774
773,3,776
769,7,776
757,19,776
739,37,776
733,43,776
709,67,776
673,103,776
619,157,776
613,163,776
577,199,776
547,229,776
499,277,776
463,313,776
439,337,776
409,367,776
397,379,776
773,5,778
761,17,778
719,59,778
677,101,778
647,131,778
641,137,778
599,179,778
587,191,778
521,257,778
509,269,778
467,311,778
461,317,778
431,347,778
419,359,778
389,389,778
773,7,780
769,11,780
761,19,780
757,23,780
751,29,780
743,37,780
739,41,780
733,47,780
727,53,780
719,61,780
709,71,780
701,79,780
691,89,780
683,97,780
677,103,780
673,107,780
653,127,780
643,137,780
641,139,780
631,149,780
617,163,780
613,167,780
607,173,780
601,179,780
599,181,780
587,193,780
569,211,780
557,223,780
547,233,780
541,239,780
523,257,780
509,271,780
503,277,780
499,281,780
487,293,780
467,313,780
463,317,780
449,331,780
443,337,780
433,347,780
431,349,780
421,359,780
401,379,780
397,383,780
769,13,782
751,31,782
739,43,782
709,73,782
673,109,782
643,139,782
631,151,782
619,163,782
601,181,782
571,211,782
541,241,782
499,283,782
433,349,782
409,373,782
773,11,784
761,23,784
743,41,784
701,83,784
683,101,784
677,107,784
653,131,784
647,137,784
617,167,784
593,191,784
587,197,784
557,227,784
521,263,784
503,281,784
491,293,784
467,317,784
431,353,784
401,383,784
773,13,786
769,17,786
757,29,786
743,43,786
739,47,786
733,53,786
727,59,786
719,67,786
683,103,786
677,109,786
673,113,786
659,127,786
647,139,786
619,167,786
613,173,786
607,179,786
593,193,786
587,199,786
563,223,786
557,229,786
547,239,786
523,263,786
509,277,786
503,283,786
479,307,786
449,337,786
439,347,786
433,353,786
419,367,786
397,389,786
769,19,788
757,31,788
751,37,788
727,61,788
709,79,788
691,97,788
661,127,788
631,157,788
607,181,788
577,211,788
547,241,788
457,331,788
439,349,788
421,367,788
409,379,788
787,3,790
773,17,790
761,29,790
743,47,790
719,71,790
701,89,790
683,107,790
677,113,790
659,131,790
653,137,790
641,149,790
617,173,790
599,191,790
593,197,790
563,227,790
557,233,790
521,269,790
509,281,790
479,311,790
443,347,790
431,359,790
401,389,790
787,5,792
773,19,792
769,23,792
761,31,792
751,41,792
739,53,792
733,59,792
719,73,792
709,83,792
691,101,792
683,109,792
661,131,792
653,139,792
643,149,792
641,151,792
619,173,792
613,179,792
601,191,792
599,193,792
593,199,792
569,223,792
563,229,792
541,251,792
523,269,792
521,271,792
509,283,792
499,293,792
479,313,792
461,331,792
443,349,792
439,353,792
433,359,792
419,373,792
409,383,792
787,7,794
757,37,794
751,43,794
733,61,794
727,67,794
691,103,794
643,151,794
631,163,794
613,181,794
601,193,794
571,223,794
523,271,794
487,307,794
463,331,794
457,337,794
421,373,794
397,397,794
773,23,796
743,53,796
683,113,796
659,137,796
647,149,796
617,179,796
599,197,796
569,227,796
563,233,796
557,239,796
503,293,796
479,317,796
449,347,796
443,353,796
787,11,798
769,29,798
761,37,798
757,41,798
751,47,798
739,59,798
727,71,798
719,79,798
709,89,798
701,97,798
691,107,798
661,137,798
659,139,798
647,151,798
641,157,798
631,167,798
619,179,798
617,181,798
607,191,798
601,197,798
599,199,798
587,211,798
571,227,798
569,229,798
557,241,798
547,251,798
541,257,798
521,277,798
491,307,798
487,311,798
467,331,798
461,337,798
449,349,798
439,359,798
431,367,798
419,379,798
409,389,798
401,397,798
797,3,800
787,13,800
769,31,800
757,43,800
739,61,800
733,67,800
727,73,800
691,109,800
673,127,800
661,139,800
643,157,800
619,181,800
607,193,800
601,199,800
577,223,800
571,229,800
523,277,800
487,313,800
463,337,800
433,367,800
421,379,800
797,5,802
773,29,802
761,41,802
743,59,802
719,83,802
701,101,802
653,149,802
569,233,802
563,239,802
521,281,802
509,293,802
491,311,802
449,353,802
443,359,802
419,383,802
401,401,802
797,7,804
787,17,804
773,31,804
761,43,804
757,47,804
751,53,804
743,61,804
733,71,804
701,103,804
691,113,804
677,127,804
673,131,804
653,151,804
647,157,804
641,163,804
631,173,804
613,191,804
607,197,804
593,211,804
577,227,804
571,233,804
563,241,804
547,257,804
541,263,804
523,281,804
521,283,804
491,313,804
487,317,804
467,337,804
457,347,804
431,373,804
421,383,804
787,19,806
769,37,806
739,67,806
733,73,806
727,79,806
709,97,806
643,163,806
613,193,806
607,199,806
577,229,806
523,283,806
499,307,806
457,349,806
439,367,806
433,373,806
409,397,806
797,11,808
761,47,808
719,89,808
701,107,808
677,131,808
659,149,808
641,167,808
617,191,808
569,239,808
557,251,808
491,317,808
461,347,808
449,359,808
419,389,808
797,13,810
787,23,810
773,37,810
769,41,810
757,53,810
751,59,810
743,67,810
739,71,810
727,83,810
709,101,810
701,109,810
683,127,810
673,137,810
661,149,810
659,151,810
653,157,810
647,163,810
643,167,810
631,179,810
619,191,810
617,193,810
613,197,810
599,211,810
587,223,810
577,233,810
571,239,810
569,241,810
547,263,810
541,269,810
503,307,810
499,311,810
479,331,810
463,347,810
461,349,810
457,353,810
443,367,810
431,379,810
421,389,810
409,401,810
809,3,812
769,43,812
751,61,812
739,73,812
733,79,812
709,103,812
673,139,812
661,151,812
631,181,812
619,193,812
613,199,812
601,211,812
571,241,812
541,271,812
499,313,812
463,349,812
439,373,812
433,379,812
811,3,814
809,5,814
797,17,814
773,41,814
761,53,814
743,71,814
701,113,814
683,131,814
677,137,814
647,167,814
641,173,814
617,197,814
587,227,814
563,251,814
557,257,814
521,293,814
503,311,814
467,347,814
461,353,814
431,383,814
811,5,816
809,7,816
797,19,816
787,29,816
773,43,816
769,47,816
757,59,816
743,73,816
733,83,816
727,89,816
719,97,816
709,107,816
677,139,816
659,157,816
653,163,816
643,173,816
619,197,816
617,199,816
593,223,816
587,229,816
577,239,816
547,269,816
523,293,816
509,307,816
503,313,816
499,317,816
479,337,816
467,349,816
463,353,816
457,359,816
449,367,816
443,373,816
433,383,816
419,397,816
811,7,818
787,31,818
757,61,818
751,67,818
739,79,818
709,109,818
691,127,818
661,157,818
619,199,818
607,211,818
577,241,818
547,271,818
541,277,818
487,331,818
439,379,818
421,397,818
409,409,818
809,11,820
797,23,820
773,47,820
761,59,820
719,101,820
683,137,820
653,167,820
647,173,820
641,179,820
593,227,820
587,233,820
569,251,820
563,257,820
557,263,820
509,311,820
503,317,820
467,353,820
461,359,820
431,389,820
419,401,820
811,11,822
809,13,822
769,53,822
761,61,822
751,71,822
743,79,822
739,83,822
733,89,822
719,103,822
709,113,822
691,131,822
683,139,822
673,149,822
659,163,822
643,179,822
641,181,822
631,191,822
599,223,822
593,229,822
571,251,822
541,281,822
509,313,822
491,331,822
463,359,822
449,373,822
443,379,822
439,383,822
433,389,822
421,401,822
821,3,824
811,13,824
787,37,824
757,67,824
751,73,824
727,97,824
673,151,824
661,163,824
643,181,824
631,193,824
613,211,824
601,223,824
547,277,824
541,283,824
487,337,824
457,367,824
823,3,826
821,5,826
809,17,826
797,29,826
773,53,826
743,83,826
719,107,826
677,149,826
659,167,826
653,173,826
647,179,826
599,227,826
593,233,826
587,239,826
569,257,826
563,263,826
557,269,826
509,317,826
479,347,826
467,359,826
443,383,826
823,5,828
821,7,828
811,17,828
809,19,828
797,31,828
787,41,828
769,59,828
761,67,828
757,71,828
739,89,828
727,101,828
719,109,828
701,127,828
691,137,828
677,151,828
661,167,828
647,181,828
631,197,828
617,211,828
601,227,828
599,229,828
587,241,828
577,251,828
571,257,828
557,271,828
547,281,828
521,307,828
491,337,828
479,349,828
461,367,828
449,379,828
439,389,828
431,397,828
419,409,828
827,3,830
823,7,830
811,19,830
787,43,830
769,61,830
757,73,830
751,79,830
733,97,830
727,103,830
691,139,830
673,157,830
631,199,830
619,211,830
607,223,830
601,229,830
547,283,830
523,307,830
499,331,830
463,367,830
457,373,830
433,397,830
421,409,830
829,3,832
827,5,832
821,11,832
809,23,832
773,59,832
761,71,832
743,89,832
719,113,832
701,131,832
683,149,832
659,173,832
653,179,832
641,191,832
599,233,832
593,239,832
569,263,832
563,269,832
521,311,832
479,353,832
449,383,832
443,389,832
431,401,832
829,5,834
827,7,834
823,11,834
821,13,834
811,23,834
797,37,834
787,47,834
773,61,834
761,73,834
751,83,834
733,101,834
727,107,834
683,151,834
677,157,834
661,173,834
653,181,834
643,191,834
641,193,834
607,227,834
601,233,834
593,241,834
577,257,834
571,263,834
563,271,834
557,277,834
541,293,834
523,311,834
521,313,834
503,331,834
487,347,834
467,367,834
461,373,834
433,401,834
829,7,836
823,13,836
769,67,836
757,79,836
739,97,836
733,103,836
727,109,836
709,127,836
673,163,836
643,193,836
613,223,836
607,229,836
523,313,836
499,337,836
487,349,836
463,373,836
457,379,836
439,397,836
827,11,838
821,17,838
809,29,838
797,41,838
701,137,838
659,179,838
647,191,838
641,197,838
599,239,838
587,251,838
569,269,838
557,281,838
521,317,838
491,347,838
479,359,838
449,389,838
419,419,838
829,11,840
827,13,840
823,17,840
821,19,840
811,29,840
809,31,840
797,43,840
787,53,840
773,67,840
769,71,840
761,79,840
757,83,840
751,89,840
743,97,840
739,101,840
733,107,840
727,113,840
709,131,840
701,139,840
691,149,840
683,157,840
677,163,840
673,167,840
661,179,840
659,181,840
647,193,840
643,197,840
641,199,840
617,223,840
613,227,840
607,233,840
601,239,840
599,241,840
577,263,840
571,269,840
569,271,840
563,277,840
557,283,840
547,293,840
523,317,840
509,331,840
503,337,840
491,349,840
487,353,840
467,373,840
461,379,840
457,383,840
443,397,840
439,401,840
431,409,840
421,419,840
839,3,842
829,13,842
823,19,842
811,31,842
769,73,842
739,103,842
733,109,842
691,151,842
661,181,842
643,199,842
631,211,842
619,223,842
613,229,842
601,241,842
571,271,842
463,379,842
433,409,842
421,421,842
839,5,844
827,17,844
821,23,844
797,47,844
773,71,844
761,83,844
743,101,844
677,167,844
653,191,844
647,197,844
617,227,844
593,251,844
587,257,844
563,281,844
491,353,844
461,383,844
443,401,844
839,7,846
829,17,846
827,19,846
823,23,846
809,37,846
787,59,846
773,73,846
757,89,846
743,103,846
739,107,846
733,113,846
719,127,846
709,137,846
683,163,846
673,173,846
653,193,846
647,199,846
619,227,846
617,229,846
613,233,846
607,239,846
577,269,846
569,277,846
563,283,846
509,337,846
499,347,846
487,359,846
479,367,846
467,379,846
463,383,846
457,389,846
449,397,846
829,19,848
811,37,848
787,61,848
769,79,848
751,97,848
739,109,848
709,139,848
691,157,848
619,229,848
607,241,848
577,271,848
571,277,848
541,307,848
499,349,848
439,409,848
839,11,850
827,23,850
821,29,850
809,41,850
797,53,850
761,89,850
743,107,850
719,131,850
701,149,850
683,167,850
677,173,850
659,191,850
653,197,850
617,233,850
599,251,850
593,257,850
587,263,850
569,281,850
557,293,850
503,347,850
491,359,850
467,383,850
461,389,850
449,401,850
431,419,850
839,13,852
829,23,852
823,29,852
821,31,852
811,41,852
809,43,852
773,79,852
769,83,852
751,101,852
743,109,852
739,113,852
701,151,852
673,179,852
661,191,852
659,193,852
653,199,852
641,211,852
619,233,852
613,239,852
601,251,852
571,281,852
569,283,852
541,311,852
521,331,852
503,349,852
499,353,852
479,373,852
463,389,852
443,409,852
433,419,852
431,421,852
823,31,854
811,43,854
787,67,854
757,97,854
751,103,854
727,127,854
691,163,854
673,181,854
661,193,854
643,211,854
631,223,854
613,241,854
577,277,854
571,283,854
547,307,854
541,313,854
523,331,854
487,367,854
457,397,854
433,421,854
853,3,856
839,17,856
827,29,856
809,47,856
797,59,856
773,83,856
743,113,856
719,137,856
683,173,856
677,179,856
659,197,856
617,239,856
599,257,856
593,263,856
587,269,856
563,293,856
509,347,856
503,353,856
467,389,856
853,5,858
839,19,858
829,29,858
827,31,858
821,37,858
811,47,858
797,61,858
787,71,858
769,89,858
761,97,858
757,101,858
751,107,858
727,131,858
719,139,858
709,149,858
701,157,858
691,167,858
677,181,858
661,197,858
659,199,858
647,211,858
631,227,858
619,239,858
617,241,858
607,251,858
601,257,858
587,271,858
577,281,858
547,311,858
541,317,858
521,337,858
509,349,858
499,359,858
491,367,858
479,379,858
461,397,858
457,401,858
449,409,858
439,419,858
857,3,860
853,7,860
829,31,860
823,37,860
787,73,860
757,103,860
751,109,860
733,127,860
709,151,860
661,199,860
631,229,860
619,241,860
577,283,860
547,313,860
523,337,860
487,373,860
463,397,860
439,421,860
859,3,862
857,5,862
839,23,862
821,41,862
809,53,862
773,89,862
761,101,862
683,179,862
599,263,862
593,269,862
569,293,862
509,353,862
503,359,862
479,383,862
461,401,862
443,419,862
431,431,862
859,5,864
857,7,864
853,11,864
827,37,864
823,41,864
821,43,864
811,53,864
797,67,864
761,103,864
757,107,864
751,113,864
733,131,864
727,137,864
701,163,864
691,173,864
683,181,864
673,191,864
653,211,864
641,223,864
631,233,864
613,251,864
607,257,864
601,263,864
593,271,864
587,277,864
571,293,864
557,307,864
547,317,864
491,373,864
467,397,864
463,401,864
443,421,864
433,431,864
863,3,866
859,7,866
853,13,866
829,37,866
823,43,866
787,79,866
769,97,866
757,109,866
739,127,866
727,139,866
709,157,866
673,193,866
643,223,866
499,367,866
487,379,866
457,409,866
433,433,866
863,5,868
857,11,868
839,29,868
827,41,868
821,47,868
809,59,868
797,71,868
761,107,868
719,149,868
701,167,868
677,191,868
641,227,868
617,251,868
599,269,868
587,281,868
557,311,868
521,347,868
509,359,868
479,389,868
467,401,868
449,419,868
863,7,870
859,11,870
857,13,870
853,17,870
839,31,870
829,41,870
827,43,870
823,47,870
811,59,870
809,61,870
797,73,870
787,83,870
773,97,870
769,101,870
761,109,870
757,113,870
743,127,870
739,131,870
733,137,870
719,151,870
691,179,870
677,193,870
673,197,870
659,211,870
647,223,870
643,227,870
641,229,870
631,239,870
619,251,870
613,257,870
607,263,870
601,269,870
599,271,870
593,277,870
587,283,870
577,293,870
563,307,870
557,313,870
523,347,870
521,349,870
503,367,870
491,379,870
487,383,870
461,409,870
449,421,870
439,431,870
859,13,872
853,19,872
829,43,872
811,61,872
769,103,872
733,139,872
709,163,872
691,181,872
673,199,872
661,211,872
643,229,872
631,241,872
601,271,872
541,331,872
523,349,872
499,373,872
463,409,872
439,433,872
863,11,874
857,17,874
827,47,874
821,53,874
773,101,874
761,113,874
743,131,874
701,173,874
683,191,874
677,197,874
647,227,874
641,233,874
617,257,874
593,281,874
563,311,874
557,317,874
521,353,874
491,383,874
443,431,874
863,13,876
859,17,876
857,19,876
853,23,876
839,37,876
829,47,876
823,53,876
809,67,876
797,79,876
787,89,876
773,103,876
769,107,876
739,137,876
727,149,876
719,157,876
709,167,876
683,193,876
677,199,876
653,223,876
647,229,876
643,233,876
619,257,876
613,263,876
607,269,876
599,277,876
593,283,876
569,307,876
563,313,876
523,353,876
509,367,876
503,373,876
487,389,876
479,397,876
467,409,876
457,419,876
443,433,876
859,19,878
811,67,878
769,109,878
751,127,878
739,139,878
727,151,878
607,271,878
601,277,878
571,307,878
547,331,878
541,337,878
499,379,878
457,421,878
439,439,878
877,3,880
863,17,880
857,23,880
839,41,880
827,53,880
821,59,880
809,71,880
797,83,880
773,107,880
743,137,880
701,179,880
683,197,880
653,227,880
647,233,880
641,239,880
617,263,880
599,281,880
587,293,880
569,311,880
563,317,880
521,359,880
491,389,880
479,401,880
461,419,880
449,431,880
877,5,882
863,19,882
859,23,882
853,29,882
839,43,882
829,53,882
823,59,882
821,61,882
811,71,882
809,73,882
773,109,882
769,113,882
751,131,882
743,139,882
733,149,882
719,163,882
709,173,882
701,181,882
691,191,882
683,199,882
659,223,882
653,229,882
643,239,882
641,241,882
631,251,882
619,263,882
613,269,882
601,281,882
599,283,882
571,311,882
569,313,882
523,359,882
509,373,882
503,379,882
499,383,882
463,419,882
461,421,882
449,433,882
443,439,882
881,3,884
877,7,884
853,31,884
823,61,884
811,73,884
787,97,884
757,127,884
733,151,884
727,157,884
691,193,884
673,211,884
661,223,884
643,241,884
613,271,884
607,277,884
601,283,884
577,307,884
571,313,884
547,337,884
487,397,884
463,421,884
883,3,886
881,5,886
863,23,886
857,29,886
839,47,886
827,59,886
797,89,886
773,113,886
719,167,886
659,227,886
653,233,886
647,239,886
617,269,886
593,293,886
569,317,886
503,383,886
467,419,886
443,443,886
883,5,888
881,7,888
877,11,888
859,29,888
857,31,888
829,59,888
827,61,888
821,67,888
809,79,888
787,101,888
761,127,888
757,131,888
751,137,888
739,149,888
709,179,888
691,197,888
677,211,888
661,227,888
659,229,888
647,241,888
631,257,888
619,269,888
617,271,888
607,281,888
577,311,888
571,317,888
557,331,888
541,347,888
521,367,888
509,379,888
499,389,888
491,397,888
487,401,888
479,409,888
467,421,888
457,431,888
449,439,888
887,3,890
883,7,890
877,13,890
859,31,890
853,37,890
829,61,890
823,67,890
811,79,890
787,103,890
751,139,890
739,151,890
733,157,890
727,163,890
709,181,890
691,199,890
661,229,890
619,271,890
613,277,890
607,283,890
577,313,890
541,349,890
523,367,890
457,433,890
887,5,892
881,11,892
863,29,892
839,53,892
821,71,892
809,83,892
761,131,892
743,149,892
719,173,892
701,191,892
659,233,892
653,239,892
641,251,892
599,293,892
509,383,892
503,389,892
491,401,892
461,431,892
449,443,892
887,7,894
883,11,894
881,13,894
877,17,894
863,31,894
857,37,894
853,41,894
827,67,894
823,71,894
821,73,894
811,83,894
797,97,894
787,107,894
757,137,894
743,151,894
727,167,894
701,193,894
683,211,894
661,233,894
653,241,894
643,251,894
631,263,894
617,277,894
613,281,894
601,293,894
587,307,894
577,317,894
563,331,894
557,337,894
547,347,894
541,353,894
521,373,894
463,431,894
461,433,894
883,13,896
877,19,896
859,37,896
853,43,896
829,67,896
823,73,896
787,109,896
769,127,896
757,139,896
739,157,896
733,163,896
673,223,896
619,277,896
613,283,896
547,349,896
523,373,896
499,397,896
487,409,896
463,433,896
457,439,896
887,11,898
881,17,898
857,41,898
839,59,898
827,71,898
809,89,898
797,101,898
761,137,898
719,179,898
701,197,898
659,239,898
647,251,898
641,257,898
617,281,898
587,311,898
509,389,898
479,419,898
467,431,898
449,449,898
887,13,900
883,17,900
881,19,900
877,23,900
863,37,900
859,41,900
857,43,900
853,47,900
839,61,900
829,71,900
827,73,900
821,79,900
811,89,900
797,103,900
787,113,900
773,127,900
769,131,900
761,139,900
751,149,900
743,157,900
733,167,900
727,173,900
719,181,900
709,191,900
701,199,900
677,223,900
673,227,900
661,239,900
659,241,900
643,257,900
631,269,900
619,281,900
617,283,900
607,293,900
593,307,900
587,313,900
569,331,900
563,337,900
547,353,900
541,359,900
521,379,900
503,397,900
499,401,900
491,409,900
479,421,900
467,433,900
461,439,900
457,443,900
883,19,902
859,43,902
829,73,902
823,79,902
751,151,902
739,163,902
709,193,902
691,211,902
673,229,902
661,241,902
631,271,902
619,283,902
571,331,902
523,379,902
463,439,902
887,17,904
881,23,904
863,41,904
857,47,904
821,83,904
797,107,904
773,131,904
677,227,904
653,251,904
647,257,904
641,263,904
593,311,904
587,317,904
557,347,904
521,383,904
503,401,904
461,443,904
887,19,906
883,23,906
877,29,906
863,43,906
859,47,906
853,53,906
839,67,906
827,79,906
823,83,906
809,97,906
797,109,906
769,137,906
757,149,906
743,163,906
739,167,906
733,173,906
727,179,906
709,197,906
683,223,906
677,229,906
673,233,906
643,263,906
613,293,906
599,307,906
593,313,906
569,337,906
557,349,906
547,359,906
523,383,906
509,397,906
487,419,906
467,439,906
463,443,906
457,449,906
877,31,908
829,79,908
811,97,908
769,139,908
757,151,908
751,157,908
727,181,908
709,199,908
631,277,908
601,307,908
577,331,908
571,337,908
541,367,908
499,409,908
487,421,908
907,3,910
887,23,910
881,29,910
863,47,910
857,53,910
839,71,910
827,83,910
821,89,910
809,101,910
797,113,910
773,137,910
761,149,910
743,167,910
719,191,910
683,227,910
677,233,910
659,251,910
653,257,910
647,263,910
641,269,910
617,293,910
599,311,910
593,317,910
563,347,910
557,353,910
521,389,910
509,401,910
491,419,910
479,431,910
467,443,910
461,449,910
907,5,912
883,29,912
881,31,912
859,53,912
853,59,912
839,73,912
829,83,912
823,89,912
811,101,912
809,103,912
773,139,912
761,151,912
739,173,912
733,179,912
719,193,912
701,211,912
683,229,912
673,239,912
661,251,912
643,269,912
641,271,912
631,281,912
619,293,912
601,311,912
599,313,912
563,349,912
523,389,912
503,409,912
491,421,912
479,433,912
463,449,912
911,3,914
907,7,914
883,31,914
877,37,914
853,61,914
811,103,914
787,127,914
757,157,914
751,163,914
733,181,914
691,223,914
673,241,914
643,271,914
631,283,914
607,307,914
601,313,914
577,337,914
547,367,914
541,373,914
457,457,914
911,5,916
887,29,916
863,53,916
857,59,916
827,89,916
809,107,916
743,173,916
719,197,916
683,233,916
677,239,916
659,257,916
653,263,916
647,269,916
599,317,916
569,347,916
563,353,916
557,359,916
467,449,916
911,7,918
907,11,918
887,31,918
881,37,918
877,41,918
859,59,918
857,61,918
839,79,918
829,89,918
821,97,918
811,107,918
809,109,918
787,131,918
769,149,918
761,157,918
751,167,918
739,179,918
727,191,918
719,199,918
691,227,918
677,241,918
661,257,918
647,271,918
641,277,918
607,311,918
601,317,918
587,331,918
571,347,918
569,349,918
521,397,918
509,409,918
499,419,918
487,431,918
479,439,918
461,457,918
907,13,920
883,37,920
877,43,920
859,61,920
853,67,920
823,97,920
811,109,920
769,151,920
757,163,920
739,181,920
727,193,920
709,211,920
691,229,920
643,277,920
613,307,920
607,313,920
571,349,920
547,373,920
541,379,920
523,397,920
499,421,920
487,433,920
463,457,920
919,3,922
911,11,922
881,41,922
863,59,922
839,83,922
821,101,922
809,113,922
773,149,922
743,179,922
683,239,922
659,263,922
653,269,922
641,281,922
569,353,922
563,359,922
521,401,922
503,419,922
491,431,922
479,443,922
461,461,922
919,5,924
911,13,924
907,17,924
887,37,924
883,41,924
881,43,924
877,47,924
863,61,924
857,67,924
853,71,924
827,97,924
823,101,924
821,103,924
811,113,924
797,127,924
787,137,924
773,151,924
761,163,924
757,167,924
751,173,924
743,181,924
733,191,924
727,197,924
701,223,924
691,233,924
683,241,924
673,251,924
661,263,924
653,271,924
647,277,924
643,281,924
641,283,924
631,293,924
617,307,924
613,311,924
607,317,924
593,331,924
587,337,924
577,347,924
571,353,924
557,367,924
541,383,924
523,401,924
503,421,924
491,433,924
467,457,924
463,461,924
919,7,926
907,19,926
883,43,926
859,67,926
853,73,926
829,97,926
823,103,926
787,139,926
769,157,926
733,193,926
727,199,926
643,283,926
619,307,926
613,313,926
577,349,926
547,379,926
487,439,926
463,463,926
911,17,928
887,41,928
881,47,928
857,71,928
839,89,928
827,101,928
821,107,928
797,131,928
761,167,928
701,227,928
677,251,928
659,269,928
647,281,928
617,311,928
569,359,928
509,419,928
479,449,928
467,461,928
919,11,930
911,19,930
907,23,930
887,43,930
883,47,930
877,53,930
863,67,930
859,71,930
857,73,930
829,101,930
827,103,930
823,107,930
821,109,930
773,157,930
757,173,930
751,179,930
739,191,930
733,197,930
719,211,930
701,229,930
691,239,930
673,257,930
661,269,930
659,271,930
653,277,930
647,283,930
619,311,930
617,313,930
613,317,930
599,331,930
593,337,930
577,353,930
571,359,930
563,367,930
557,373,930
547,383,930
541,389,930
521,409,930
509,421,930
499,431,930
491,439,930
487,443,930
467,463,930
929,3,932
919,13,932
859,73,932
853,79,932
829,103,932
823,109,932
769,163,932
751,181,932
739,193,932
733,199,932
709,223,932
691,241,932
661,271,932
619,313,932
601,331,932
523,409,932
499,433,932
929,5,934
911,23,934
887,47,934
881,53,934
863,71,934
827,107,934
821,113,934
797,137,934
761,173,934
743,191,934
701,233,934
683,251,934
677,257,934
653,281,934
641,293,934
617,317,934
587,347,934
503,431,934
491,443,934
467,467,934
929,7,936
919,17,936
907,29,936
883,53,936
877,59,936
863,73,936
857,79,936
853,83,936
839,97,936
829,107,936
827,109,936
823,113,936
809,127,936
797,139,936
787,149,936
773,163,936
769,167,936
757,179,936
743,193,936
739,197,936
709,227,936
673,263,936
659,277,936
653,283,936
643,293,936
619,317,936
599,337,936
587,349,936
577,359,936
569,367,936
563,373,936
557,379,936
547,389,936
503,433,936
487,449,936
479,457,936
919,19,938
907,31,938
877,61,938
859,79,938
829,109,938
811,127,938
787,151,938
757,181,938
739,199,938
727,211,938
709,229,938
661,277,938
631,307,938
607,331,938
601,337,938
571,367,938
541,397,938
499,439,938
937,3,940
929,11,940
911,29,940
887,53,940
881,59,940
857,83,940
839,101,940
827,113,940
809,131,940
773,167,940
761,179,940
743,197,940
701,239,940
683,257,940
677,263,940
659,281,940
647,293,940
593,347,940
587,353,940
557,383,940
521,419,940
509,431,940
491,449,940
479,461,940
937,5,942
929,13,942
919,23,942
911,31,942
883,59,942
881,61,942
863,79,942
859,83,942
853,89,942
839,103,942
829,113,942
811,131,942
769,173,942
761,181,942
751,191,942
743,199,942
719,223,942
709,233,942
701,241,942
691,251,942
673,269,942
661,281,942
659,283,942
631,311,942
593,349,942
569,373,942
563,379,942
541,401,942
523,419,942
521,421,942
509,433,942
503,439,942
499,443,942
479,463,942
941,3,944
937,7,944
907,37,944
883,61,944
877,67,944
787,157,944
751,193,944
733,211,944
673,271,944
661,283,944
631,313,944
613,331,944
607,337,944
577,367,944
571,373,944
547,397,944
523,421,944
487,457,944
941,5,946
929,17,946
887,59,946
863,83,946
857,89,946
839,107,946
809,137,946
797,149,946
773,173,946
719,227,946
683,263,946
677,269,946
653,293,946
599,347,946
593,353,946
587,359,946
563,383,946
557,389,946
503,443,946
479,467,946
941,7,948
937,11,948
929,19,948
919,29,948
911,37,948
907,41,948
887,61,948
881,67,948
877,71,948
859,89,948
839,109,948
821,127,948
811,137,948
809,139,948
797,151,948
769,179,948
757,191,948
751,197,948
719,229,948
709,239,948
691,257,948
677,271,948
641,307,948
631,317,948
617,331,948
601,347,948
599,349,948
569,379,948
547,401,948
509,439,948
499,449,948
491,457,948
487,461,948
947,3,950
937,13,950
919,31,950
907,43,950
883,67,950
877,73,950
853,97,950
823,127,950
811,139,950
787,163,950
769,181,950
757,193,950
751,199,950
739,211,950
727,223,950
709,241,950
673,277,950
643,307,950
619,331,950
613,337,950
601,349,950
577,373,950
571,379,950
541,409,950
487,463,950
947,5,952
941,11,952
929,23,952
911,41,952
881,71,952
863,89,952
839,113,952
821,131,952
773,179,952
761,191,952
719,233,952
701,251,952
683,269,952
659,293,952
641,311,952
599,353,952
593,359,952
569,383,952
563,389,952
521,431,952
509,443,952
503,449,952
491,461,952
947,7,954
941,13,954
937,17,954
911,43,954
907,47,954
887,67,954
883,71,954
881,73,954
857,97,954
853,101,954
827,127,954
823,131,954
797,157,954
787,167,954
773,181,954
761,193,954
757,197,954
743,211,954
727,227,954
691,263,954
683,271,954
677,277,954
673,281,954
661,293,954
647,307,954
643,311,954
641,313,954
617,337,954
607,347,954
601,353,954
587,367,954
571,383,954
557,397,954
523,431,954
521,433,954
491,463,954
487,467,954
953,3,956
937,19,956
919,37,956
883,73,956
877,79,956
859,97,956
853,103,956
829,127,956
757,199,956
733,223,956
727,229,956
673,283,956
643,313,956
619,337,956
607,349,956
577,379,956
547,409,956
523,433,956
499,457,956
953,5,958
947,11,958
941,17,958
929,29,958
911,47,958
887,71,958
857,101,958
827,131,958
821,137,958
809,149,958
761,197,958
719,239,958
701,257,958
677,281,958
647,311,958
641,317,958
599,359,958
569,389,958
557,401,958
509,449,958
491,467,958
479,479,958
953,7,960
947,13,960
941,19,960
937,23,960
929,31,960
919,41,960
907,53,960
887,73,960
881,79,960
877,83,960
863,97,960
859,101,960
857,103,960
853,107,960
829,131,960
823,137,960
821,139,960
811,149,960
809,151,960
797,163,960
787,173,960
769,191,960
761,199,960
733,227,960
727,233,960
719,241,960
709,251,960
691,269,960
683,277,960
677,283,960
653,307,960
647,313,960
643,317,960
613,347,960
607,353,960
601,359,960
593,367,960
587,373,960
577,383,960
571,389,960
563,397,960
541,419,960
521,439,960
503,457,960
499,461,960
919,43,962
883,79,962
859,103,962
853,109,962
823,139,962
811,151,962
769,193,962
751,211,962
739,223,962
733,229,962
691,271,962
631,331,962
613,349,962
541,421,962
523,439,962
499,463,962
953,11,964
947,17,964
941,23,964
911,53,964
881,83,964
863,101,964
857,107,964
827,137,964
797,167,964
773,191,964
701,263,964
683,281,964
653,311,964
647,317,964
617,347,964
563,401,964
521,443,964
503,461,964
953,13,966
947,19,966
937,29,966
929,37,966
919,47,966
907,59,966
887,79,966
883,83,966
877,89,966
863,103,966
859,107,966
857,109,966
853,113,966
839,127,966
829,137,966
827,139,966
809,157,966
787,179,966
773,193,966
769,197,966
743,223,966
739,227,966
733,233,966
727,239,966
709,257,966
683,283,966
673,293,966
659,307,966
653,313,966
619,347,966
617,349,966
613,353,966
607,359,966
599,367,966
593,373,966
587,379,966
577,389,966
569,397,966
557,409,966
547,419,966
523,443,966
509,457,966
503,463,966
499,467,966
487,479,966
937,31,968
907,61,968
859,109,968
829,139,968
811,157,968
787,181,968
769,199,968
757,211,968
739,229,968
727,241,968
691,277,968
661,307,968
631,337,968
619,349,968
601,367,968
571,397,968
547,421,968
967,3,970
953,17,970
947,23,970
941,29,970
929,41,970
911,59,970
887,83,970
881,89,970
863,107,970
857,113,970
839,131,970
821,149,970
797,173,970
773,197,970
743,227,970
719,251,970
701,269,970
677,293,970
659,311,970
653,317,970
617,353,970
587,383,970
569,401,970
521,449,970
509,461,970
503,467,970
491,479,970
967,5,972
953,19,972
941,31,972
929,43,972
919,53,972
911,61,972
883,89,972
863,109,972
859,113,972
823,149,972
821,151,972
809,163,972
773,199,972
761,211,972
743,229,972
739,233,972
733,239,972
709,263,972
701,271,972
691,281,972
661,311,972
659,313,972
641,331,972
619,353,972
613,359,972
599,373,972
593,379,972
571,401,972
563,409,972
541,431,972
523,449,972
509,463,972
971,3,974
967,7,974
937,37,974
907,67,974
877,97,974
823,151,974
811,163,974
751,223,974
733,241,974
691,283,974
661,313,974
643,331,974
607,367,974
601,373,974
577,397,974
541,433,974
487,487,974
971,5,976
953,23,976
947,29,976
929,47,976
887,89,976
863,113,976
839,137,976
827,149,976
809,167,976
797,179,976
743,233,976
719,257,976
683,293,976
659,317,976
617,359,976
593,383,976
587,389,976
557,419,976
509,467,976
971,7,978
967,11,978
947,31,978
941,37,978
937,41,978
919,59,978
911,67,978
907,71,978
881,97,978
877,101,978
839,139,978
829,149,978
827,151,978
821,157,978
811,167,978
797,181,978
787,191,978
751,227,978
739,239,978
727,251,978
709,269,978
701,277,978
661,317,978
647,331,978
641,337,978
631,347,978
619,359,978
599,379,978
577,401,978
569,409,978
557,421,978
547,431,978
521,457,978
499,479,978
491,487,978
977,3,980
967,13,980
937,43,980
919,61,980
907,73,980
883,97,980
877,103,980
853,127,980
829,151,980
823,157,980
787,193,980
769,211,980
757,223,980
751,229,980
739,241,980
709,271,980
673,307,980
643,337,980
631,349,980
613,367,980
607,373,980
601,379,980
571,409,980
547,433,980
541,439,980
523,457,980
977,5,982
971,11,982
953,29,982
941,41,982
929,53,982
911,71,982
881,101,982
809,173,982
743,239,982
719,263,982
701,281,982
599,383,982
593,389,982
563,419,982
521,461,982
503,479,982
491,491,982
977,7,984
971,13,984
967,17,984
953,31,984
947,37,984
941,43,984
937,47,984
911,73,984
887,97,984
883,101,984
881,103,984
877,107,984
857,127,984
853,131,984
827,157,984
821,163,984
811,173,984
787,197,984
773,211,984
761,223,984
757,227,984
751,233,984
743,241,984
733,251,984
727,257,984
701,283,984
691,293,984
677,307,984
673,311,984
653,331,984
647,337,984
631,353,984
617,367,984
601,383,984
587,397,984
563,421,984
541,443,984
523,461,984
521,463,984
983,3,986
967,19,986
919,67,986
907,79,986
883,103,986
877,109,986
859,127,986
829,157,986
823,163,986
787,199,986
757,229,986
709,277,986
673,313,986
619,367,986
613,373,986
607,379,986
577,409,986
547,439,986
523,463,986
499,487,986
983,5,988
977,11,988
971,17,988
947,41,988
941,47,988
929,59,988
887,101,988
881,107,988
857,131,988
839,149,988
821,167,988
809,179,988
797,191,988
761,227,988
719,269,988
677,311,988
641,347,988
599,389,988
587,401,988
569,419,988
557,431,988
521,467,988
509,479,988
983,7,990
977,13,990
971,19,990
967,23,990
953,37,990
947,43,990
937,53,990
929,61,990
919,71,990
911,79,990
907,83,990
887,103,990
883,107,990
881,109,990
877,113,990
863,127,990
859,131,990
853,137,990
839,151,990
827,163,990
823,167,990
811,179,990
809,181,990
797,193,990
761,229,990
757,233,990
751,239,990
739,251,990
733,257,990
727,263,990
719,271,990
709,281,990
683,307,990
677,313,990
673,317,990
659,331,990
653,337,990
643,347,990
641,349,990
631,359,990
617,373,990
607,383,990
601,389,990
593,397,990
571,419,990
569,421,990
557,433,990
547,443,990
541,449,990
523,467,990
503,487,990
499,491,990
919,73,992
883,109,992
853,139,992
829,163,992
811,181,992
769,223,992
751,241,992
709,283,992
661,331,992
643,349,992
619,373,992
613,379,992
571,421,992
991,3,994
983,11,994
977,17,994
971,23,994
953,41,994
947,47,994
941,53,994
911,83,994
887,107,994
881,113,994
863,131,994
857,137,994
827,167,994
821,173,994
797,197,994
761,233,994
743,251,994
701,293,994
683,311,994
677,317,994
647,347,994
641,353,994
593,401,994
563,431,994
503,491,994
991,5,996
983,13,996
977,19,996
967,29,996
953,43,996
937,59,996
929,67,996
907,89,996
887,109,996
883,113,996
859,137,996
857,139,996
839,157,996
829,167,996
823,173,996
797,199,996
773,223,996
769,227,996
757,239,996
739,257,996
733,263,996
727,269,996
719,277,996
683,313,996
659,337,996
647,349,996
643,353,996
617,379,996
613,383,996
607,389,996
599,397,996
587,409,996
577,419,996
563,433,996
557,439,996
547,449,996
509,487,996
991,7,998
967,31,998
937,61,998
919,79,998
859,139,998
787,211,998
769,229,998
757,241,998
727,271,998
691,307,998
661,337,998
631,367,998
619,379,998
601,397,998
577,421,998
541,457,998
499,499,998
997,3,1000
983,17,1000
977,23,1000
971,29,1000
953,47,1000
947,53,1000
941,59,1000
929,71,1000
911,89,1000
887,113,1000
863,137,1000
827,173,1000
821,179,1000
809,191,1000
773,227,1000
761,239,1000
743,257,1000
719,281,1000
683,317,1000
653,347,1000
647,353,1000
641,359,1000
617,383,1000
599,401,1000
569,431,1000
557,443,1000
521,479,1000
509,491,1000
997,5,1002
991,11,1002
983,19,1002
971,31,1002
941,61,1002
929,73,1002
919,83,1002
863,139,1002
853,149,1002
839,163,1002
829,173,1002
823,179,1002
821,181,1002
811,191,1002
809,193,1002
773,229,1002
769,233,1002
761,241,1002
751,251,1002
739,263,1002
733,269,1002
719,283,1002
709,293,1002
691,311,1002
653,349,1002
643,359,1002
619,383,1002
613,389,1002
601,401,1002
593,409,1002
571,431,1002
569,433,1002
563,439,1002
541,461,1002
523,479,1002
503,499,1002
997,7,1004
991,13,1004
967,37,1004
937,67,1004
907,97,1004
877,127,1004
853,151,1004
823,181,1004
811,193,1004
733,271,1004
727,277,1004
691,313,1004
673,331,1004
631,373,1004
607,397,1004
571,433,1004
547,457,1004
541,463,1004
983,23,1006
977,29,1006
953,53,1006
947,59,1006
857,149,1006
839,167,1006
827,179,1006
809,197,1006
773,233,1006
743,263,1006
659,347,1006
653,353,1006
647,359,1006
617,389,1006
587,419,1006
563,443,1006
557,449,1006
503,503,1006
997,11,1008
991,17,1008
977,31,1008
971,37,1008
967,41,1008
947,61,1008
941,67,1008
937,71,1008
929,79,1008
919,89,1008
911,97,1008
907,101,1008
881,127,1008
877,131,1008
859,149,1008
857,151,1008
829,179,1008
827,181,1008
811,197,1008
809,199,1008
797,211,1008
769,239,1008
757,251,1008
751,257,1008
739,269,1008
727,281,1008
701,307,1008
691,317,1008
677,331,1008
661,347,1008
659,349,1008
641,367,1008
619,389,1008
607,401,1008
599,409,1008
587,421,1008
577,431,1008
569,439,1008
547,461,1008
541,467,1008
521,487,1008
509,499,1008
997,13,1010
991,19,1010
967,43,1010
937,73,1010
907,103,1010
883,127,1010
859,151,1010
853,157,1010
829,181,1010
811,199,1010
787,223,1010
769,241,1010
739,271,1010
733,277,1010
727,283,1010
673,337,1010
661,349,1010
643,367,1010
631,379,1010
613,397,1010
601,409,1010
577,433,1010
571,439,1010
547,463,1010
523,487,1010
1009,3,1012
983,29,1012
971,41,1012
953,59,1012
941,71,1012
929,83,1012
911,101,1012
881,131,1012
863,149,1012
839,173,1012
821,191,1012
773,239,1012
761,251,1012
743,269,1012
719,293,1012
701,311,1012
659,353,1012
653,359,1012
593,419,1012
569,443,1012
563,449,1012
521,491,1012
509,503,1012
1009,5,1014
997,17,1014
991,23,1014
983,31,1014
977,37,1014
971,43,1014
967,47,1014
953,61,1014
947,67,1014
941,73,1014
911,103,1014
907,107,1014
887,127,1014
883,131,1014
877,137,1014
863,151,1014
857,157,1014
823,191,1014
821,193,1014
787,227,1014
773,241,1014
757,257,1014
751,263,1014
743,271,1014
733,281,1014
701,313,1014
683,331,1014
677,337,1014
661,353,1014
647,367,1014
641,373,1014
631,383,1014
617,397,1014
613,401,1014
593,421,1014
571,443,1014
557,457,1014
547,467,1014
523,491,1014
1013,3,1016
1009,7,1016
997,19,1016
937,79,1016
919,97,1016
907,109,1016
877,139,1016
859,157,1016
853,163,1016
823,193,1016
787,229,1016
739,277,1016
733,283,1016
709,307,1016
643,373,1016
619,397,1016
607,409,1016
577,439,1016
1013,5,1018
977,41,1018
971,47,1018
947,71,1018
929,89,1018
911,107,1018
887,131,1018
881,137,1018
839,179,1018
827,191,1018
821,197,1018
761,257,1018
701,317,1018
659,359,1018
617,401,1018
599,419,1018
587,431,1018
569,449,1018
557,461,1018
509,509,1018
1013,7,1020
1009,11,1020
997,23,1020
991,29,1020
983,37,1020
977,43,1020
967,53,1020
953,67,1020
947,73,1020
941,79,1020
937,83,1020
919,101,1020
911,109,1020
907,113,1020
883,137,1020
881,139,1020
863,157,1020
857,163,1020
853,167,1020
839,181,1020
829,191,1020
827,193,1020
823,197,1020
821,199,1020
809,211,1020
797,223,1020
787,233,1020
769,251,1020
757,263,1020
751,269,1020
743,277,1020
739,281,1020
727,293,1020
709,311,1020
683,337,1020
673,347,1020
661,359,1020
653,367,1020
647,373,1020
641,379,1020
631,389,1020
619,401,1020
601,419,1020
599,421,1020
587,433,1020
577,443,1020
571,449,1020
563,457,1020
557,463,1020
541,479,1020
521,499,1020
1019,3,1022
1009,13,1022
991,31,1022
919,103,1022
883,139,1022
859,163,1022
829,193,1022
823,199,1022
811,211,1022
751,271,1022
739,283,1022
709,313,1022
691,331,1022
673,349,1022
643,379,1022
613,409,1022
601,421,1022
523,499,1022
1021,3,1024
1019,5,1024
1013,11,1024
983,41,1024
977,47,1024
971,53,1024
953,71,1024
941,83,1024
911,113,1024
887,137,1024
857,167,1024
827,197,1024
797,227,1024
773,251,1024
761,263,1024
743,281,1024
677,347,1024
641,383,1024
593,431,1024
563,461,1024
557,467,1024
521,503,1024
1021,5,1026
1019,7,1026
1013,13,1026
1009,17,1026
997,29,1026
983,43,1026
967,59,1026
953,73,1026
947,79,1026
937,89,1026
929,97,1026
919,107,1026
887,139,1026
877,149,1026
863,163,1026
859,167,1026
853,173,1026
829,197,1026
827,199,1026
797,229,1026
787,239,1026
769,257,1026
757,269,1026
743,283,1026
733,293,1026
719,307,1026
709,317,1026
677,349,1026
673,353,1026
659,367,1026
653,373,1026
647,379,1026
643,383,1026
617,409,1026
607,419,1026
593,433,1026
587,439,1026
577,449,1026
569,457,1026
563,463,1026
547,479,1026
523,503,1026
1021,7,1028
1009,19,1028
997,31,1028
991,37,1028
967,61,1028
919,109,1028
877,151,1028
829,199,1028
787,241,1028
757,271,1028
751,277,1028
691,337,1028
661,367,1028
631,397,1028
619,409,1028
607,421,1028
571,457,1028
541,487,1028
1019,11,1030
1013,17,1030
983,47,1030
977,53,1030
971,59,1030
947,83,1030
941,89,1030
929,101,1030
881,149,1030
863,167,1030
857,173,1030
839,191,1030
797,233,1030
773,257,1030
761,269,1030
719,311,1030
683,347,1030
677,353,1030
647,383,1030
641,389,1030
599,431,1030
587,443,1030
569,461,1030
563,467,1030
521,509,1030
1021,11,1032
1019,13,1032
1013,19,1032
1009,23,1032
991,41,1032
971,61,1032
953,79,1032
929,103,1032
919,113,1032
883,149,1032
881,151,1032
859,173,1032
853,179,1032
839,193,1032
821,211,1032
809,223,1032
769,263,1032
761,271,1032
751,281,1032
739,293,1032
719,313,1032
701,331,1032
683,349,1032
673,359,1032
659,373,1032
653,379,1032
643,389,1032
631,401,1032
613,419,1032
601,431,1032
599,433,1032
593,439,1032
571,461,1032
569,463,1032
541,491,1032
523,509,1032
1031,3,1034
1021,13,1034
997,37,1034
991,43,1034
967,67,1034
937,97,1034
907,127,1034
883,151,1034
877,157,1034
853,181,1034
823,211,1034
811,223,1034
757,277,1034
751,283,1034
727,307,1034
661,373,1034
613,421,1034
601,433,1034
577,457,1034
571,463,1034
547,487,1034
1033,3,1036
1031,5,1036
1019,17,1036
1013,23,1036
983,53,1036
977,59,1036
953,83,1036
947,89,1036
929,107,1036
887,149,1036
863,173,1036
857,179,1036
839,197,1036
809,227,1036
797,239,1036
773,263,1036
743,293,1036
719,317,1036
683,353,1036
677,359,1036
653,383,1036
647,389,1036
617,419,1036
593,443,1036
587,449,1036
569,467,1036
557,479,1036
1033,5,1038
1031,7,1038
1021,17,1038
1019,19,1038
1009,29,1038
997,41,1038
991,47,1038
977,61,1038
971,67,1038
967,71,1038
941,97,1038
937,101,1038
929,109,1038
911,127,1038
907,131,1038
887,151,1038
881,157,1038
859,179,1038
857,181,1038
839,199,1038
827,211,1038
811,227,1038
809,229,1038
797,241,1038
787,251,1038
769,269,1038
761,277,1038
757,281,1038
727,311,1038
701,337,1038
691,347,1038
659,379,1038
641,397,1038
619,419,1038
617,421,1038
607,431,1038
599,439,1038
577,461,1038
571,467,1038
547,491,1038
1033,7,1040
1021,19,1040
1009,31,1040
997,43,1040
967,73,1040
937,103,1040
883,157,1040
877,163,1040
859,181,1040
829,211,1040
811,229,1040
769,271,1040
757,283,1040
733,307,1040
727,313,1040
709,331,1040
691,349,1040
673,367,1040
661,379,1040
643,397,1040
631,409,1040
619,421,1040
607,433,1040
601,439,1040
577,463,1040
541,499,1040
1039,3,1042
1031,11,1042
1019,23,1042
1013,29,1042
983,59,1042
971,71,1042
953,89,1042
941,101,1042
929,113,1042
911,131,1042
863,179,1042
809,233,1042
773,269,1042
761,281,1042
683,359,1042
659,383,1042
653,389,1042
641,401,1042
599,443,1042
593,449,1042
563,479,1042
521,521,1042
1039,5,1044
1033,11,1044
1031,13,1044
1021,23,1044
1013,31,1044
997,47,1044
991,53,1044
983,61,1044
977,67,1044
971,73,1044
947,97,1044
941,103,1044
937,107,1044
907,137,1044
887,157,1044
881,163,1044
877,167,1044
863,181,1044
853,191,1044
821,223,1044
811,233,1044
787,257,1044
773,271,1044
761,283,1044
751,293,1044
733,311,1044
727,317,1044
691,353,1044
677,367,1044
661,383,1044
647,397,1044
643,401,1044
613,431,1044
601,443,1044
587,457,1044
577,467,1044
557,487,1044
541,503,1044
523,521,1044
1039,7,1046
1033,13,1046
1009,37,1046
967,79,1046
937,109,1046
919,127,1046
907,139,1046
883,163,1046
853,193,1046
823,223,1046
769,277,1046
739,307,1046
733,313,1046
709,337,1046
673,373,1046
613,433,1046
607,439,1046
547,499,1046
523,523,1046
1031,17,1048
1019,29,1048
977,71,1048
947,101,1048
941,107,1048
911,137,1048
881,167,1048
857,191,1048
821,227,1048
809,239,1048
797,251,1048
701,347,1048
659,389,1048
647,401,1048
617,431,1048
599,449,1048
587,461,1048
569,479,1048
557,491,1048
1039,11,1050
1033,17,1050
1031,19,1050
1021,29,1050
1019,31,1050
1013,37,1050
1009,41,1050
997,53,1050
991,59,1050
983,67,1050
977,73,1050
971,79,1050
967,83,1050
953,97,1050
947,103,1050
941,109,1050
937,113,1050
919,131,1050
911,139,1050
887,163,1050
883,167,1050
877,173,1050
859,191,1050
857,193,1050
853,197,1050
839,211,1050
827,223,1050
823,227,1050
821,229,1050
811,239,1050
809,241,1050
787,263,1050
773,277,1050
769,281,1050
757,293,1050
743,307,1050
739,311,1050
733,317,1050
719,331,1050
701,349,1050
691,359,1050
683,367,1050
677,373,1050
661,389,1050
653,397,1050
641,409,1050
631,419,1050
619,431,1050
617,433,1050
607,443,1050
601,449,1050
593,457,1050
587,463,1050
571,479,1050
563,487,1050
547,503,1050
541,509,1050
1049,3,1052
1039,13,1052
1033,19,1052
1021,31,1052
1009,43,1052
991,61,1052
859,193,1052
853,199,1052
829,223,1052
823,229,1052
811,241,1052
769,283,1052
739,313,1052
673,379,1052
643,409,1052
631,421,1052
619,433,1052
613,439,1052
1051,3,1054
1049,5,1054
1031,23,1054
1013,41,1054
983,71,1054
971,83,1054
953,101,1054
947,107,1054
941,113,1054
887,167,1054
881,173,1054
863,191,1054
857,197,1054
827,227,1054
821,233,1054
797,257,1054
773,281,1054
761,293,1054
743,311,1054
701,353,1054
653,401,1054
593,461,1054
587,467,1054
563,491,1054
1051,5,1056
1049,7,1056
1039,17,1056
1033,23,1056
1019,37,1056
1013,43,1056
1009,47,1056
997,59,1056
983,73,1056
977,79,1056
967,89,1056
953,103,1056
947,109,1056
929,127,1056
919,137,1056
907,149,1056
883,173,1056
877,179,1056
863,193,1056
859,197,1056
857,199,1056
829,227,1056
827,229,1056
823,233,1056
787,269,1056
773,283,1056
743,313,1056
739,317,1056
719,337,1056
709,347,1056
683,373,1056
677,379,1056
673,383,1056
659,397,1056
647,409,1056
617,439,1056
613,443,1056
607,449,1056
599,457,1056
593,463,1056
577,479,1056
569,487,1056
557,499,1056
547,509,1056
1051,7,1058
1039,19,1058
1021,37,1058
997,61,1058
991,67,1058
919,139,1058
907,151,1058
877,181,1058
859,199,1058
829,229,1058
787,271,1058
751,307,1058
727,331,1058
709,349,1058
691,367,1058
661,397,1058
619,439,1058
601,457,1058
571,487,1058
1049,11,1060
1031,29,1060
1019,41,1060
1013,47,1060
977,83,1060
971,89,1060
953,107,1060
947,113,1060
929,131,1060
911,149,1060
887,173,1060
881,179,1060
863,197,1060
827,233,1060
821,239,1060
809,251,1060
797,263,1060
743,317,1060
701,359,1060
677,383,1060
659,401,1060
641,419,1060
617,443,1060
599,461,1060
593,467,1060
569,491,1060
557,503,1060
1051,11,1062
1049,13,1062
1039,23,1062
1033,29,1062
1031,31,1062
1021,41,1062
1019,43,1062
1009,53,1062
991,71,1062
983,79,1062
953,109,1062
911,151,1062
883,179,1062
881,181,1062
863,199,1062
839,223,1062
829,233,1062
823,239,1062
821,241,1062
811,251,1062
769,293,1062
751,311,1062
709,353,1062
683,379,1062
673,389,1062
661,401,1062
653,409,1062
643,419,1062
641,421,1062
631,431,1062
619,443,1062
613,449,1062
601,461,1062
599,463,1062
571,491,1062
563,499,1062
541,521,1062
1061,3,1064
1051,13,1064
1033,31,1064
1021,43,1064
997,67,1064
991,73,1064
967,97,1064
937,127,1064
907,157,1064
883,181,1064
853,211,1064
823,241,1064
787,277,1064
757,307,1064
751,313,1064
733,331,1064
727,337,1064
691,373,1064
643,421,1064
631,433,1064
607,457,1064
601,463,1064
577,487,1064
541,523,1064
1063,3,1066
1061,5,1066
1049,17,1066
1019,47,1066
1013,53,1066
983,83,1066
977,89,1066
953,113,1066
929,137,1066
887,179,1066
839,227,1066
827,239,1066
809,257,1066
797,269,1066
773,293,1066
719,347,1066
683,383,1066
677,389,1066
647,419,1066
617,449,1066
599,467,1066
587,479,1066
563,503,1066
557,509,1066
1063,5,1068
1061,7,1068
1051,17,1068
1049,19,1068
1039,29,1068
1031,37,1068
1021,47,1068
1009,59,1068
997,71,1068
971,97,1068
967,101,1068
941,127,1068
937,131,1068
929,139,1068
919,149,1068
911,157,1068
887,181,1068
877,191,1068
857,211,1068
839,229,1068
829,239,1068
827,241,1068
811,257,1068
797,271,1068
787,281,1068
761,307,1068
757,311,1068
751,317,1068
719,349,1068
709,359,1068
701,367,1068
659,409,1068
647,421,1068
619,449,1068
607,461,1068
601,467,1068
577,491,1068
569,499,1068
547,521,1068
1063,7,1070
1051,19,1070
1039,31,1070
1033,37,1070
1009,61,1070
997,73,1070
991,79,1070
967,103,1070
919,151,1070
907,163,1070
877,193,1070
859,211,1070
829,241,1070
787,283,1070
757,313,1070
739,331,1070
733,337,1070
691,379,1070
673,397,1070
661,409,1070
631,439,1070
613,457,1070
607,463,1070
571,499,1070
547,523,1070
1069,3,1072
1061,11,1072
1049,23,1072
1031,41,1072
1019,53,1072
1013,59,1072
983,89,1072
971,101,1072
941,131,1072
881,191,1072
839,233,1072
821,251,1072
809,263,1072
761,311,1072
719,353,1072
683,389,1072
653,419,1072
641,431,1072
593,479,1072
569,503,1072
563,509,1072
1069,5,1074
1063,11,1074
1061,13,1074
1051,23,1074
1033,41,1074
1031,43,1074
1021,53,1074
1013,61,1074
991,83,1074
977,97,1074
971,103,1074
967,107,1074
947,127,1074
937,137,1074
911,163,1074
907,167,1074
883,191,1074
881,193,1074
877,197,1074
863,211,1074
823,251,1074
811,263,1074
797,277,1074
761,313,1074
757,317,1074
743,331,1074
727,347,1074
701,373,1074
691,383,1074
677,397,1074
673,401,1074
653,421,1074
643,431,1074
641,433,1074
631,443,1074
617,457,1074
613,461,1074
607,467,1074
587,487,1074
571,503,1074
1069,7,1076
1063,13,1076
1039,37,1076
1033,43,1076
1009,67,1076
997,79,1076
967,109,1076
937,139,1076
919,157,1076
883,193,1076
877,199,1076
853,223,1076
769,307,1076
739,337,1076
727,349,1076
709,367,1076
643,433,1076
619,457,1076
613,463,1076
577,499,1076
1061,17,1078
1049,29,1078
1031,47,1078
1019,59,1078
977,101,1078
971,107,1078
947,131,1078
941,137,1078
929,149,1078
911,167,1078
887,191,1078
881,197,1078
839,239,1078
827,251,1078
821,257,1078
809,269,1078
797,281,1078
761,317,1078
719,359,1078
677,401,1078
659,419,1078
647,431,1078
617,461,1078
599,479,1078
587,491,1078
569,509,1078
557,521,1078
1069,11,1080
1063,17,1080
1061,19,1080
1051,29,1080
1049,31,1080
1039,41,1080
1033,47,1080
1021,59,1080
1019,61,1080
1013,67,1080
1009,71,1080
997,83,1080
991,89,1080
983,97,1080
977,103,1080
971,109,1080
967,113,1080
953,127,1080
941,139,1080
929,151,1080
907,173,1080
887,193,1080
883,197,1080
881,199,1080
857,223,1080
853,227,1080
839,241,1080
829,251,1080
823,257,1080
811,269,1080
809,271,1080
797,283,1080
787,293,1080
773,307,1080
769,311,1080
743,337,1080
733,347,1080
727,353,1080
701,379,1080
691,389,1080
683,397,1080
661,419,1080
659,421,1080
647,433,1080
641,439,1080
631,449,1080
619,461,1080
617,463,1080
613,467,1080
601,479,1080
593,487,1080
577,503,1080
571,509,1080
557,523,1080
1069,13,1082
1063,19,1082
1051,31,1082
1039,43,1082
1021,61,1082
1009,73,1082
919,163,1082
883,199,1082
859,223,1082
853,229,1082
811,271,1082
769,313,1082
751,331,1082
733,349,1082
709,373,1082
673,409,1082
661,421,1082
643,439,1082
619,463,1082
541,541,1082
1061,23,1084
1031,53,1084
1013,71,1084
983,101,1084
977,107,1084
971,113,1084
953,131,1084
947,137,1084
911,173,1084
887,197,1084
857,227,1084
827,257,1084
821,263,1084
773,311,1084
701,383,1084
683,401,1084
653,431,1084
641,443,1084
617,467,1084
593,491,1084
563,521,1084
1069,17,1086
1063,23,1086
1049,37,1086
1039,47,1086
1033,53,1086
1019,67,1086
1013,73,1086
997,89,1086
983,103,1086
977,109,1086
947,139,1086
937,149,1086
929,157,1086
919,167,1086
907,179,1086
887,199,1086
863,223,1086
859,227,1086
857,229,1086
853,233,1086
829,257,1086
823,263,1086
809,277,1086
773,313,1086
769,317,1086
739,347,1086
733,353,1086
727,359,1086
719,367,1086
677,409,1086
653,433,1086
647,439,1086
643,443,1086
619,467,1086
607,479,1086
599,487,1086
587,499,1086
577,509,1086
563,523,1086
1069,19,1088
1051,37,1088
1021,67,1088
1009,79,1088
991,97,1088
937,151,1088
907,181,1088
877,211,1088
859,229,1088
811,277,1088
757,331,1088
751,337,1088
739,349,1088
709,379,1088
691,397,1088
631,457,1088
601,487,1088
547,541,1088
1087,3,1090
1061,29,1090
1049,41,1090
1031,59,1090
1019,71,1090
983,107,1090
977,113,1090
953,137,1090
941,149,1090
911,179,1090
863,227,1090
857,233,1090
839,251,1090
827,263,1090
821,269,1090
809,281,1090
797,293,1090
773,317,1090
743,347,1090
701,389,1090
659,431,1090
647,443,1090
641,449,1090
599,491,1090
587,503,1090
569,521,1090
1087,5,1092
1069,23,1092
1063,29,1092
1061,31,1092
1051,41,1092
1049,43,1092
1039,53,1092
1033,59,1092
1031,61,1092
1021,71,1092
1019,73,1092
1013,79,1092
1009,83,1092
991,101,1092
983,109,1092
953,139,1092
941,151,1092
929,163,1092
919,173,1092
911,181,1092
881,211,1092
863,229,1092
859,233,1092
853,239,1092
829,263,1092
823,269,1092
821,271,1092
811,281,1092
809,283,1092
761,331,1092
743,349,1092
739,353,1092
733,359,1092
719,373,1092
709,383,1092
691,401,1092
683,409,1092
673,419,1092
661,431,1092
659,433,1092
653,439,1092
643,449,1092
631,461,1092
613,479,1092
601,491,1092
593,499,1092
571,521,1092
569,523,1092
1091,3,1094
1087,7,1094
1063,31,1094
1051,43,1094
1033,61,1094
1021,73,1094
997,97,1094
991,103,1094
967,127,1094
937,157,1094
883,211,1094
853,241,1094
823,271,1094
811,283,1094
787,307,1094
757,337,1094
727,367,1094
673,421,1094
661,433,1094
631,463,1094
607,487,1094
571,523,1094
547,547,1094
1093,3,1096
1091,5,1096
1049,47,1096
1013,83,1096
983,113,1096
947,149,1096
929,167,1096
863,233,1096
857,239,1096
839,257,1096
827,269,1096
743,353,1096
677,419,1096
653,443,1096
647,449,1096
617,479,1096
593,503,1096
587,509,1096
1093,5,1098
1091,7,1098
1087,11,1098
1069,29,1098
1061,37,1098
1051,47,1098
1039,59,1098
1031,67,1098
1019,79,1098
1009,89,1098
997,101,1098
991,107,1098
971,127,1098
967,131,1098
947,151,1098
941,157,1098
919,179,1098
907,191,1098
887,211,1098
859,239,1098
857,241,1098
829,269,1098
827,271,1098
821,277,1098
787,311,1098
761,337,1098
751,347,1098
739,359,1098
719,379,1098
709,389,1098
701,397,1098
677,421,1098
659,439,1098
641,457,1098
631,467,1098
619,479,1098
607,491,1098
599,499,1098
577,521,1098
557,541,1098
1097,3,1100
1093,7,1100
1087,13,1100
1069,31,1100
1063,37,1100
1039,61,1100
1033,67,1100
1021,79,1100
997,103,1100
991,109,1100
937,163,1100
919,181,1100
907,193,1100
877,223,1100
859,241,1100
829,271,1100
823,277,1100
787,313,1100
769,331,1100
751,349,1100
733,367,1100
727,373,1100
691,409,1100
661,439,1100
643,457,1100
613,487,1100
601,499,1100
577,523,1100
1097,5,1102
1091,11,1102
1061,41,1102
1049,53,1102
1031,71,1102
1019,83,1102
1013,89,1102
971,131,1102
953,149,1102
929,173,1102
911,191,1102
863,239,1102
839,263,1102
821,281,1102
809,293,1102
743,359,1102
719,383,1102
701,401,1102
683,419,1102
659,443,1102
653,449,1102
641,461,1102
599,503,1102
593,509,1102
1097,7,1104
1093,11,1104
1091,13,1104
1087,17,1104
1063,41,1104
1061,43,1104
1051,53,1104
1033,71,1104
1031,73,1104
1021,83,1104
997,107,1104
991,113,1104
977,127,1104
967,137,1104
953,151,1104
947,157,1104
941,163,1104
937,167,1104
911,193,1104
907,197,1104
881,223,1104
877,227,1104
863,241,1104
853,251,1104
827,277,1104
823,281,1104
821,283,1104
811,293,1104
797,307,1104
787,317,1104
773,331,1104
757,347,1104
751,353,1104
683,421,1104
673,431,1104
661,443,1104
647,457,1104
643,461,1104
641,463,1104
617,487,1104
613,491,1104
601,503,1104
563,541,1104
557,547,1104
1103,3,1106
1093,13,1106
1087,19,1106
1069,37,1106
1063,43,1106
1039,67,1106
1033,73,1106
1009,97,1106
997,109,1106
967,139,1106
907,199,1106
883,223,1106
877,229,1106
829,277,1106
823,283,1106
769,337,1106
757,349,1106
739,367,1106
733,373,1106
727,379,1106
709,397,1106
673,433,1106
643,463,1106
619,487,1106
607,499,1106
1103,5,1108
1097,11,1108
1091,17,1108
1061,47,1108
1049,59,1108
1019,89,1108
977,131,1108
971,137,1108
941,167,1108
929,179,1108
911,197,1108
881,227,1108
857,251,1108
839,269,1108
827,281,1108
797,311,1108
761,347,1108
719,389,1108
677,431,1108
659,449,1108
647,461,1108
641,467,1108
617,491,1108
599,509,1108
587,521,1108
1103,7,1110
1097,13,1110
1093,17,1110
1091,19,1110
1087,23,1110
1069,41,1110
1063,47,1110
1051,59,1110
1049,61,1110
1039,71,1110
1031,79,1110
1021,89,1110
1013,97,1110
1009,101,1110
997,113,1110
983,127,1110
971,139,1110
953,157,1110
947,163,1110
937,173,1110
929,181,1110
919,191,1110
911,199,1110
887,223,1110
883,227,1110
881,229,1110
877,233,1110
859,251,1110
853,257,1110
839,271,1110
829,281,1110
827,283,1110
797,313,1110
773,337,1110
761,349,1110
757,353,1110
751,359,1110
743,367,1110
727,383,1110
709,401,1110
701,409,1110
691,419,1110
677,433,1110
661,449,1110
653,457,1110
647,463,1110
643,467,1110
631,479,1110
619,491,1110
607,503,1110
601,509,1110
587,523,1110
569,541,1110
563,547,1110
1109,3,1112
1093,19,1112
1069,43,1112
1051,61,1112
1039,73,1112
1033,79,1112
1009,103,1112
919,193,1112
883,229,1112
829,283,1112
739,373,1112
733,379,1112
691,421,1112
673,439,1112
613,499,1112
571,541,1112
1109,5,1114
1103,11,1114
1097,17,1114
1091,23,1114
1061,53,1114
1031,83,1114
1013,101,1114
983,131,1114
977,137,1114
947,167,1114
941,173,1114
887,227,1114
881,233,1114
863,251,1114
857,257,1114
821,293,1114
797,317,1114
761,353,1114
683,431,1114
653,461,1114
647,467,1114
593,521,1114
557,557,1114
1109,7,1116
1103,13,1116
1097,19,1116
1093,23,1116
1087,29,1116
1069,47,1116
1063,53,1116
1049,67,1116
1033,83,1116
1019,97,1116
1013,103,1116
1009,107,1116
977,139,1116
967,149,1116
953,163,1116
937,179,1116
919,197,1116
887,229,1116
883,233,1116
877,239,1116
859,257,1116
853,263,1116
839,277,1116
823,293,1116
809,307,1116
769,347,1116
757,359,1116
743,373,1116
733,383,1116
727,389,1116
719,397,1116
683,433,1116
677,439,1116
673,443,1116
659,457,1116
653,463,1116
617,499,1116
613,503,1116
607,509,1116
593,523,1116
569,547,1116
1087,31,1118
1051,67,1118
1039,79,1118
1021,97,1118
1009,109,1118
991,127,1118
967,151,1118
937,181,1118
919,199,1118
907,211,1118
877,241,1118
811,307,1118
787,331,1118
769,349,1118
751,367,1118
739,379,1118
709,409,1118
661,457,1118
631,487,1118
619,499,1118
577,541,1118
571,547,1118
1117,3,1120
1109,11,1120
1103,17,1120
1097,23,1120
1091,29,1120
1061,59,1120
1049,71,1120
1031,89,1120
1019,101,1120
1013,107,1120
983,137,1120
971,149,1120
953,167,1120
947,173,1120
941,179,1120
929,191,1120
887,233,1120
881,239,1120
863,257,1120
857,263,1120
839,281,1120
827,293,1120
809,311,1120
773,347,1120
761,359,1120
719,401,1120
701,419,1120
677,443,1120
659,461,1120
653,467,1120
641,479,1120
617,503,1120
599,521,1120
563,557,1120
1117,5,1122
1109,13,1122
1103,19,1122
1093,29,1122
1091,31,1122
1069,53,1122
1063,59,1122
1061,61,1122
1051,71,1122
1049,73,1122
1039,83,1122
1033,89,1122
1021,101,1122
1019,103,1122
1013,109,1122
1009,113,1122
991,131,1122
983,139,1122
971,151,1122
941,181,1122
929,193,1122
911,211,1122
883,239,1122
881,241,1122
859,263,1122
853,269,1122
839,283,1122
829,293,1122
811,311,1122
809,313,1122
773,349,1122
769,353,1122
743,379,1122
739,383,1122
733,389,1122
701,421,1122
691,431,1122
683,439,1122
673,449,1122
661,461,1122
659,463,1122
643,479,1122
631,491,1122
619,503,1122
613,509,1122
601,521,1122
599,523,1122
1117,7,1124
1093,31,1124
1087,37,1124
1063,61,1124
1051,73,1124
1021,103,1124
997,127,1124
967,157,1124
883,241,1124
853,271,1124
811,313,1124
787,337,1124
757,367,1124
751,373,1124
727,397,1124
691,433,1124
661,463,1124
601,523,1124
577,547,1124
1123,3,1126
1109,17,1126
1103,23,1126
1097,29,1126
1019,107,1126
1013,113,1126
977,149,1126
953,173,1126
947,179,1126
929,197,1126
887,239,1126
863,263,1126
857,269,1126
809,317,1126
773,353,1126
743,383,1126
683,443,1126
677,449,1126
659,467,1126
647,479,1126
617,509,1126
569,557,1126
563,563,1126
1123,5,1128
1117,11,1128
1109,19,1128
1097,31,1128
1091,37,1128
1087,41,1128
1069,59,1128
1061,67,1128
1049,79,1128
1039,89,1128
1031,97,1128
1021,107,1128
1019,109,1128
997,131,1128
991,137,1128
977,151,1128
971,157,1128
947,181,1128
937,191,1128
929,199,1128
887,241,1128
877,251,1128
859,269,1128
857,271,1128
821,307,1128
811,317,1128
797,331,1128
769,359,1128
761,367,1128
739,389,1128
727,401,1128
719,409,1128
709,419,1128
661,467,1128
641,487,1128
619,509,1128
607,521,1128
587,541,1128
571,557,1128
1123,7,1130
1117,13,1130
1093,37,1130
1087,43,1130
1069,61,1130
1063,67,1130
1051,79,1130
1033,97,1130
1021,109,1130
991,139,1130
967,163,1130
937,193,1130
919,211,1130
907,223,1130
859,271,1130
853,277,1130
823,307,1130
757,373,1130
751,379,1130
733,397,1130
709,421,1130
691,439,1130
673,457,1130
643,487,1130
631,499,1130
607,523,1130
1129,3,1132
1109,23,1132
1103,29,1132
1091,41,1132
1061,71,1132
1049,83,1132
1031,101,1132
1019,113,1132
983,149,1132
953,179,1132
941,191,1132
881,251,1132
863,269,1132
839,293,1132
821,311,1132
773,359,1132
743,389,1132
701,431,1132
683,449,1132
653,479,1132
641,491,1132
569,563,1132
1129,5,1134
1123,11,1134
1117,17,1134
1103,31,1134
1097,37,1134
1093,41,1134
1091,43,1134
1087,47,1134
1063,71,1134
1061,73,1134
1051,83,1134
1033,101,1134
1031,103,1134
1021,113,1134
997,137,1134
983,151,1134
977,157,1134
971,163,1134
967,167,1134
953,181,1134
941,193,1134
937,197,1134
911,223,1134
907,227,1134
883,251,1134
877,257,1134
863,271,1134
857,277,1134
853,281,1134
827,307,1134
823,311,1134
821,313,1134
797,337,1134
787,347,1134
761,373,1134
751,383,1134
733,401,1134
701,433,1134
691,443,1134
677,457,1134
673,461,1134
647,487,1134
643,491,1134
631,503,1134
613,521,1134
593,541,1134
587,547,1134
577,557,1134
571,563,1134
1129,7,1136
1123,13,1136
1117,19,1136
1093,43,1136
1069,67,1136
1063,73,1136
1039,97,1136
1033,103,1136
1009,127,1136
997,139,1136
937,199,1136
907,229,1136
859,277,1136
853,283,1136
829,307,1136
823,313,1136
787,349,1136
769,367,1136
757,379,1136
739,397,1136
727,409,1136
673,463,1136
613,523,1136
1109,29,1138
1097,41,1138
1091,47,1138
1049,89,1138
1031,107,1138
971,167,1138
947,191,1138
941,197,1138
911,227,1138
887,251,1138
881,257,1138
857,281,1138
827,311,1138
821,317,1138
719,419,1138
677,461,1138
659,479,1138
647,491,1138
617,521,1138
569,569,1138
1129,11,1140
1123,17,1140
1117,23,1140
1109,31,1140
1103,37,1140
1097,43,1140
1093,47,1140
1087,53,1140
1069,71,1140
1061,79,1140
1051,89,1140
1039,101,1140
1033,107,1140
1031,109,1140
1013,127,1140
1009,131,1140
991,149,1140
983,157,1140
977,163,1140
967,173,1140
947,193,1140
941,199,1140
929,211,1140
911,229,1140
907,233,1140
883,257,1140
877,263,1140
863,277,1140
859,281,1140
857,283,1140
829,311,1140
827,313,1140
823,317,1140
809,331,1140
787,353,1140
773,367,1140
761,379,1140
757,383,1140
751,389,1140
743,397,1140
739,401,1140
719,421,1140
709,431,1140
701,439,1140
691,449,1140
683,457,1140
677,463,1140
673,467,1140
661,479,1140
653,487,1140
641,499,1140
631,509,1140
619,521,1140
617,523,1140
599,541,1140
593,547,1140
577,563,1140
571,569,1140
1129,13,1142
1123,19,1142
1069,73,1142
1063,79,1142
1039,103,1142
1033,109,1142
991,151,1142
919,223,1142
859,283,1142
829,313,1142
811,331,1142
769,373,1142
733,409,1142
709,433,1142
643,499,1142
619,523,1142
601,541,1142
571,571,1142
1103,41,1144
1097,47,1144
1091,53,1144
1061,83,1144
1031,113,1144
1013,131,1144
977,167,1144
971,173,1144
953,191,1144
947,197,1144
911,233,1144
887,257,1144
881,263,1144
863,281,1144
827,317,1144
797,347,1144
761,383,1144
743,401,1144
701,443,1144
683,461,1144
677,467,1144
653,491,1144
641,503,1144
587,557,1144
1129,17,1146
1123,23,1146
1117,29,1146
1109,37,1146
1103,43,1146
1093,53,1146
1087,59,1146
1063,83,1146
1049,97,1146
1039,107,1146
1033,113,1146
1019,127,1146
1009,137,1146
997,149,1146
983,163,1146
967,179,1146
953,193,1146
947,199,1146
919,227,1146
907,239,1146
883,263,1146
877,269,1146
863,283,1146
853,293,1146
839,307,1146
829,317,1146
809,337,1146
797,349,1146
787,359,1146
773,373,1146
757,389,1146
727,419,1146
683,463,1146
659,487,1146
647,499,1146
643,503,1146
599,547,1146
577,569,1146
1129,19,1148
1117,31,1148
1087,61,1148
1069,79,1148
1051,97,1148
1039,109,1148
1021,127,1148
1009,139,1148
997,151,1148
991,157,1148
967,181,1148
937,211,1148
919,229,1148
907,241,1148
877,271,1148
811,337,1148
769,379,1148
751,397,1148
739,409,1148
727,421,1148
709,439,1148
691,457,1148
661,487,1148
607,541,1148
601,547,1148
577,571,1148
1109,41,1150
1103,47,1150
1097,53,1150
1091,59,1150
1061,89,1150
1049,101,1150
1019,131,1150
1013,137,1150
983,167,1150
977,173,1150
971,179,1150
953,197,1150
911,239,1150
887,263,1150
881,269,1150
857,293,1150
839,311,1150
797,353,1150
761,389,1150
719,431,1150
701,449,1150
683,467,1150
659,491,1150
647,503,1150
641,509,1150
593,557,1150
587,563,1150
1129,23,1152
1123,29,1152
1109,43,1152
1093,59,1152
1091,61,1152
1069,83,1152
1063,89,1152
1051,101,1152
1049,103,1152
1039,113,1152
1021,131,1152
1013,139,1152
971,181,1152
953,199,1152
941,211,1152
929,223,1152
919,233,1152
911,241,1152
883,269,1152
881,271,1152
859,293,1152
839,313,1152
821,331,1152
773,379,1152
769,383,1152
751,401,1152
743,409,1152
733,419,1152
719,433,1152
709,443,1152
691,461,1152
673,479,1152
661,491,1152
653,499,1152
643,509,1152
631,521,1152
1151,3,1154
1123,31,1154
1117,37,1154
1093,61,1154
1087,67,1154
1051,103,1154
997,157,1154
991,163,1154
883,271,1154
877,277,1154
823,331,1154
787,367,1154
757,397,1154
733,421,1154
691,463,1154
631,523,1154
613,541,1154
607,547,1154
577,577,1154
1153,3,1156
1151,5,1156
1109,47,1156
1103,53,1156
1097,59,1156
1049,107,1156
1019,137,1156
983,173,1156
977,179,1156
929,227,1156
887,269,1156
863,293,1156
839,317,1156
809,347,1156
797,359,1156
773,383,1156
677,479,1156
653,503,1156
647,509,1156
599,557,1156
593,563,1156
587,569,1156
1153,5,1158
1151,7,1158
1129,29,1158
1117,41,1158
1097,61,1158
1091,67,1158
1087,71,1158
1069,89,1158
1061,97,1158
1051,107,1158
1049,109,1158
1031,127,1158
1021,137,1158
1019,139,1158
1009,149,1158
991,167,1158
977,181,1158
967,191,1158
947,211,1158
929,229,1158
919,239,1158
907,251,1158
887,271,1158
881,277,1158
877,281,1158
827,331,1158
821,337,1158
811,347,1158
809,349,1158
769,389,1158
761,397,1158
757,401,1158
739,419,1158
727,431,1158
719,439,1158
709,449,1158
701,457,1158
691,467,1158
659,499,1158
617,541,1158
601,557,1158
587,571,1158
1153,7,1160
1129,31,1160
1123,37,1160
1117,43,1160
1093,67,1160
1087,73,1160
1063,97,1160
1051,109,1160
1033,127,1160
1021,139,1160
1009,151,1160
997,163,1160
967,193,1160
937,223,1160
919,241,1160
883,277,1160
877,283,1160
853,307,1160
829,331,1160
823,337,1160
811,349,1160
787,373,1160
751,409,1160
739,421,1160
727,433,1160
673,487,1160
661,499,1160
619,541,1160
613,547,1160
1151,11,1162
1109,53,1162
1103,59,1162
1091,71,1162
1061,101,1162
1049,113,1162
1031,131,1162
1013,149,1162
983,179,1162
971,191,1162
929,233,1162
911,251,1162
881,281,1162
809,353,1162
773,389,1162
761,401,1162
743,419,1162
719,443,1162
701,461,1162
683,479,1162
659,503,1162
653,509,1162
641,521,1162
599,563,1162
593,569,1162
1153,11,1164
1151,13,1164
1123,41,1164
1117,47,1164
1103,61,1164
1097,67,1164
1093,71,1164
1091,73,1164
1063,101,1164
1061,103,1164
1051,113,1164
1033,131,1164
1013,151,1164
997,167,1164
991,173,1164
983,181,1164
971,193,1164
967,197,1164
953,211,1164
941,223,1164
937,227,1164
907,257,1164
887,277,1164
883,281,1164
881,283,1164
857,307,1164
853,311,1164
827,337,1164
811,353,1164
797,367,1164
743,421,1164
733,431,1164
701,463,1164
677,487,1164
673,491,1164
661,503,1164
643,521,1164
641,523,1164
617,547,1164
607,557,1164
601,563,1164
593,571,1164
587,577,1164
1163,3,1166
1153,13,1166
1129,37,1166
1123,43,1166
1093,73,1166
1087,79,1166
1069,97,1166
1063,103,1166
1039,127,1166
1009,157,1166
967,199,1166
937,229,1166
883,283,1166
859,307,1166
853,313,1166
829,337,1166
787,379,1166
769,397,1166
757,409,1166
733,433,1166
727,439,1166
709,457,1166
643,523,1166
619,547,1166
1163,5,1168
1151,17,1168
1109,59,1168
1097,71,1168
1061,107,1168
1031,137,1168
1019,149,1168
977,191,1168
971,197,1168
941,227,1168
929,239,1168
911,257,1168
887,281,1168
857,311,1168
821,347,1168
809,359,1168
719,449,1168
701,467,1168
677,491,1168
659,509,1168
647,521,1168
599,569,1168
1163,7,1170
1153,17,1170
1151,19,1170
1129,41,1170
1123,47,1170
1117,53,1170
1109,61,1170
1103,67,1170
1097,73,1170
1091,79,1170
1087,83,1170
1069,101,1170
1063,107,1170
1061,109,1170
1039,131,1170
1033,137,1170
1031,139,1170
1021,149,1170
1019,151,1170
1013,157,1170
997,173,1170
991,179,1170
977,193,1170
971,199,1170
947,223,1170
941,229,1170
937,233,1170
929,241,1170
919,251,1170
907,263,1170
887,283,1170
877,293,1170
863,307,1170
859,311,1170
857,313,1170
853,317,1170
839,331,1170
823,347,1170
821,349,1170
811,359,1170
797,373,1170
787,383,1170
773,397,1170
769,401,1170
761,409,1170
751,419,1170
739,431,1170
727,443,1170
709,461,1170
691,479,1170
683,487,1170
661,509,1170
647,523,1170
613,557,1170
607,563,1170
601,569,1170
599,571,1170
593,577,1170
1153,19,1172
1129,43,1172
1093,79,1172
1069,103,1172
1063,109,1172
1033,139,1172
1021,151,1172
1009,163,1172
991,181,1172
859,313,1172
823,349,1172
751,421,1172
739,433,1172
733,439,1172
709,463,1172
673,499,1172
631,541,1172
601,571,1172
1171,3,1174
1163,11,1174
1151,23,1174
1103,71,1174
1091,83,1174
1061,113,1174
983,191,1174
977,197,1174
947,227,1174
941,233,1174
911,263,1174
881,293,1174
863,311,1174
857,317,1174
827,347,1174
821,353,1174
773,401,1174
743,431,1174
683,491,1174
653,521,1174
617,557,1174
587,587,1174
1171,5,1176
1163,13,1176
1153,23,1176
1129,47,1176
1123,53,1176
1117,59,1176
1109,67,1176
1103,73,1176
1097,79,1176
1093,83,1176
1087,89,1176
1069,107,1176
1063,113,1176
1049,127,1176
1039,137,1176
1019,157,1176
1013,163,1176
1009,167,1176
997,179,1176
983,193,1176
977,199,1176
953,223,1176
947,229,1176
937,239,1176
919,257,1176
907,269,1176
883,293,1176
863,313,1176
859,317,1176
839,337,1176
829,347,1176
827,349,1176
823,353,1176
809,367,1176
797,379,1176
787,389,1176
757,419,1176
743,433,1176
733,443,1176
727,449,1176
719,457,1176
709,467,1176
677,499,1176
673,503,1176
653,523,1176
619,557,1176
613,563,1176
607,569,1176
599,577,1176
1171,7,1178
1117,61,1178
1069,109,1178
1051,127,1178
1039,139,1178
1021,157,1178
997,181,1178
967,211,1178
937,241,1178
907,271,1178
829,349,1178
811,367,1178
769,409,1178
757,421,1178
739,439,1178
691,487,1178
631,547,1178
607,571,1178
601,577,1178
1163,17,1180
1151,29,1180
1109,71,1180
1097,83,1180
1091,89,1180
1049,131,1180
1031,149,1180
1013,167,1180
983,197,1180
953,227,1180
947,233,1180
941,239,1180
929,251,1180
911,269,1180
887,293,1180
863,317,1180
827,353,1180
821,359,1180
797,383,1180
761,419,1180
719,461,1180
701,479,1180
677,503,1180
659,521,1180
617,563,1180
593,587,1180
1171,11,1182
1163,19,1182
1153,29,1182
1151,31,1182
1129,53,1182
1123,59,1182
1109,73,1182
1103,79,1182
1093,89,1182
1069,113,1182
1051,131,1182
1033,149,1182
1031,151,1182
1019,163,1182
1009,173,1182
991,191,1182
983,199,1182
971,211,1182
953,229,1182
941,241,1182
919,263,1182
911,271,1182
829,353,1182
823,359,1182
809,373,1182
773,409,1182
761,421,1182
751,431,1182
743,439,1182
739,443,1182
733,449,1182
719,463,1182
691,491,1182
683,499,1182
673,509,1182
661,521,1182
659,523,1182
641,541,1182
619,563,1182
613,569,1182
1181,3,1184
1171,13,1184
1153,31,1184
1123,61,1184
1117,67,1184
1087,97,1184
1033,151,1184
1021,163,1184
991,193,1184
907,277,1184
877,307,1184
853,331,1184
811,373,1184
787,397,1184
751,433,1184
727,457,1184
661,523,1184
643,541,1184
613,571,1184
607,577,1184
1181,5,1186
1163,23,1186
1103,83,1186
1097,89,1186
1049,137,1186
1019,167,1186
1013,173,1186
953,233,1186
947,239,1186
929,257,1186
839,347,1186
827,359,1186
797,389,1186
743,443,1186
719,467,1186
683,503,1186
677,509,1186
617,569,1186
599,587,1186
593,593,1186
1181,7,1188
1171,17,1188
1151,37,1188
1129,59,1188
1117,71,1188
1109,79,1188
1091,97,1188
1087,101,1188
1061,127,1188
1051,137,1188
1049,139,1188
1039,149,1188
1031,157,1188
1021,167,1188
1009,179,1188
997,191,1188
991,197,1188
977,211,1188
947,241,1188
937,251,1188
919,269,1188
911,277,1188
907,281,1188
881,307,1188
877,311,1188
857,331,1188
839,349,1188
829,359,1188
821,367,1188
809,379,1188
787,401,1188
769,419,1188
757,431,1188
739,449,1188
727,461,1188
709,479,1188
701,487,1188
647,541,1188
641,547,1188
631,557,1188
619,569,1188
617,571,1188
601,587,1188
1187,3,1190
1171,19,1190
1153,37,1190
1129,61,1190
1123,67,1190
1117,73,1190
1093,97,1190
1087,103,1190
1063,127,1190
1051,139,1190
1039,151,1190
1033,157,1190
1009,181,1190
997,193,1190
991,199,1190
967,223,1190
919,271,1190
907,283,1190
883,307,1190
877,313,1190
859,331,1190
853,337,1190
823,367,1190
811,379,1190
769,421,1190
757,433,1190
751,439,1190
733,457,1190
727,463,1190
691,499,1190
643,547,1190
619,571,1190
613,577,1190
1187,5,1192
1181,11,1192
1163,29,1192
1151,41,1192
1109,83,1192
1103,89,1192
1091,101,1192
1061,131,1192
1019,173,1192
1013,179,1192
953,239,1192
941,251,1192
929,263,1192
911,281,1192
881,311,1192
839,353,1192
809,383,1192
773,419,1192
761,431,1192
743,449,1192
701,491,1192
683,509,1192
599,593,1192
1187,7,1194
1181,13,1194
1171,23,1194
1163,31,1194
1153,41,1194
1151,43,1194
1123,71,1194
1097,97,1194
1093,101,1194
1091,103,1194
1087,107,1194
1063,131,1194
1031,163,1194
1021,173,1194
1013,181,1194
997,197,1194
983,211,1194
971,223,1194
967,227,1194
953,241,1194
937,257,1194
911,283,1194
887,307,1194
883,311,1194
881,313,1194
877,317,1194
863,331,1194
857,337,1194
827,367,1194
821,373,1194
811,383,1194
797,397,1194
773,421,1194
761,433,1194
751,443,1194
733,461,1194
727,467,1194
691,503,1194
673,521,1194
653,541,1194
647,547,1194
631,563,1194
617,577,1194
607,587,1194
601,593,1194
1193,3,1196
1153,43,1196
1129,67,1196
1123,73,1196
1117,79,1196
1093,103,1196
1087,109,1196
1069,127,1196
1039,157,1196
1033,163,1196
997,199,1196
967,229,1196
919,277,1196
883,313,1196
859,337,1196
829,367,1196
823,373,1196
787,409,1196
757,439,1196
739,457,1196
733,463,1196
709,487,1196
673,523,1196
619,577,1196
1193,5,1198
1187,11,1198
1181,17,1198
1151,47,1198
1109,89,1198
1097,101,1198
1091,107,1198
1061,137,1198
1049,149,1198
1031,167,1198
1019,179,1198
971,227,1198
947,251,1198
941,257,1198
929,269,1198
887,311,1198
881,317,1198
839,359,1198
809,389,1198
797,401,1198
719,479,1198
677,521,1198
641,557,1198
599,599,1198
1193,7,1200
1187,13,1200
1181,19,1200
1171,29,1200
1163,37,1200
1153,47,1200
1129,71,1200
1117,83,1200
1103,97,1200
1097,103,1200
1093,107,1200
1091,109,1200
1087,113,1200
1069,131,1200
1063,137,1200
1061,139,1200
1051,149,1200
1049,151,1200
1033,167,1200
1021,179,1200
1019,181,1200
1009,191,1200
977,223,1200
971,229,1200
967,233,1200
937,263,1200
929,271,1200
919,281,1200
907,293,1200
887,313,1200
883,317,1200
863,337,1200
853,347,1200
827,373,1200
821,379,1200
811,389,1200
769,431,1200
761,439,1200
757,443,1200
751,449,1200
743,457,1200
739,461,1200
733,467,1200
709,491,1200
701,499,1200
691,509,1200
677,523,1200
659,541,1200
653,547,1200
643,557,1200
631,569,1200
613,587,1200
607,593,1200
601,599,1200
1171,31,1202
1129,73,1202
1123,79,1202
1093,109,1202
1063,139,1202
1051,151,1202
1039,163,1202
1021,181,1202
1009,193,1202
991,211,1202
919,283,1202
853,349,1202
829,373,1202
823,379,1202
769,433,1202
739,463,1202
661,541,1202
631,571,1202
601,601,1202
1201,3,1204
1193,11,1204
1187,17,1204
1181,23,1204
1163,41,1204
1151,53,1204
1103,101,1204
1097,107,1204
1091,113,1204
1031,173,1204
1013,191,1204
977,227,1204
971,233,1204
953,251,1204
947,257,1204
941,263,1204
911,293,1204
887,317,1204
857,347,1204
821,383,1204
773,431,1204
761,443,1204
743,461,1204
701,503,1204
683,521,1204
647,557,1204
641,563,1204
617,587,1204
1201,5,1206
1193,13,1206
1187,19,1206
1163,43,1206
1153,53,1206
1123,83,1206
1117,89,1206
1109,97,1206
1103,103,1206
1097,109,1206
1093,113,1206
1069,137,1206
1049,157,1206
1039,167,1206
1033,173,1206
1013,193,1206
1009,197,1206
983,223,1206
977,229,1206
967,239,1206
937,269,1206
929,277,1206
859,347,1206
857,349,1206
853,353,1206
839,367,1206
827,379,1206
823,383,1206
809,397,1206
797,409,1206
787,419,1206
773,433,1206
757,449,1206
743,463,1206
739,467,1206
727,479,1206
719,487,1206
683,523,1206
659,547,1206
643,563,1206
619,587,1206
613,593,1206
607,599,1206
1201,7,1208
1171,37,1208
1129,79,1208
1069,139,1208
1051,157,1208
1009,199,1208
997,211,1208
967,241,1208
937,271,1208
877,331,1208
859,349,1208
829,379,1208
811,397,1208
787,421,1208
769,439,1208
751,457,1208
709,499,1208
661,547,1208
631,577,1208
607,601,1208
1193,17,1210
1187,23,1210
1181,29,1210
1163,47,1210
1151,59,1210
1109,101,1210
1103,107,1210
1097,113,1210
1061,149,1210
1031,179,1210
1019,191,1210
1013,197,1210
983,227,1210
977,233,1210
971,239,1210
953,257,1210
947,263,1210
941,269,1210
929,281,1210
863,347,1210
857,353,1210
827,383,1210
821,389,1210
809,401,1210
761,449,1210
743,467,1210
719,491,1210
701,509,1210
653,557,1210
647,563,1210
641,569,1210
617,593,1210
1201,11,1212
1193,19,1212
1181,31,1212
1171,41,1212
1153,59,1212
1151,61,1212
1129,83,1212
1123,89,1212
1109,103,1212
1103,109,1212
1063,149,1212
1061,151,1212
1049,163,1212
1039,173,1212
1033,179,1212
1031,181,1212
1021,191,1212
1019,193,1212
1013,199,1212
983,229,1212
971,241,1212
941,271,1212
929,283,1212
919,293,1212
881,331,1212
863,349,1212
859,353,1212
853,359,1212
839,373,1212
829,383,1212
823,389,1212
811,401,1212
773,439,1212
769,443,1212
751,461,1212
733,479,1212
709,503,1212
691,521,1212
643,569,1212
641,571,1212
619,593,1212
613,599,1212
1201,13,1214
1171,43,1214
1153,61,1214
1117,97,1214
1087,127,1214
1063,151,1214
1051,163,1214
1033,181,1214
1021,193,1214
991,223,1214
937,277,1214
907,307,1214
883,331,1214
877,337,1214
757,457,1214
751,463,1214
727,487,1214
691,523,1214
673,541,1214
643,571,1214
613,601,1214
607,607,1214
1213,3,1216
1193,23,1216
1187,29,1216
1163,53,1216
1109,107,1216
1103,113,1216
1049,167,1216
1019,197,1216
983,233,1216
977,239,1216
953,263,1216
947,269,1216
863,353,1216
857,359,1216
827,389,1216
797,419,1216
773,443,1216
659,557,1216
653,563,1216
647,569,1216
617,599,1216
1213,5,1218
1201,17,1218
1187,31,1218
1181,37,1218
1171,47,1218
1151,67,1218
1129,89,1218
1117,101,1218
1109,109,1218
1091,127,1218
1087,131,1218
1069,149,1218
1061,157,1218
1051,167,1218
1039,179,1218
1021,197,1218
1019,199,1218
991,227,1218
977,241,1218
967,251,1218
947,271,1218
941,277,1218
937,281,1218
911,307,1218
907,311,1218
887,331,1218
881,337,1218
859,359,1218
839,379,1218
829,389,1218
821,397,1218
809,409,1218
797,421,1218
787,431,1218
769,449,1218
761,457,1218
757,461,1218
751,467,1218
739,479,1218
727,491,1218
719,499,1218
709,509,1218
677,541,1218
661,557,1218
647,571,1218
641,577,1218
631,587,1218
619,599,1218
617,601,1218
1217,3,1220
1213,7,1220
1201,19,1220
1153,67,1220
1123,97,1220
1117,103,1220
1093,127,1220
1069,151,1220
1063,157,1220
1039,181,1220
1021,199,1220
1009,211,1220
997,223,1220
991,229,1220
937,283,1220
907,313,1220
883,337,1220
853,367,1220
823,397,1220
811,409,1220
787,433,1220
757,463,1220
733,487,1220
673,547,1220
643,577,1220
619,601,1220
613,607,1220
1217,5,1222
1193,29,1222
1181,41,1222
1163,59,1222
1151,71,1222
1109,113,1222
1091,131,1222
1049,173,1222
1031,191,1222
983,239,1222
971,251,1222
953,269,1222
941,281,1222
929,293,1222
911,311,1222
863,359,1222
839,383,1222
821,401,1222
773,449,1222
761,461,1222
743,479,1222
719,503,1222
701,521,1222
659,563,1222
653,569,1222
1217,7,1224
1213,11,1224
1201,23,1224
1193,31,1224
1187,37,1224
1181,43,1224
1171,53,1224
1163,61,1224
1153,71,1224
1151,73,1224
1123,101,1224
1117,107,1224
1097,127,1224
1093,131,1224
1087,137,1224
1061,163,1224
1051,173,1224
1033,191,1224
1031,193,1224
1013,211,1224
997,227,1224
991,233,1224
983,241,1224
967,257,1224
953,271,1224
947,277,1224
941,283,1224
911,313,1224
907,317,1224
887,337,1224
877,347,1224
857,367,1224
827,397,1224
823,401,1224
761,463,1224
757,467,1224
733,491,1224
701,523,1224
683,541,1224
677,547,1224
661,563,1224
653,571,1224
647,577,1224
631,593,1224
617,607,1224
1223,3,1226
1213,13,1226
1153,73,1226
1129,97,1226
1123,103,1226
1117,109,1226
1087,139,1226
1069,157,1226
1063,163,1226
1033,193,1226
997,229,1226
919,307,1226
877,349,1226
859,367,1226
853,373,1226
829,397,1226
787,439,1226
769,457,1226
739,487,1226
727,499,1226
619,607,1226
613,613,1226
1223,5,1228
1217,11,1228
1187,41,1228
1181,47,1228
1097,131,1228
1091,137,1228
1061,167,1228
1049,179,1228
1031,197,1228
977,251,1228
971,257,1228
947,281,1228
911,317,1228
881,347,1228
839,389,1228
827,401,1228
809,419,1228
797,431,1228
761,467,1228
719,509,1228
659,569,1228
641,587,1228
1223,7,1230
1217,13,1230
1213,17,1230
1201,29,1230
1193,37,1230
1187,43,1230
1171,59,1230
1163,67,1230
1151,79,1230
1129,101,1230
1123,107,1230
1117,113,1230
1103,127,1230
1093,137,1230
1091,139,1230
1063,167,1230
1051,179,1230
1049,181,1230
1039,191,1230
1033,197,1230
1031,199,1230
1019,211,1230
997,233,1230
991,239,1230
967,263,1230
953,277,1230
947,283,1230
937,293,1230
919,311,1230
883,347,1230
881,349,1230
877,353,1230
863,367,1230
857,373,1230
829,401,1230
821,409,1230
811,419,1230
809,421,1230
797,433,1230
787,443,1230
773,457,1230
769,461,1230
751,479,1230
743,487,1230
739,491,1230
727,503,1230
709,521,1230
683,547,1230
673,557,1230
661,569,1230
659,571,1230
653,577,1230
643,587,1230
631,599,1230
617,613,1230
1229,3,1232
1213,19,1232
1201,31,1232
1171,61,1232
1153,79,1232
1129,103,1232
1123,109,1232
1093,139,1232
1069,163,1232
1051,181,1232
1039,193,1232
1033,199,1232
1021,211,1232
1009,223,1232
991,241,1232
919,313,1232
883,349,1232
859,373,1232
853,379,1232
823,409,1232
811,421,1232
769,463,1232
733,499,1232
709,523,1232
691,541,1232
661,571,1232
631,601,1232
619,613,1232
1231,3,1234
1229,5,1234
1223,11,1234
1217,17,1234
1193,41,1234
1187,47,1234
1181,53,1234
1163,71,1234
1151,83,1234
1103,131,1234
1097,137,1234
1061,173,1234
983,251,1234
977,257,1234
971,263,1234
953,281,1234
941,293,1234
887,347,1234
881,353,1234
773,461,1234
743,491,1234
677,557,1234
647,587,1234
641,593,1234
617,617,1234
1231,5,1236
1229,7,1236
1223,13,1236
1217,19,1236
1213,23,1236
1193,43,1236
1163,73,1236
1153,83,1236
1129,107,1236
1123,113,1236
1109,127,1236
1097,139,1236
1087,149,1236
1069,167,1236
1063,173,1236
1039,197,1236
1013,223,1236
1009,227,1236
997,239,1236
967,269,1236
953,283,1236
929,307,1236
919,317,1236
887,349,1236
883,353,1236
877,359,1236
863,373,1236
857,379,1236
853,383,1236
839,397,1236
827,409,1236
797,439,1236
787,449,1236
773,463,1236
769,467,1236
757,479,1236
733,503,1236
727,509,1236
673,563,1236
659,577,1236
643,593,1236
619,617,1236
1231,7,1238
1201,37,1238
1171,67,1238
1129,109,1238
1087,151,1238
1039,199,1238
1009,229,1238
997,241,1238
967,271,1238
907,331,1238
859,379,1238
829,409,1238
751,487,1238
739,499,1238
691,547,1238
661,577,1238
631,607,1238
619,619,1238
1237,3,1240
1229,11,1240
1223,17,1240
1217,23,1240
1193,47,1240
1187,53,1240
1181,59,1240
1151,89,1240
1109,131,1240
1103,137,1240
1091,149,1240
1061,179,1240
1049,191,1240
1013,227,1240
983,257,1240
977,263,1240
971,269,1240
947,293,1240
929,311,1240
887,353,1240
881,359,1240
857,383,1240
839,401,1240
821,419,1240
809,431,1240
797,443,1240
773,467,1240
761,479,1240
719,521,1240
683,557,1240
677,563,1240
653,587,1240
647,593,1240
641,599,1240
1237,5,1242
1231,11,1242
1229,13,1242
1223,19,1242
1213,29,1242
1201,41,1242
1181,61,1242
1171,71,1242
1163,79,1242
1153,89,1242
1129,113,1242
1103,139,1242
1093,149,1242
1091,151,1242
1069,173,1242
1063,179,1242
1061,181,1242
1051,191,1242
1049,193,1242
1031,211,1242
1019,223,1242
1013,229,1242
1009,233,1242
991,251,1242
971,271,1242
929,313,1242
911,331,1242
883,359,1242
863,379,1242
859,383,1242
853,389,1242
823,419,1242
821,421,1242
811,431,1242
809,433,1242
751,491,1242
743,499,1242
739,503,1242
733,509,1242
719,523,1242
701,541,1242
673,569,1242
643,599,1242
641,601,1242
1237,7,1244
1231,13,1244
1213,31,1244
1201,43,1244
1171,73,1244
1117,127,1244
1093,151,1244
1087,157,1244
1063,181,1244
1051,193,1244
1033,211,1244
1021,223,1244
967,277,1244
937,307,1244
907,337,1244
877,367,1244
823,421,1244
811,433,1244
787,457,1244
757,487,1244
673,571,1244
643,601,1244
631,613,1244
1229,17,1246
1223,23,1246
1217,29,1246
1193,53,1246
1187,59,1246
1163,83,1246
1109,137,1246
1097,149,1246
1049,197,1246
1019,227,1246
1013,233,1246
983,263,1246
977,269,1246
953,293,1246
929,317,1246
887,359,1246
863,383,1246
857,389,1246
827,419,1246
797,449,1246
743,503,1246
683,563,1246
677,569,1246
659,587,1246
653,593,1246
647,599,1246
1237,11,1248
1231,17,1248
1229,19,1248
1217,31,1248
1201,47,1248
1187,61,1248
1181,67,1248
1151,97,1248
1117,131,1248
1109,139,1248
1097,151,1248
1091,157,1248
1069,179,1248
1051,197,1248
1049,199,1248
1021,227,1248
1019,229,1248
1009,239,1248
997,251,1248
991,257,1248
977,271,1248
971,277,1248
967,281,1248
941,307,1248
937,311,1248
911,337,1248
881,367,1248
859,389,1248
839,409,1248
829,419,1248
827,421,1248
809,439,1248
787,461,1248
769,479,1248
761,487,1248
757,491,1248
739,509,1248
727,521,1248
701,547,1248
691,557,1248
677,571,1248
661,587,1248
647,601,1248
641,607,1248
631,617,1248
1237,13,1250
1231,19,1250
1213,37,1250
1171,79,1250
1153,97,1250
1123,127,1250
1093,157,1250
1087,163,1250
1069,181,1250
1051,199,1250
1039,211,1250
1021,229,1250
1009,241,1250
967,283,1250
937,313,1250
919,331,1250
883,367,1250
877,373,1250
853,397,1250
829,421,1250
811,439,1250
787,463,1250
751,499,1250
727,523,1250
709,541,1250
673,577,1250
643,607,1250
631,619,1250
1249,3,1252
1229,23,1252
1223,29,1252
1193,59,1252
1181,71,1252
1163,89,1252
1151,101,1252
1103,149,1252
1061,191,1252
1019,233,1252
1013,239,1252
983,269,1252
971,281,1252
941,311,1252
863,389,1252
821,431,1252
809,443,1252
773,479,1252
761,491,1252
743,509,1252
683,569,1252
659,593,1252
653,599,1252
1249,5,1254
1237,17,1254
1231,23,1254
1223,31,1254
1217,37,1254
1213,41,1254
1201,53,1254
1193,61,1254
1187,67,1254
1181,73,1254
1171,83,1254
1153,101,1254
1151,103,1254
1123,131,1254
1117,137,1254
1103,151,1254
1097,157,1254
1091,163,1254
1087,167,1254
1063,191,1254
1061,193,1254
1031,223,1254
1021,233,1254
1013,241,1254
997,257,1254
991,263,1254
983,271,1254
977,277,1254
971,283,1254
947,307,1254
941,313,1254
937,317,1254
907,347,1254
887,367,1254
881,373,1254
857,397,1254
853,401,1254
823,431,1254
821,433,1254
811,443,1254
797,457,1254
787,467,1254
751,503,1254
733,521,1254
691,563,1254
683,571,1254
677,577,1254
661,593,1254
653,601,1254
647,607,1254
641,613,1254
1249,7,1256
1237,19,1256
1213,43,1256
1153,103,1256
1129,127,1256
1117,139,1256
1093,163,1256
1063,193,1256
1033,223,1256
919,337,1256
907,349,1256
883,373,1256
877,379,1256
859,397,1256
823,433,1256
769,487,1256
757,499,1256
733,523,1256
709,547,1256
643,613,1256
1229,29,1258
1217,41,1258
1187,71,1258
1151,107,1258
1109,149,1258
1091,167,1258
1061,197,1258
1031,227,1258
1019,239,1258
977,281,1258
947,311,1258
941,317,1258
911,347,1258
857,401,1258
839,419,1258
827,431,1258
809,449,1258
797,461,1258
701,557,1258
659,599,1258
641,617,1258
1249,11,1260
1237,23,1260
1231,29,1260
1229,31,1260
1223,37,1260
1217,43,1260
1213,47,1260
1201,59,1260
1193,67,1260
1187,73,1260
1181,79,1260
1171,89,1260
1163,97,1260
1153,107,1260
1151,109,1260
1129,131,1260
1123,137,1260
1109,151,1260
1103,157,1260
1097,163,1260
1093,167,1260
1087,173,1260
1069,191,1260
1063,197,1260
1061,199,1260
1049,211,1260
1033,227,1260
1031,229,1260
1021,239,1260
1019,241,1260
1009,251,1260
997,263,1260
991,269,1260
983,277,1260
977,283,1260
967,293,1260
953,307,1260
947,313,1260
929,331,1260
911,349,1260
907,353,1260
887,373,1260
881,379,1260
877,383,1260
863,397,1260
859,401,1260
839,421,1260
829,431,1260
827,433,1260
821,439,1260
811,449,1260
797,463,1260
773,487,1260
769,491,1260
761,499,1260
757,503,1260
751,509,1260
739,521,1260
719,541,1260
691,569,1260
683,577,1260
673,587,1260
661,599,1260
659,601,1260
653,607,1260
647,613,1260
643,617,1260
641,619,1260
1259,3,1262
1249,13,1262
1231,31,1262
1201,61,1262
1153,109,1262
1123,139,1262
1069,193,1262
1063,199,1262
1051,211,1262
1039,223,1262
1033,229,1262
1021,241,1262
991,271,1262
883,379,1262
853,409,1262
829,433,1262
823,439,1262
739,523,1262
691,571,1262
661,601,1262
643,619,1262
631,631,1262
1259,5,1264
1223,41,1264
1217,47,1264
1193,71,1264
1181,83,1264
1163,101,1264
1151,113,1264
1097,167,1264
1091,173,1264
1031,233,1264
1013,251,1264
983,281,1264
971,293,1264
953,311,1264
947,317,1264
911,353,1264
881,383,1264
863,401,1264
821,443,1264
797,467,1264
773,491,1264
761,503,1264
743,521,1264
701,563,1264
677,587,1264
647,617,1264
1259,7,1266
1249,17,1266
1237,29,1266
1229,37,1266
1223,43,1266
1213,53,1266
1193,73,1266
1187,79,1266
1163,103,1266
1153,113,1266
1129,137,1266
1117,149,1266
1109,157,1266
1103,163,1266
1093,173,1266
1087,179,1266
1069,197,1266
1039,227,1266
1033,233,1266
1009,257,1266
997,269,1266
983,283,1266
953,313,1266
929,337,1266
919,347,1266
907,359,1266
887,379,1266
883,383,1266
877,389,1266
857,409,1266
827,439,1266
823,443,1266
809,457,1266
787,479,1266
757,509,1266
743,523,1266
719,547,1266
709,557,1266
673,593,1266
659,607,1266
653,613,1266
647,619,1266
1249,19,1268
1237,31,1268
1231,37,1268
1201,67,1268
1171,97,1268
1129,139,1268
1117,151,1268
1087,181,1268
1069,199,1268
1039,229,1268
997,271,1268
991,277,1268
937,331,1268
919,349,1268
859,409,1268
829,439,1268
811,457,1268
769,499,1268
727,541,1268
691,577,1268
661,607,1268
1259,11,1270
1229,41,1270
1223,47,1270
1217,53,1270
1187,83,1270
1181,89,1270
1163,107,1270
1103,167,1270
1097,173,1270
1091,179,1270
1031,239,1270
1019,251,1270
1013,257,1270
977,293,1270
953,317,1270
911,359,1270
887,383,1270
881,389,1270
839,431,1270
827,443,1270
821,449,1270
809,461,1270
761,509,1270
701,569,1270
683,587,1270
677,593,1270
653,617,1270
1259,13,1272
1249,23,1272
1231,41,1272
1229,43,1272
1213,59,1272
1201,71,1272
1193,79,1272
1171,101,1272
1163,109,1272
1123,149,1272
1109,163,1272
1093,179,1272
1091,181,1272
1061,211,1272
1049,223,1272
1039,233,1272
1033,239,1272
1031,241,1272
1021,251,1272
1009,263,1272
991,281,1272
941,331,1272
919,353,1272
883,389,1272
863,409,1272
853,419,1272
839,433,1272
829,443,1272
823,449,1272
811,461,1272
809,463,1272
773,499,1272
769,503,1272
751,521,1272
709,563,1272
701,571,1272
673,599,1272
659,613,1272
653,619,1272
641,631,1272
1237,37,1274
1231,43,1274
1213,61,1274
1201,73,1274
1171,103,1274
1123,151,1274
1117,157,1274
1093,181,1274
1063,211,1274
1051,223,1274
1033,241,1274
997,277,1274
991,283,1274
967,307,1274
937,337,1274
907,367,1274
877,397,1274
853,421,1274
811,463,1274
787,487,1274
751,523,1274
733,541,1274
727,547,1274
673,601,1274
661,613,1274
643,631,1274
1259,17,1276
1229,47,1276
1223,53,1276
1217,59,1276
1193,83,1276
1187,89,1276
1163,113,1276
1109,167,1276
1103,173,1276
1097,179,1276
1049,227,1276
1019,257,1276
1013,263,1276
983,293,1276
929,347,1276
887,389,1276
857,419,1276
827,449,1276
809,467,1276
797,479,1276
773,503,1276
719,557,1276
683,593,1276
677,599,1276
659,617,1276
1259,19,1278
1249,29,1278
1237,41,1278
1231,47,1278
1217,61,1278
1181,97,1278
1171,107,1278
1151,127,1278
1129,149,1278
1097,181,1278
1087,191,1278
1051,227,1278
1049,229,1278
1039,239,1278
1021,257,1278
1009,269,1278
997,281,1278
971,307,1278
967,311,1278
947,331,1278
941,337,1278
929,349,1278
919,359,1278
911,367,1278
881,397,1278
877,401,1278
859,419,1278
857,421,1278
839,439,1278
829,449,1278
821,457,1278
811,467,1278
787,491,1278
769,509,1278
757,521,1278
709,569,1278
701,577,1278
691,587,1278
677,601,1278
661,617,1278
659,619,1278
647,631,1278
1277,3,1280
1249,31,1280
1237,43,1280
1213,67,1280
1201,79,1280
1171,109,1280
1153,127,1280
1129,151,1280
1123,157,1280
1117,163,1280
1087,193,1280
1069,211,1280
1051,229,1280
1039,241,1280
1009,271,1280
997,283,1280
967,313,1280
907,373,1280
883,397,1280
859,421,1280
823,457,1280
757,523,1280
739,541,1280
733,547,1280
709,571,1280
673,607,1280
661,619,1280
1279,3,1282
1277,5,1282
1259,23,1282
1229,53,1282
1223,59,1282
1193,89,1282
1181,101,1282
1151,131,1282
1109,173,1282
1103,179,1282
1091,191,1282
1049,233,1282
1031,251,1282
1019,263,1282
1013,269,1282
971,311,1282
929,353,1282
881,401,1282
863,419,1282
839,443,1282
821,461,1282
773,509,1282
761,521,1282
719,563,1282
683,599,1282
641,641,1282
1279,5,1284
1277,7,1284
1237,47,1284
1231,53,1284
1223,61,1284
1217,67,1284
1213,71,1284
1201,83,1284
1187,97,1284
1181,103,1284
1171,113,1284
1153,131,1284
1117,167,1284
1103,181,1284
1093,191,1284
1091,193,1284
1087,197,1284
1061,223,1284
1051,233,1284
1033,251,1284
1021,263,1284
1013,271,1284
991,293,1284
977,307,1284
971,313,1284
967,317,1284
953,331,1284
947,337,1284
937,347,1284
911,373,1284
887,397,1284
883,401,1284
863,421,1284
853,431,1284
827,457,1284
823,461,1284
821,463,1284
797,487,1284
761,523,1284
743,541,1284
727,557,1284
691,593,1284
683,601,1284
677,607,1284
653,631,1284
643,641,1284
1283,3,1286
1279,7,1286
1249,37,1286
1213,73,1286
1129,157,1286
1123,163,1286
1093,193,1286
1087,199,1286
1063,223,1286
1009,277,1286
937,349,1286
919,367,1286
907,379,1286
877,409,1286
853,433,1286
829,457,1286
823,463,1286
787,499,1286
739,547,1286
709,577,1286
673,613,1286
643,643,1286
1283,5,1288
1277,11,1288
1259,29,1288
1229,59,1288
1217,71,1288
1187,101,1288
1181,107,1288
1151,137,1288
1109,179,1288
1097,191,1288
1091,197,1288
1061,227,1288
1049,239,1288
1031,257,1288
1019,269,1288
977,311,1288
971,317,1288
941,347,1288
929,359,1288
887,401,1288
857,431,1288
839,449,1288
827,461,1288
821,467,1288
809,479,1288
797,491,1288
719,569,1288
701,587,1288
647,641,1288
1283,7,1290
1279,11,1290
1277,13,1290
1259,31,1290
1249,41,1290
1237,53,1290
1231,59,1290
1229,61,1290
1223,67,1290
1217,73,1290
1201,89,1290
1193,97,1290
1187,103,1290
1181,109,1290
1163,127,1290
1153,137,1290
1151,139,1290
1123,167,1290
1117,173,1290
1109,181,1290
1097,193,1290
1093,197,1290
1091,199,1290
1063,227,1290
1061,229,1290
1051,239,1290
1049,241,1290
1039,251,1290
1033,257,1290
1021,269,1290
1019,271,1290
1013,277,1290
1009,281,1290
997,293,1290
983,307,1290
977,313,1290
953,337,1290
941,349,1290
937,353,1290
911,379,1290
907,383,1290
881,409,1290
859,431,1290
857,433,1290
829,461,1290
827,463,1290
823,467,1290
811,479,1290
787,503,1290
769,521,1290
743,547,1290
733,557,1290
727,563,1290
719,571,1290
691,599,1290
683,607,1290
677,613,1290
673,617,1290
659,631,1290
647,643,1290
1289,3,1292
1279,13,1292
1249,43,1292
1231,61,1292
1213,79,1292
1153,139,1292
1129,163,1292
1093,199,1292
1069,223,1292
1063,229,1292
1051,241,1292
1021,271,1292
1009,283,1292
919,373,1292
883,409,1292
859,433,1292
853,439,1292
829,463,1292
769,523,1292
751,541,1292
691,601,1292
673,619,1292
661,631,1292
1291,3,1294
1289,5,1294
1283,11,1294
1277,17,1294
1223,71,1294
1193,101,1294
1187,107,1294
1181,113,1294
1163,131,1294
1103,191,1294
1097,197,1294
1061,233,1294
1031,263,1294
1013,281,1294
983,311,1294
977,317,1294
947,347,1294
941,353,1294
911,383,1294
863,431,1294
827,467,1294
773,521,1294
701,593,1294
677,617,1294
653,641,1294
647,647,1294
1291,5,1296
1289,7,1296
1283,13,1296
1279,17,1296
1277,19,1296
1259,37,1296
1249,47,1296
1237,59,1296
1229,67,1296
1223,73,1296
1217,79,1296
1213,83,1296
1193,103,1296
1187,109,1296
1129,167,1296
1123,173,1296
1117,179,1296
1103,193,1296
1097,199,1296
1069,227,1296
1063,233,1296
1039,257,1296
1033,263,1296
1019,277,1296
1013,283,1296
983,313,1296
947,349,1296
937,359,1296
929,367,1296
907,389,1296
887,409,1296
877,419,1296
863,433,1296
857,439,1296
853,443,1296
839,457,1296
829,467,1296
809,487,1296
797,499,1296
787,509,1296
773,523,1296
739,557,1296
733,563,1296
727,569,1296
719,577,1296
709,587,1296
683,613,1296
677,619,1296
653,643,1296
1291,7,1298
1279,19,1298
1237,61,1298
1231,67,1298
1201,97,1298
1171,127,1298
1117,181,1298
1087,211,1298
1069,229,1298
1021,277,1298
991,307,1298
967,331,1298
919,379,1298
877,421,1298
859,439,1298
811,487,1298
757,541,1298
751,547,1298
727,571,1298
691,607,1298
1297,3,1300
1289,11,1300
1283,17,1300
1277,23,1300
1259,41,1300
1229,71,1300
1217,83,1300
1193,107,1300
1187,113,1300
1163,137,1300
1151,149,1300
1109,191,1300
1103,197,1300
1061,239,1300
1049,251,1300
1031,269,1300
1019,281,1300
983,317,1300
953,347,1300
947,353,1300
941,359,1300
911,389,1300
881,419,1300
857,443,1300
839,461,1300
821,479,1300
809,491,1300
797,503,1300
743,557,1300
701,599,1300
683,617,1300
659,641,1300
653,647,1300
1297,5,1302
1291,11,1302
1289,13,1302
1283,19,1302
1279,23,1302
1259,43,1302
1249,53,1302
1231,71,1302
1229,73,1302
1223,79,1302
1213,89,1302
1201,101,1302
1193,109,1302
1171,131,1302
1163,139,1302
1153,149,1302
1151,151,1302
1129,173,1302
1123,179,1302
1109,193,1302
1103,199,1302
1091,211,1302
1069,233,1302
1063,239,1302
1061,241,1302
1051,251,1302
1039,263,1302
1033,269,1302
1031,271,1302
1021,281,1302
1019,283,1302
1009,293,1302
991,311,1302
971,331,1302
953,349,1302
929,373,1302
919,383,1302
883,419,1302
881,421,1302
863,439,1302
859,443,1302
853,449,1302
839,463,1302
823,479,1302
811,491,1302
761,541,1302
739,563,1302
733,569,1302
709,593,1302
701,601,1302
683,619,1302
661,641,1302
659,643,1302
1301,3,1304
1297,7,1304
1291,13,1304
1237,67,1304
1231,73,1304
1201,103,1304
1153,151,1304
1123,181,1304
1093,211,1304
1063,241,1304
1033,271,1304
1021,283,1304
997,307,1304
991,313,1304
967,337,1304
937,367,1304
907,397,1304
883,421,1304
757,547,1304
733,571,1304
727,577,1304
691,613,1304
673,631,1304
661,643,1304
1303,3,1306
1301,5,1306
1289,17,1306
1283,23,1306
1277,29,1306
1259,47,1306
1223,83,1306
1217,89,1306
1193,113,1306
1109,197,1306
1049,257,1306
1013,293,1306
953,353,1306
947,359,1306
887,419,1306
863,443,1306
857,449,1306
839,467,1306
827,479,1306
797,509,1306
743,563,1306
719,587,1306
659,647,1306
653,653,1306
1303,5,1308
1301,7,1308
1297,11,1308
1291,17,1308
1289,19,1308
1279,29,1308
1277,31,1308
1249,59,1308
1237,71,1308
1229,79,1308
1201,107,1308
1181,127,1308
1171,137,1308
1151,157,1308
1129,179,1308
1117,191,1308
1109,199,1308
1097,211,1308
1069,239,1308
1051,257,1308
1039,269,1308
1031,277,1308
997,311,1308
991,317,1308
977,331,1308
971,337,1308
941,367,1308
929,379,1308
919,389,1308
911,397,1308
907,401,1308
887,421,1308
877,431,1308
859,449,1308
829,479,1308
821,487,1308
809,499,1308
787,521,1308
761,547,1308
751,557,1308
739,569,1308
709,599,1308
701,607,1308
691,617,1308
677,631,1308
661,647,1308
1307,3,1310
1303,7,1310
1297,13,1310
1291,19,1310
1279,31,1310
1249,61,1310
1237,73,1310
1231,79,1310
1213,97,1310
1201,109,1310
1171,139,1310
1153,157,1310
1129,181,1310
1117,193,1310
1087,223,1310
1069,241,1310
1039,271,1310
1033,277,1310
997,313,1310
937,373,1310
877,433,1310
853,457,1310
823,487,1310
811,499,1310
787,523,1310
769,541,1310
739,571,1310
733,577,1310
709,601,1310
691,619,1310
1307,5,1312
1301,11,1312
1289,23,1312
1283,29,1312
1259,53,1312
1229,83,1312
1223,89,1312
1181,131,1312
1163,149,1312
1061,251,1312
1049,263,1312
1031,281,1312
1019,293,1312
953,359,1312
929,383,1312
911,401,1312
881,431,1312
863,449,1312
821,491,1312
809,503,1312
743,569,1312
719,593,1312
659,653,1312
1307,7,1314
1303,11,1314
1301,13,1314
1297,17,1314
1291,23,1314
1283,31,1314
1277,37,1314
1231,83,1314
1217,97,1314
1213,101,1314
1201,113,1314
1187,127,1314
1163,151,1314
1151,163,1314
1123,191,1314
1117,197,1314
1103,211,1314
1091,223,1314
1087,227,1314
1063,251,1314
1051,263,1314
1033,281,1314
1031,283,1314
1021,293,1314
997,317,1314
983,331,1314
977,337,1314
967,347,1314
947,367,1314
941,373,1314
883,431,1314
881,433,1314
857,457,1314
853,461,1314
827,487,1314
823,491,1314
811,503,1314
773,541,1314
757,557,1314
751,563,1314
743,571,1314
727,587,1314
701,613,1314
683,631,1314
673,641,1314
661,653,1314
1303,13,1316
1297,19,1316
1279,37,1316
1249,67,1316
1237,79,1316
1213,103,1316
1153,163,1316
1123,193,1316
1117,199,1316
1093,223,1316
1087,229,1316
1039,277,1316
1033,283,1316
1009,307,1316
967,349,1316
937,379,1316
919,397,1316
907,409,1316
883,433,1316
877,439,1316
859,457,1316
853,463,1316
829,487,1316
769,547,1316
739,577,1316
709,607,1316
673,643,1316
1307,11,1318
1301,17,1318
1289,29,1318
1277,41,1318
1259,59,1318
1229,89,1318
1217,101,1318
1187,131,1318
1181,137,1318
1151,167,1318
1091,227,1318
1061,257,1318
1049,269,1318
971,347,1318
929,389,1318
887,431,1318
857,461,1318
839,479,1318
827,491,1318
809,509,1318
797,521,1318
761,557,1318
719,599,1318
701,617,1318
677,641,1318
659,659,1318
1307,13,1320
1303,17,1320
1301,19,1320
1297,23,1320
1291,29,1320
1289,31,1320
1283,37,1320
1279,41,1320
1277,43,1320
1259,61,1320
1249,71,1320
1237,83,1320
1231,89,1320
1223,97,1320
1217,103,1320
1213,107,1320
1193,127,1320
1181,139,1320
1171,149,1320
1163,157,1320
1153,167,1320
1129,191,1320
1123,197,1320
1109,211,1320
1097,223,1320
1093,227,1320
1091,229,1320
1087,233,1320
1069,251,1320
1063,257,1320
1051,269,1320
1049,271,1320
1039,281,1320
1013,307,1320
1009,311,1320
983,337,1320
971,349,1320
967,353,1320
953,367,1320
947,373,1320
941,379,1320
937,383,1320
919,401,1320
911,409,1320
887,433,1320
881,439,1320
877,443,1320
863,457,1320
859,461,1320
857,463,1320
853,467,1320
829,491,1320
821,499,1320
811,509,1320
797,523,1320
773,547,1320
757,563,1320
751,569,1320
743,577,1320
733,587,1320
727,593,1320
719,601,1320
701,619,1320
677,643,1320
673,647,1320
661,659,1320
1319,3,1322
1303,19,1322
1291,31,1322
1279,43,1322
1249,73,1322
1213,109,1322
1171,151,1322
1129,193,1322
1123,199,1322
1093,229,1322
1051,271,1322
1039,283,1322
1009,313,1322
991,331,1322
883,439,1322
859,463,1322
823,499,1322
751,571,1322
709,613,1322
691,631,1322
661,661,1322
1321,3,1324
1319,5,1324
1307,17,1324
1301,23,1324
1283,41,1324
1277,47,1324
1223,101,1324
1217,107,1324
1193,131,1324
1187,137,1324
1151,173,1324
1097,227,1324
1091,233,1324
1061,263,1324
1031,293,1324
1013,311,1324
977,347,1324
971,353,1324
941,383,1324
881,443,1324
863,461,1324
857,467,1324
821,503,1324
761,563,1324
683,641,1324
677,647,1324
1321,5,1326
1319,7,1326
1307,19,1326
1303,23,1326
1297,29,1326
1289,37,1326
1283,43,1326
1279,47,1326
1259,67,1326
1237,89,1326
1229,97,1326
1223,103,1326
1217,109,1326
1213,113,1326
1187,139,1326
1163,163,1326
1153,173,1326
1129,197,1326
1103,223,1326
1097,229,1326
1093,233,1326
1087,239,1326
1069,257,1326
1063,263,1326
1049,277,1326
1033,293,1326
1019,307,1326
1013,313,1326
1009,317,1326
977,349,1326
967,359,1326
953,373,1326
947,379,1326
937,389,1326
929,397,1326
907,419,1326
887,439,1326
883,443,1326
877,449,1326
863,463,1326
859,467,1326
839,487,1326
827,499,1326
823,503,1326
769,557,1326
757,569,1326
739,587,1326
733,593,1326
727,599,1326
719,607,1326
709,617,1326
683,643,1326
673,653,1326
1321,7,1328
1297,31,1328
1291,37,1328
1249,79,1328
1231,97,1328
1201,127,1328
1171,157,1328
1129,199,1328
1117,211,1328
1087,241,1328
1051,277,1328
1021,307,1328
997,331,1328
991,337,1328
919,409,1328
907,421,1328
829,499,1328
787,541,1328
757,571,1328
751,577,1328
727,601,1328
709,619,1328
1327,3,1330
1319,11,1330
1307,23,1330
1301,29,1330
1289,41,1330
1283,47,1330
1277,53,1330
1259,71,1330
1229,101,1330
1223,107,1330
1217,113,1330
1193,137,1330
1181,149,1330
1163,167,1330
1151,179,1330
1103,227,1330
1097,233,1330
1091,239,1330
1061,269,1330
1049,281,1330
1019,311,1330
1013,317,1330
983,347,1330
977,353,1330
971,359,1330
947,383,1330
941,389,1330
929,401,1330
911,419,1330
887,443,1330
881,449,1330
863,467,1330
839,491,1330
827,503,1330
821,509,1330
809,521,1330
773,557,1330
761,569,1330
743,587,1330
683,647,1330
677,653,1330
1327,5,1332
1321,11,1332
1319,13,1332
1303,29,1332
1301,31,1332
1291,41,1332
1289,43,1332
1279,53,1332
1259,73,1332
1249,83,1332
1231,101,1332
1229,103,1332
1223,109,1332
1201,131,1332
1193,139,1332
1181,151,1332
1153,179,1332
1151,181,1332
1109,223,1332
1103,229,1332
1093,239,1332
1091,241,1332
1069,263,1332
1063,269,1332
1061,271,1332
1051,281,1332
1049,283,1332
1039,293,1332
1021,311,1332
1019,313,1332
983,349,1332
953,379,1332
911,421,1332
883,449,1332
853,479,1332
829,503,1332
823,509,1332
811,521,1332
809,523,1332
769,563,1332
761,571,1332
739,593,1332
733,599,1332
719,613,1332
701,631,1332
691,641,1332
673,659,1332
1327,7,1334
1321,13,1334
1303,31,1334
1297,37,1334
1291,43,1334
1237,97,1334
1231,103,1334
1171,163,1334
1153,181,1334
1123,211,1334
1093,241,1334
1063,271,1334
1051,283,1334
1021,313,1334
997,337,1334
967,367,1334
937,397,1334
877,457,1334
811,523,1334
787,547,1334
757,577,1334
733,601,1334
727,607,1334
691,643,1334
673,661,1334
1319,17,1336
1307,29,1336
1289,47,1336
1283,53,1336
1277,59,1336
1229,107,1336
1223,113,1336
1187,149,1336
1163,173,1336
1109,227,1336
1103,233,1336
1097,239,1336
1019,317,1336
983,353,1336
977,359,1336
953,383,1336
947,389,1336
887,449,1336
857,479,1336
827,509,1336
773,563,1336
743,593,1336
719,617,1336
683,653,1336
677,659,1336
1327,11,1338
1321,17,1338
1319,19,1338
1307,31,1338
1301,37,1338
1297,41,1338
1291,47,1338
1279,59,1338
1277,61,1338
1259,79,1338
1249,89,1338
1237,101,1338
1231,107,1338
1229,109,1338
1201,137,1338
1187,151,1338
1181,157,1338
1171,167,1338
1109,229,1338
1097,241,1338
1087,251,1338
1069,269,1338
1061,277,1338
1031,307,1338
1021,317,1338
991,347,1338
971,367,1338
941,397,1338
937,401,1338
929,409,1338
919,419,1338
907,431,1338
881,457,1338
877,461,1338
859,479,1338
839,499,1338
829,509,1338
797,541,1338
769,569,1338
761,577,1338
751,587,1338
739,599,1338
719,619,1338
691,647,1338
677,661,1338
1327,13,1340
1321,19,1340
1303,37,1340
1297,43,1340
1279,61,1340
1237,103,1340
1231,109,1340
1213,127,1340
1201,139,1340
1129,211,1340
1117,223,1340
1069,271,1340
1063,277,1340
1033,307,1340
1009,331,1340
991,349,1340
967,373,1340
919,421,1340
907,433,1340
883,457,1340
877,463,1340
853,487,1340
769,571,1340
739,601,1340
733,607,1340
727,613,1340
709,631,1340
1319,23,1342
1301,41,1342
1289,53,1342
1283,59,1342
1259,83,1342
1229,113,1342
1193,149,1342
1163,179,1342
1151,191,1342
1109,233,1342
1103,239,1342
1091,251,1342
1061,281,1342
1049,293,1342
1031,311,1342
983,359,1342
953,389,1342
941,401,1342
911,431,1342
881,461,1342
863,479,1342
839,503,1342
821,521,1342
773,569,1342
743,599,1342
701,641,1342
683,659,1342
1327,17,1344
1321,23,1344
1307,37,1344
1303,41,1344
1301,43,1344
1297,47,1344
1291,53,1344
1283,61,1344
1277,67,1344
1237,107,1344
1231,113,1344
1217,127,1344
1213,131,1344
1193,151,1344
1187,157,1344
1181,163,1344
1171,173,1344
1163,181,1344
1153,191,1344
1151,193,1344
1117,227,1344
1103,241,1344
1093,251,1344
1087,257,1344
1063,281,1344
1061,283,1344
1051,293,1344
1033,311,1344
1031,313,1344
1013,331,1344
997,347,1344
991,353,1344
977,367,1344
971,373,1344
947,397,1344
911,433,1344
887,457,1344
883,461,1344
881,463,1344
877,467,1344
857,487,1344
853,491,1344
823,521,1344
821,523,1344
797,547,1344
787,557,1344
773,571,1344
757,587,1344
751,593,1344
743,601,1344
727,617,1344
701,643,1344
691,653,1344
683,661,1344
1327,19,1346
1303,43,1346
1279,67,1346
1249,97,1346
1237,109,1346
1153,193,1346
1123,223,1346
1117,229,1346
1069,277,1346
1063,283,1346
1039,307,1346
1033,313,1346
1009,337,1346
997,349,1346
967,379,1346
937,409,1346
907,439,1346
883,463,1346
859,487,1346
823,523,1346
769,577,1346
739,607,1346
733,613,1346
727,619,1346
673,673,1346
1319,29,1348
1307,41,1348
1301,47,1348
1289,59,1348
1277,71,1348
1259,89,1348
1217,131,1348
1181,167,1348
1151,197,1348
1109,239,1348
1097,251,1348
1091,257,1348
1031,317,1348
947,401,1348
929,419,1348
887,461,1348
881,467,1348
857,491,1348
839,509,1348
827,521,1348
761,587,1348
701,647,1348
1327,23,1350
1321,29,1350
1319,31,1350
1307,43,1350
1303,47,1350
1297,53,1350
1291,59,1350
1289,61,1350
1283,67,1350
1279,71,1350
1277,73,1350
1249,101,1350
1237,113,1350
1223,127,1350
1213,137,1350
1201,149,1350
1193,157,1350
1187,163,1350
1171,179,1350
1153,197,1350
1151,199,1350
1123,227,1350
1117,233,1350
1109,241,1350
1093,257,1350
1087,263,1350
1069,281,1350
1039,311,1350
1033,317,1350
1019,331,1350
1013,337,1350
997,353,1350
991,359,1350
983,367,1350
977,373,1350
971,379,1350
967,383,1350
953,397,1350
941,409,1350
929,421,1350
919,431,1350
911,439,1350
907,443,1350
887,463,1350
883,467,1350
863,487,1350
859,491,1350
829,521,1350
827,523,1350
809,541,1350
787,563,1350
773,577,1350
757,593,1350
751,599,1350
743,607,1350
733,617,1350
719,631,1350
709,641,1350
691,659,1350
677,673,1350
1321,31,1352
1291,61,1352
1279,73,1352
1249,103,1352
1213,139,1352
1201,151,1352
1171,181,1352
1153,199,1352
1129,223,1352
1123,229,1352
1069,283,1352
1039,313,1352
1021,331,1352
919,433,1352
853,499,1352
829,523,1352
811,541,1352
751,601,1352
739,613,1352
733,619,1352
709,643,1352
691,661,1352
1307,47,1354
1301,53,1354
1283,71,1354
1223,131,1354
1217,137,1354
1187,167,1354
1181,173,1354
1163,191,1354
1103,251,1354
1097,257,1354
1091,263,1354
1061,293,1354
971,383,1354
953,401,1354
911,443,1354
887,467,1354
863,491,1354
797,557,1354
761,593,1354
701,653,1354
677,677,1354
1327,29,1356
1319,37,1356
1303,53,1356
1297,59,1356
1289,67,1356
1283,73,1356
1277,79,1356
1259,97,1356
1249,107,1356
1229,127,1356
1217,139,1356
1193,163,1356
1163,193,1356
1129,227,1356
1123,233,1356
1117,239,1356
1093,263,1356
1087,269,1356
1063,293,1356
1049,307,1356
1039,317,1356
1019,337,1356
1009,347,1356
997,359,1356
983,373,1356
977,379,1356
967,389,1356
947,409,1356
937,419,1356
907,449,1356
877,479,1356
857,499,1356
853,503,1356
809,547,1356
787,569,1356
769,587,1356
757,599,1356
743,613,1356
739,617,1356
709,647,1356
683,673,1356
1327,31,1358
1321,37,1358
1297,61,1358
1291,67,1358
1279,79,1358
1249,109,1358
1231,127,1358
1201,157,1358
1129,229,1358
1117,241,1358
1087,271,1358
1051,307,1358
1021,337,1358
1009,349,1358
991,367,1358
937,421,1358
919,439,1358
859,499,1358
811,547,1358
787,571,1358
757,601,1358
751,607,1358
739,619,1358
727,631,1358
1319,41,1360
1307,53,1360
1301,59,1360
1289,71,1360
1277,83,1360
1259,101,1360
1229,131,1360
1223,137,1360
1193,167,1360
1187,173,1360
1181,179,1360
1163,197,1360
1109,251,1360
1103,257,1360
1097,263,1360
1091,269,1360
1049,311,1360
1013,347,1360
977,383,1360
971,389,1360
941,419,1360
929,431,1360
911,449,1360
881,479,1360
857,503,1360
839,521,1360
797,563,1360
773,587,1360
761,599,1360
743,617,1360
719,641,1360
701,659,1360
683,677,1360
1321,41,1362
1319,43,1362
1303,59,1362
1301,61,1362
1291,71,1362
1289,73,1362
1283,79,1362
1279,83,1362
1259,103,1362
1249,113,1362
1231,131,1362
1223,139,1362
1213,149,1362
1181,181,1362
1171,191,1362
1163,199,1362
1151,211,1362
1129,233,1362
1123,239,1362
1093,269,1362
1091,271,1362
1069,293,1362
1051,311,1362
1049,313,1362
1031,331,1362
1013,349,1362
1009,353,1362
983,379,1362
953,409,1362
941,421,1362
929,433,1362
919,443,1362
883,479,1362
863,499,1362
859,503,1362
853,509,1362
839,523,1362
821,541,1362
769,593,1362
761,601,1362
743,619,1362
719,643,1362
709,653,1362
701,661,1362
1361,3,1364
1327,37,1364
1321,43,1364
1303,61,1364
1297,67,1364
1291,73,1364
1237,127,1364
1213,151,1364
1201,163,1364
1171,193,1364
1153,211,1364
1123,241,1364
1093,271,1364
1087,277,1364
1051,313,1364
1033,331,1364
997,367,1364
991,373,1364
967,397,1364
907,457,1364
877,487,1364
823,541,1364
787,577,1364
757,607,1364
751,613,1364
733,631,1364
691,673,1364
1361,5,1366
1319,47,1366
1307,59,1366
1283,83,1366
1277,89,1366
1259,107,1366
1229,137,1366
1217,149,1366
1193,173,1366
1187,179,1366
1109,257,1366
1103,263,1366
1097,269,1366
1049,317,1366
1019,347,1366
1013,353,1366
983,383,1366
977,389,1366
947,419,1366
887,479,1366
863,503,1366
857,509,1366
809,557,1366
797,569,1366
773,593,1366
719,647,1366
683,683,1366
1361,7,1368
1327,41,1368
1321,47,1368
1307,61,1368
1301,67,1368
1297,71,1368
1289,79,1368
1279,89,1368
1259,109,1368
1237,131,1368
1231,137,1368
1229,139,1368
1217,151,1368
1201,167,1368
1187,181,1368
1171,197,1368
1129,239,1368
1117,251,1368
1097,271,1368
1091,277,1368
1087,281,1368
1061,307,1368
1051,317,1368
1031,337,1368
1021,347,1368
1019,349,1368
1009,359,1368
971,397,1368
967,401,1368
947,421,1368
937,431,1368
929,439,1368
919,449,1368
911,457,1368
907,461,1368
881,487,1368
877,491,1368
859,509,1368
827,541,1368
821,547,1368
811,557,1368
797,571,1368
769,599,1368
761,607,1368
751,617,1368
727,641,1368
709,659,1368
691,677,1368
1367,3,1370
1327,43,1370
1303,67,1370
1297,73,1370
1291,79,1370
1231,139,1370
1213,157,1370
1171,199,1370
1129,241,1370
1093,277,1370
1087,283,1370
1063,307,1370
1039,331,1370
1033,337,1370
1021,349,1370
997,373,1370
991,379,1370
937,433,1370
907,463,1370
883,487,1370
829,541,1370
823,547,1370
769,601,1370
757,613,1370
751,619,1370
739,631,1370
727,643,1370
709,661,1370
1367,5,1372
1361,11,1372
1319,53,1372
1301,71,1372
1289,83,1372
1283,89,1372
1259,113,1372
1223,149,1372
1193,179,1372
1181,191,1372
1109,263,1372
1103,269,1372
1091,281,1372
1061,311,1372
1019,353,1372
1013,359,1372
983,389,1372
971,401,1372
953,419,1372
941,431,1372
929,443,1372
911,461,1372
881,491,1372
863,509,1372
809,563,1372
773,599,1372
719,653,1372
1367,7,1374
1361,13,1374
1327,47,1374
1321,53,1374
1307,67,1374
1303,71,1374
1301,73,1374
1291,83,1374
1277,97,1374
1237,137,1374
1223,151,1374
1217,157,1374
1201,173,1374
1193,181,1374
1181,193,1374
1163,211,1374
1151,223,1374
1123,251,1374
1117,257,1374
1103,271,1374
1097,277,1374
1093,281,1374
1091,283,1374
1063,311,1374
1061,313,1374
1021,353,1374
991,383,1374
977,397,1374
953,421,1374
941,433,1374
911,463,1374
907,467,1374
887,487,1374
883,491,1374
853,521,1374
827,547,1374
811,563,1374
797,577,1374
787,587,1374
773,601,1374
761,613,1374
757,617,1374
743,631,1374
733,641,1374
727,647,1374
701,673,1374
691,683,1374
1373,3,1376
1303,73,1376
1297,79,1376
1279,97,1376
1249,127,1376
1237,139,1376
1213,163,1376
1153,223,1376
1093,283,1376
1069,307,1376
1063,313,1376
1039,337,1376
1009,367,1376
997,379,1376
967,409,1376
937,439,1376
919,457,1376
877,499,1376
853,523,1376
829,547,1376
769,607,1376
757,619,1376
733,643,1376
1373,5,1378
1367,11,1378
1361,17,1378
1319,59,1378
1307,71,1378
1289,89,1378
1277,101,1378
1229,149,1378
1187,191,1378
1181,197,1378
1151,227,1378
1109,269,1378
1097,281,1378
1061,317,1378
1031,347,1378
1019,359,1378
977,401,1378
947,431,1378
929,449,1378
911,467,1378
887,491,1378
857,521,1378
821,557,1378
809,569,1378
761,617,1378
719,659,1378
701,677,1378
1373,7,1380
1367,13,1380
1361,19,1380
1327,53,1380
1321,59,1380
1319,61,1380
1307,73,1380
1301,79,1380
1297,83,1380
1291,89,1380
1283,97,1380
1279,101,1380
1277,103,1380
1249,131,1380
1231,149,1380
1229,151,1380
1223,157,1380
1217,163,1380
1213,167,1380
1201,179,1380
1187,193,1380
1181,199,1380
1153,227,1380
1151,229,1380
1129,251,1380
1123,257,1380
1117,263,1380
1109,271,1380
1103,277,1380
1097,283,1380
1087,293,1380
1069,311,1380
1063,317,1380
1049,331,1380
1033,347,1380
1031,349,1380
1021,359,1380
1013,367,1380
997,383,1380
991,389,1380
983,397,1380
971,409,1380
947,433,1380
941,439,1380
937,443,1380
919,461,1380
881,499,1380
877,503,1380
859,521,1380
857,523,1380
839,541,1380
823,557,1380
811,569,1380
809,571,1380
787,593,1380
773,607,1380
761,619,1380
739,641,1380
733,647,1380
727,653,1380
719,661,1380
1321,61,1382
1303,79,1382
1279,103,1382
1231,151,1382
1201,181,1382
1171,211,1382
1153,229,1382
1069,313,1382
1051,331,1382
1033,349,1382
1009,373,1382
919,463,1382
883,499,1382
859,523,1382
811,571,1382
769,613,1382
751,631,1382
739,643,1382
709,673,1382
691,691,1382
1381,3,1384
1373,11,1384
1367,17,1384
1361,23,1384
1301,83,1384
1283,101,1384
1277,107,1384
1217,167,1384
1193,191,1384
1187,197,1384
1151,233,1384
1103,281,1384
1091,293,1384
1031,353,1384
983,401,1384
953,431,1384
941,443,1384
881,503,1384
863,521,1384
827,557,1384
821,563,1384
797,587,1384
743,641,1384
701,683,1384
1381,5,1386
1373,13,1386
1367,19,1386
1327,59,1386
1319,67,1386
1307,79,1386
1303,83,1386
1297,89,1386
1289,97,1386
1283,103,1386
1279,107,1386
1277,109,1386
1259,127,1386
1249,137,1386
1237,149,1386
1229,157,1386
1223,163,1386
1213,173,1386
1193,193,1386
1187,199,1386
1163,223,1386
1153,233,1386
1129,257,1386
1123,263,1386
1117,269,1386
1109,277,1386
1103,283,1386
1093,293,1386
1069,317,1386
1049,337,1386
1039,347,1386
1033,353,1386
1019,367,1386
1013,373,1386
997,389,1386
977,409,1386
967,419,1386
953,433,1386
947,439,1386
937,449,1386
929,457,1386
919,467,1386
907,479,1386
887,499,1386
883,503,1386
877,509,1386
863,523,1386
839,547,1386
829,557,1386
823,563,1386
809,577,1386
787,599,1386
773,613,1386
769,617,1386
743,643,1386
739,647,1386
733,653,1386
727,659,1386
709,677,1386
1381,7,1388
1327,61,1388
1321,67,1388
1291,97,1388
1279,109,1388
1249,139,1388
1237,151,1388
1231,157,1388
1117,271,1388
1051,337,1388
1039,349,1388
1021,367,1388
1009,379,1388
991,397,1388
967,421,1388
811,577,1388
787,601,1388
769,619,1388
757,631,1388
727,661,1388
1373,17,1390
1367,23,1390
1361,29,1390
1319,71,1390
1307,83,1390
1301,89,1390
1289,101,1390
1283,107,1390
1277,113,1390
1259,131,1390
1223,167,1390
1217,173,1390
1193,197,1390
1163,227,1390
1151,239,1390
1109,281,1390
1097,293,1390
1031,359,1390
971,419,1390
947,443,1390
941,449,1390
929,461,1390
911,479,1390
887,503,1390
881,509,1390
827,563,1390
821,569,1390
797,593,1390
773,617,1390
743,647,1390
1381,11,1392
1373,19,1392
1361,31,1392
1321,71,1392
1319,73,1392
1303,89,1392
1291,101,1392
1289,103,1392
1283,109,1392
1279,113,1392
1229,163,1392
1213,179,1392
1201,191,1392
1193,199,1392
1181,211,1392
1163,229,1392
1153,239,1392
1151,241,1392
1129,263,1392
1123,269,1392
1109,283,1392
1061,331,1392
1039,353,1392
1033,359,1392
1019,373,1392
1013,379,1392
1009,383,1392
991,401,1392
983,409,1392
971,421,1392
953,439,1392
929,463,1392
883,509,1392
829,563,1392
823,569,1392
821,571,1392
773,619,1392
761,631,1392
751,641,1392
739,653,1392
733,659,1392
719,673,1392
709,683,1392
701,691,1392
1381,13,1394
1327,67,1394
1321,73,1394
1297,97,1394
1291,103,1394
1237,157,1394
1231,163,1394
1213,181,1394
1201,193,1394
1171,223,1394
1153,241,1394
1123,271,1394
1117,277,1394
1087,307,1394
1063,331,1394
1021,373,1394
997,397,1394
937,457,1394
907,487,1394
853,541,1394
823,571,1394
787,607,1394
751,643,1394
733,661,1394
1373,23,1396
1367,29,1396
1307,89,1396
1289,107,1396
1283,113,1396
1259,137,1396
1229,167,1396
1223,173,1396
1217,179,1396
1163,233,1396
1103,293,1396
1049,347,1396
1013,383,1396
977,419,1396
953,443,1396
947,449,1396
929,467,1396
887,509,1396
839,557,1396
827,569,1396
809,587,1396
797,599,1396
743,653,1396
719,677,1396
1381,17,1398
1367,31,1398
1361,37,1398
1327,71,1398
1319,79,1398
1301,97,1398
1297,101,1398
1291,107,1398
1289,109,1398
1259,139,1398
1249,149,1398
1231,167,1398
1217,181,1398
1201,197,1398
1187,211,1398
1171,227,1398
1129,269,1398
1117,281,1398
1091,307,1398
1087,311,1398
1061,337,1398
1051,347,1398
1049,349,1398
1039,359,1398
1031,367,1398
1019,379,1398
1009,389,1398
997,401,1398
977,421,1398
967,431,1398
941,457,1398
937,461,1398
919,479,1398
911,487,1398
907,491,1398
877,521,1398
857,541,1398
829,569,1398
827,571,1398
821,577,1398
811,587,1398
797,601,1398
757,641,1398
751,647,1398
739,659,1398
1381,19,1400
1327,73,1400
1321,79,1400
1303,97,1400
1297,103,1400
1291,109,1400
1249,151,1400
1237,163,1400
1201,199,1400
1171,229,1400
1129,271,1400
1123,277,1400
1117,283,1400
1093,307,1400
1087,313,1400
1069,331,1400
1063,337,1400
1051,349,1400
1033,367,1400
1021,379,1400
991,409,1400
967,433,1400
937,463,1400
877,523,1400
859,541,1400
853,547,1400
829,571,1400
823,577,1400
787,613,1400
769,631,1400
757,643,1400
739,661,1400
727,673,1400
709,691,1400
1399,3,1402
1373,29,1402
1361,41,1402
1319,83,1402
1301,101,1402
1289,113,1402
1229,173,1402
1223,179,1402
1163,239,1402
1151,251,1402
1109,293,1402
1091,311,1402
1049,353,1402
1019,383,1402
1013,389,1402
983,419,1402
971,431,1402
953,449,1402
941,461,1402
911,491,1402
881,521,1402
839,563,1402
809,593,1402
761,641,1402
743,659,1402
719,683,1402
701,701,1402
1399,5,1404
1381,23,1404
1373,31,1404
1367,37,1404
1361,43,1404
1321,83,1404
1307,97,1404
1303,101,1404
1301,103,1404
1297,107,1404
1291,113,1404
1277,127,1404
1237,167,1404
1231,173,1404
1223,181,1404
1213,191,1404
1193,211,1404
1181,223,1404
1171,233,1404
1163,241,1404
1153,251,1404
1123,281,1404
1097,307,1404
1093,311,1404
1091,313,1404
1087,317,1404
1051,353,1404
1031,373,1404
1021,383,1404
983,421,1404
971,433,1404
947,457,1404
941,463,1404
937,467,1404
883,521,1404
881,523,1404
863,541,1404
857,547,1404
827,577,1404
811,593,1404
797,607,1404
787,617,1404
773,631,1404
761,643,1404
757,647,1404
751,653,1404
743,661,1404
727,677,1404
1399,7,1406
1327,79,1406
1303,103,1406
1297,109,1406
1279,127,1406
1249,157,1406
1213,193,1406
1129,277,1406
1123,283,1406
1093,313,1406
1069,337,1406
1039,367,1406
1033,373,1406
1009,397,1406
997,409,1406
967,439,1406
919,487,1406
907,499,1406
883,523,1406
859,547,1406
829,577,1406
787,619,1406
733,673,1406
1367,41,1408
1361,47,1408
1319,89,1408
1307,101,1408
1301,107,1408
1277,131,1408
1259,149,1408
1229,179,1408
1217,191,1408
1181,227,1408
1151,257,1408
1097,311,1408
1091,317,1408
1061,347,1408
1049,359,1408
1019,389,1408
977,431,1408
947,461,1408
941,467,1408
929,479,1408
887,521,1408
839,569,1408
821,587,1408
809,599,1408
761,647,1408
1399,11,1410
1381,29,1410
1373,37,1410
1367,43,1410
1327,83,1410
1321,89,1410
1307,103,1410
1303,107,1410
1301,109,1410
1297,113,1410
1283,127,1410
1279,131,1410
1259,151,1410
1237,173,1410
1231,179,1410
1229,181,1410
1217,193,1410
1213,197,1410
1187,223,1410
1181,229,1410
1171,239,1410
1153,257,1410
1129,281,1410
1117,293,1410
1103,307,1410
1097,313,1410
1093,317,1410
1063,347,1410
1061,349,1410
1051,359,1410
1031,379,1410
1021,389,1410
1013,397,1410
1009,401,1410
991,419,1410
977,433,1410
971,439,1410
967,443,1410
953,457,1410
947,463,1410
919,491,1410
911,499,1410
907,503,1410
887,523,1410
863,547,1410
853,557,1410
839,571,1410
823,587,1410
811,599,1410
809,601,1410
797,613,1410
769,641,1410
757,653,1410
751,659,1410
733,677,1410
727,683,1410
719,691,1410
709,701,1410
1409,3,1412
1399,13,1412
1381,31,1412
1303,109,1412
1249,163,1412
1231,181,1412
1213,199,1412
1201,211,1412
1171,241,1412
1129,283,1412
1063,349,1412
1039,373,1412
1033,379,1412
991,421,1412
811,601,1412
769,643,1412
751,661,1412
739,673,1412
1409,5,1414
1373,41,1414
1367,47,1414
1361,53,1414
1307,107,1414
1301,113,1414
1283,131,1414
1277,137,1414
1223,191,1414
1217,197,1414
1187,227,1414
1181,233,1414
1163,251,1414
1151,263,1414
1103,311,1414
1097,317,1414
1061,353,1414
1031,383,1414
1013,401,1414
983,431,1414
971,443,1414
953,461,1414
947,467,1414
911,503,1414
857,557,1414
827,587,1414
821,593,1414
797,617,1414
773,641,1414
761,653,1414
1409,7,1416
1399,17,1416
1373,43,1416
1327,89,1416
1319,97,1416
1307,109,1416
1303,113,1416
1289,127,1416
1279,137,1416
1277,139,1416
1259,157,1416
1249,167,1416
1237,179,1416
1223,193,1416
1217,199,1416
1193,223,1416
1187,229,1416
1153,263,1416
1123,293,1416
1109,307,1416
1103,313,1416
1069,347,1416
1063,353,1416
1049,367,1416
1033,383,1416
1019,397,1416
997,419,1416
983,433,1416
977,439,1416
967,449,1416
953,463,1416
937,479,1416
929,487,1416
907,509,1416
859,557,1416
853,563,1416
839,577,1416
829,587,1416
823,593,1416
809,607,1416
797,619,1416
773,643,1416
769,647,1416
757,659,1416
743,673,1416
739,677,1416
733,683,1416
1399,19,1418
1381,37,1418
1321,97,1418
1291,127,1418
1279,139,1418
1237,181,1418
1087,331,1418
1069,349,1418
1051,367,1418
1039,379,1418
1021,397,1418
1009,409,1418
997,421,1418
919,499,1418
877,541,1418
811,607,1418
787,631,1418
757,661,1418
727,691,1418
709,709,1418
1409,11,1420
1373,47,1420
1367,53,1420
1361,59,1420
1319,101,1420
1307,113,1420
1289,131,1420
1283,137,1420
1229,191,1420
1223,197,1420
1193,227,1420
1187,233,1420
1181,239,1420
1163,257,1420
1151,269,1420
1109,311,1420
1103,317,1420
1061,359,1420
1031,389,1420
1019,401,1420
977,443,1420
971,449,1420
953,467,1420
941,479,1420
929,491,1420
911,509,1420
863,557,1420
857,563,1420
827,593,1420
821,599,1420
773,647,1420
761,659,1420
743,677,1420
719,701,1420
1409,13,1422
1399,23,1422
1381,41,1422
1361,61,1422
1321,101,1422
1319,103,1422
1291,131,1422
1283,139,1422
1259,163,1422
1249,173,1422
1231,191,1422
1229,193,1422
1223,199,1422
1193,229,1422
1181,241,1422
1171,251,1422
1153,269,1422
1151,271,1422
1129,293,1422
1109,313,1422
1091,331,1422
1069,353,1422
1063,359,1422
1049,373,1422
1039,383,1422
1033,389,1422
1021,401,1422
1013,409,1422
991,431,1422
983,439,1422
919,503,1422
881,541,1422
859,563,1422
853,569,1422
829,593,1422
823,599,1422
821,601,1422
809,613,1422
769,653,1422
761,661,1422
739,683,1422
1381,43,1424
1327,97,1424
1321,103,1424
1297,127,1424
1231,193,1424
1213,211,1424
1201,223,1424
1153,271,1424
1117,307,1424
1093,331,1424
1087,337,1424
1051,373,1424
991,433,1424
967,457,1424
937,487,1424
883,541,1424
877,547,1424
853,571,1424
823,601,1424
811,613,1424
751,673,1424
733,691,1424
1423,3,1426
1409,17,1426
1373,53,1426
1367,59,1426
1319,107,1426
1289,137,1426
1277,149,1426
1259,167,1426
1229,197,1426
1193,233,1426
1187,239,1426
1163,263,1426
1109,317,1426
983,443,1426
977,449,1426
947,479,1426
863,563,1426
857,569,1426
839,587,1426
827,599,1426
809,617,1426
773,653,1426
743,683,1426
1423,5,1428
1409,19,1428
1399,29,1428
1381,47,1428
1367,61,1428
1361,67,1428
1327,101,1428
1321,107,1428
1319,109,1428
1301,127,1428
1297,131,1428
1291,137,1428
1289,139,1428
1279,149,1428
1277,151,1428
1249,179,1428
1237,191,1428
1231,197,1428
1229,199,1428
1217,211,1428
1201,227,1428
1187,241,1428
1171,257,1428
1151,277,1428
1117,311,1428
1097,331,1428
1091,337,1428
1069,359,1428
1061,367,1428
1049,379,1428
1039,389,1428
1031,397,1428
1019,409,1428
1009,419,1428
997,431,1428
971,457,1428
967,461,1428
941,487,1428
937,491,1428
929,499,1428
919,509,1428
907,521,1428
887,541,1428
881,547,1428
859,569,1428
857,571,1428
829,599,1428
827,601,1428
821,607,1428
811,617,1428
809,619,1428
797,631,1428
787,641,1428
769,659,1428
751,677,1428
727,701,1428
719,709,1428
1427,3,1430
1423,7,1430
1399,31,1430
1327,103,1430
1321,109,1430
1303,127,1430
1291,139,1430
1279,151,1430
1249,181,1430
1237,193,1430
1231,199,1430
1201,229,1430
1153,277,1430
1123,307,1430
1117,313,1430
1093,337,1430
1063,367,1430
1051,379,1430
1033,397,1430
1021,409,1430
1009,421,1430
997,433,1430
991,439,1430
967,463,1430
907,523,1430
883,547,1430
859,571,1430
853,577,1430
829,601,1430
823,607,1430
811,619,1430
787,643,1430
769,661,1430
757,673,1430
739,691,1430
1429,3,1432
1427,5,1432
1409,23,1432
1373,59,1432
1361,71,1432
1319,113,1432
1301,131,1432
1283,149,1432
1259,173,1432
1193,239,1432
1181,251,1432
1163,269,1432
1151,281,1432
1049,383,1432
1031,401,1432
1013,419,1432
983,449,1432
971,461,1432
953,479,1432
941,491,1432
929,503,1432
911,521,1432
863,569,1432
839,593,1432
773,659,1432
1429,5,1434
1427,7,1434
1423,11,1434
1381,53,1434
1373,61,1434
1367,67,1434
1361,73,1434
1327,107,1434
1321,113,1434
1307,127,1434
1303,131,1434
1297,137,1434
1283,151,1434
1277,157,1434
1237,197,1434
1223,211,1434
1201,233,1434
1193,241,1434
1171,263,1434
1163,271,1434
1153,281,1434
1151,283,1434
1123,311,1434
1117,317,1434
1103,331,1434
1097,337,1434
1087,347,1434
1061,373,1434
1051,383,1434
1033,401,1434
1013,421,1434
991,443,1434
977,457,1434
971,463,1434
967,467,1434
947,487,1434
911,523,1434
887,547,1434
877,557,1434
863,571,1434
857,577,1434
827,607,1434
821,613,1434
787,647,1434
773,661,1434
761,673,1434
757,677,1434
751,683,1434
743,691,1434
733,701,1434
1433,3,1436
1429,7,1436
1423,13,1436
1399,37,1436
1327,109,1436
1297,139,1436
1279,157,1436
1237,199,1436
1213,223,1436
1153,283,1436
1129,307,1436
1123,313,1436
1087,349,1436
1069,367,1436
1063,373,1436
1039,397,1436
997,439,1436
937,499,1436
859,577,1436
829,607,1436
823,613,1436
727,709,1436
1433,5,1438
1427,11,1438
1409,29,1438
1367,71,1438
1307,131,1438
1301,137,1438
1289,149,1438
1259,179,1438
1187,251,1438
1181,257,1438
1091,347,1438
1049,389,1438
1019,419,1438
977,461,1438
971,467,1438
947,491,1438
929,509,1438
881,557,1438
839,599,1438
821,617,1438
797,641,1438
761,677,1438
719,719,1438
1433,7,1440
1429,11,1440
1427,13,1440
1423,17,1440
1409,31,1440
1399,41,1440
1381,59,1440
1373,67,1440
1367,73,1440
1361,79,1440
1327,113,1440
1303,137,1440
1301,139,1440
1291,149,1440
1289,151,1440
1283,157,1440
1277,163,1440
1259,181,1440
1249,191,1440
1229,211,1440
1217,223,1440
1213,227,1440
1201,239,1440
1171,269,1440
1163,277,1440
1129,311,1440
1123,317,1440
1109,331,1440
1103,337,1440
1093,347,1440
1091,349,1440
1087,353,1440
1061,379,1440
1051,389,1440
1039,401,1440
1031,409,1440
1021,419,1440
1019,421,1440
1009,431,1440
997,443,1440
991,449,1440
983,457,1440
977,463,1440
953,487,1440
941,499,1440
937,503,1440
919,521,1440
883,557,1440
877,563,1440
863,577,1440
853,587,1440
839,601,1440
827,613,1440
823,617,1440
821,619,1440
809,631,1440
797,643,1440
787,653,1440
757,683,1440
739,701,1440
1439,3,1442
1429,13,1442
1423,19,1442
1399,43,1442
1381,61,1442
1303,139,1442
1291,151,1442
1279,163,1442
1249,193,1442
1231,211,1442
1213,229,1442
1201,241,1442
1171,271,1442
1129,313,1442
1093,349,1442
1069,373,1442
1063,379,1442
1033,409,1442
1021,421,1442
1009,433,1442
919,523,1442
829,613,1442
823,619,1442
811,631,1442
769,673,1442
751,691,1442
733,709,1442
1439,5,1444
1433,11,1444
1427,17,1444
1373,71,1444
1361,83,1444
1307,137,1444
1277,167,1444
1217,227,1444
1193,251,1444
1187,257,1444
1181,263,1444
1163,281,1444
1151,293,1444
1097,347,1444
1091,353,1444
1061,383,1444
1013,431,1444
983,461,1444
977,467,1444
953,491,1444
941,503,1444
887,557,1444
881,563,1444
857,587,1444
827,617,1444
797,647,1444
761,683,1444
743,701,1444
1439,7,1446
1433,13,1446
1429,17,1446
1427,19,1446
1423,23,1446
1409,37,1446
1399,47,1446
1373,73,1446
1367,79,1446
1319,127,1446
1307,139,1446
1297,149,1446
1289,157,1446
1283,163,1446
1279,167,1446
1249,197,1446
1223,223,1446
1217,229,1446
1213,233,1446
1163,283,1446
1153,293,1446
1129,317,1446
1109,337,1446
1097,349,1446
1093,353,1446
1087,359,1446
1063,383,1446
1049,397,1446
1013,433,1446
997,449,1446
983,463,1446
967,479,1446
947,499,1446
937,509,1446
883,563,1446
877,569,1446
859,587,1446
853,593,1446
839,607,1446
829,617,1446
827,619,1446
787,659,1446
773,673,1446
769,677,1446
727,719,1446
1429,19,1448
1381,67,1448
1321,127,1448
1297,151,1448
1291,157,1448
1249,199,1448
1237,211,1448
1171,277,1448
1117,331,1448
1069,379,1448
1051,397,1448
1039,409,1448
1009,439,1448
991,457,1448
907,541,1448
877,571,1448
829,619,1448
787,661,1448
757,691,1448
739,709,1448
1447,3,1450
1439,11,1450
1433,17,1450
1427,23,1450
1409,41,1450
1367,83,1450
1361,89,1450
1319,131,1450
1301,149,1450
1283,167,1450
1277,173,1450
1259,191,1450
1223,227,1450
1217,233,1450
1193,257,1450
1187,263,1450
1181,269,1450
1103,347,1450
1097,353,1450
1091,359,1450
1061,389,1450
1049,401,1450
1031,419,1450
1019,431,1450
983,467,1450
971,479,1450
947,503,1450
941,509,1450
929,521,1450
887,563,1450
881,569,1450
863,587,1450
857,593,1450
809,641,1450
797,653,1450
773,677,1450
1447,5,1452
1439,13,1452
1433,19,1452
1429,23,1452
1423,29,1452
1409,43,1452
1399,53,1452
1381,71,1452
1373,79,1452
1321,131,1452
1303,149,1452
1301,151,1452
1289,163,1452
1279,173,1452
1259,193,1452
1229,223,1452
1223,229,1452
1213,239,1452
1201,251,1452
1181,271,1452
1171,281,1452
1103,349,1452
1093,359,1452
1069,383,1452
1063,389,1452
1051,401,1452
1033,419,1452
1031,421,1452
1021,431,1452
1019,433,1452
1013,439,1452
1009,443,1452
991,461,1452
953,499,1452
929,523,1452
911,541,1452
883,569,1452
881,571,1452
859,593,1452
853,599,1452
839,613,1452
821,631,1452
811,641,1452
809,643,1452
769,683,1452
761,691,1452
751,701,1452
743,709,1452
733,719,1452
1451,3,1454
1447,7,1454
1423,31,1454
1381,73,1454
1327,127,1454
1303,151,1454
1297,157,1454
1291,163,1454
1231,223,1454
1213,241,1454
1171,283,1454
1123,331,1454
1117,337,1454
1087,367,1454
1033,421,1454
1021,433,1454
997,457,1454
991,463,1454
967,487,1454
907,547,1454
883,571,1454
877,577,1454
853,601,1454
823,631,1454
811,643,1454
727,727,1454
1453,3,1456
1451,5,1456
1439,17,1456
1433,23,1456
1427,29,1456
1409,47,1456
1373,83,1456
1367,89,1456
1319,137,1456
1307,149,1456
1289,167,1456
1283,173,1456
1277,179,1456
1259,197,1456
1229,227,1456
1223,233,1456
1217,239,1456
1193,263,1456
1187,269,1456
1163,293,1456
1109,347,1456
1103,353,1456
1097,359,1456
1013,443,1456
977,479,1456
953,503,1456
947,509,1456
887,569,1456
863,593,1456
857,599,1456
839,617,1456
809,647,1456
797,659,1456
773,683,1456
1453,5,1458
1451,7,1458
1447,11,1458
1439,19,1458
1429,29,1458
1427,31,1458
1399,59,1458
1361,97,1458
1327,131,1458
1321,137,1458
1319,139,1458
1307,151,1458
1301,157,1458
1291,167,1458
1279,179,1458
1277,181,1458
1259,199,1458
1231,227,1458
1229,229,1458
1217,241,1458
1201,257,1458
1187,271,1458
1181,277,1458
1151,307,1458
1109,349,1458
1091,367,1458
1069,389,1458
1061,397,1458
1049,409,1458
1039,419,1458
1019,439,1458
1009,449,1458
997,461,1458
991,467,1458
971,487,1458
967,491,1458
937,521,1458
911,547,1458
887,571,1458
881,577,1458
859,599,1458
857,601,1458
839,619,1458
827,631,1458
811,647,1458
797,661,1458
757,701,1458
739,719,1458
1453,7,1460
1447,13,1460
1429,31,1460
1423,37,1460
1399,61,1460
1381,79,1460
1321,139,1460
1303,157,1460
1297,163,1460
1279,181,1460
1249,211,1460
1237,223,1460
1231,229,1460
1153,307,1460
1129,331,1460
1123,337,1460
1093,367,1460
1087,373,1460
1063,397,1460
1051,409,1460
1039,421,1460
1021,439,1460
997,463,1460
937,523,1460
919,541,1460
883,577,1460
859,601,1460
853,607,1460
829,631,1460
787,673,1460
769,691,1460
751,709,1460
733,727,1460
1459,3,1462
1451,11,1462
1439,23,1462
1433,29,1462
1409,53,1462
1373,89,1462
1361,101,1462
1289,173,1462
1283,179,1462
1229,233,1462
1223,239,1462
1193,269,1462
1181,281,1462
1151,311,1462
1109,353,1462
1103,359,1462
1061,401,1462
1031,431,1462
1019,443,1462
1013,449,1462
983,479,1462
971,491,1462
953,509,1462
941,521,1462
863,599,1462
821,641,1462
809,653,1462
761,701,1462
743,719,1462
1459,5,1464
1453,11,1464
1451,13,1464
1447,17,1464
1433,31,1464
1427,37,1464
1423,41,1464
1381,83,1464
1367,97,1464
1361,103,1464
1327,137,1464
1307,157,1464
1301,163,1464
1297,167,1464
1291,173,1464
1283,181,1464
1237,227,1464
1231,233,1464
1223,241,1464
1213,251,1464
1201,263,1464
1193,271,1464
1187,277,1464
1181,283,1464
1171,293,1464
1153,311,1464
1151,313,1464
1117,347,1464
1097,367,1464
1091,373,1464
1063,401,1464
1033,431,1464
1031,433,1464
1021,443,1464
997,467,1464
977,487,1464
941,523,1464
907,557,1464
887,577,1464
877,587,1464
863,601,1464
857,607,1464
823,641,1464
821,643,1464
811,653,1464
787,677,1464
773,691,1464
1459,7,1466
1453,13,1466
1447,19,1466
1429,37,1466
1423,43,1466
1399,67,1466
1327,139,1466
1303,163,1466
1237,229,1466
1153,313,1466
1129,337,1466
1117,349,1466
1093,373,1466
1087,379,1466
1069,397,1466
1033,433,1466
1009,457,1466
967,499,1466
919,547,1466
859,607,1466
853,613,1466
823,643,1466
757,709,1466
739,727,1466
733,733,1466
1451,17,1468
1439,29,1468
1427,41,1468
1409,59,1468
1367,101,1468
1361,107,1468
1319,149,1468
1301,167,1468
1289,179,1468
1277,191,1468
1229,239,1468
1217,251,1468
1187,281,1468
1151,317,1468
1109,359,1468
1049,419,1468
1019,449,1468
977,491,1468
947,521,1468
911,557,1468
881,587,1468
827,641,1468
821,647,1468
809,659,1468
1459,11,1470
1453,17,1470
1451,19,1470
1447,23,1470
1439,31,1470
1433,37,1470
1429,41,1470
1427,43,1470
1423,47,1470
1409,61,1470
1399,71,1470
1381,89,1470
1373,97,1470
1367,103,1470
1361,109,1470
1321,149,1470
1319,151,1470
1307,163,1470
1303,167,1470
1297,173,1470
1291,179,1470
1289,181,1470
1279,191,1470
1277,193,1470
1259,211,1470
1237,233,1470
1231,239,1470
1229,241,1470
1213,257,1470
1201,269,1470
1193,277,1470
1187,283,1470
1163,307,1470
1153,317,1470
1123,347,1470
1117,353,1470
1103,367,1470
1097,373,1470
1091,379,1470
1087,383,1470
1069,401,1470
1061,409,1470
1051,419,1470
1049,421,1470
1039,431,1470
1031,439,1470
1021,449,1470
1013,457,1470
1009,461,1470
991,479,1470
983,487,1470
971,499,1470
967,503,1470
947,523,1470
929,541,1470
907,563,1470
883,587,1470
877,593,1470
863,607,1470
857,613,1470
853,617,1470
839,631,1470
829,641,1470
827,643,1470
823,647,1470
811,659,1470
809,661,1470
797,673,1470
787,683,1470
769,701,1470
761,709,1470
751,719,1470
743,727,1470
1459,13,1472
1453,19,1472
1429,43,1472
1399,73,1472
1321,151,1472
1291,181,1472
1279,193,1472
1249,223,1472
1231,241,1472
1201,271,1472
1123,349,1472
1093,379,1472
1063,409,1472
1051,421,1472
1039,433,1472
1033,439,1472
1009,463,1472
859,613,1472
853,619,1472
829,643,1472
811,661,1472
739,733,1472
1471,3,1474
1451,23,1474
1433,41,1474
1427,47,1474
1373,101,1474
1367,107,1474
1361,113,1474
1307,167,1474
1301,173,1474
1283,191,1474
1277,197,1474
1223,251,1474
1217,257,1474
1193,281,1474
1181,293,1474
1163,311,1474
1091,383,1474
1031,443,1474
1013,461,1474
983,491,1474
971,503,1474
953,521,1474
911,563,1474
887,587,1474
881,593,1474
857,617,1474
827,647,1474
821,653,1474
797,677,1474
773,701,1474
1471,5,1476
1459,17,1476
1453,23,1476
1447,29,1476
1439,37,1476
1433,43,1476
1429,47,1476
1423,53,1476
1409,67,1476
1373,103,1476
1367,109,1476
1327,149,1476
1319,157,1476
1303,173,1476
1297,179,1476
1283,193,1476
1279,197,1476
1277,199,1476
1249,227,1476
1237,239,1476
1213,263,1476
1193,283,1476
1163,313,1476
1129,347,1476
1123,353,1476
1117,359,1476
1109,367,1476
1103,373,1476
1097,379,1476
1093,383,1476
1087,389,1476
1033,443,1476
1019,457,1476
1013,463,1476
1009,467,1476
997,479,1476
977,499,1476
967,509,1476
953,523,1476
929,547,1476
919,557,1476
907,569,1476
883,593,1476
877,599,1476
863,613,1476
859,617,1476
857,619,1476
829,647,1476
823,653,1476
757,719,1476
743,733,1476
1471,7,1478
1459,19,1478
1447,31,1478
1399,79,1478
1381,97,1478
1327,151,1478
1321,157,1478
1297,181,1478
1279,199,1478
1249,229,1478
1237,241,1478
1201,277,1478
1171,307,1478
1129,349,1478
1069,409,1478
1039,439,1478
1021,457,1478
991,487,1478
937,541,1478
907,571,1478
877,601,1478
859,619,1478
787,691,1478
769,709,1478
751,727,1478
739,739,1478
1451,29,1480
1439,41,1480
1433,47,1480
1427,53,1480
1409,71,1480
1373,107,1480
1367,113,1480
1307,173,1480
1301,179,1480
1289,191,1480
1283,197,1480
1229,251,1480
1223,257,1480
1217,263,1480
1187,293,1480
1163,317,1480
1097,383,1480
1091,389,1480
1061,419,1480
1049,431,1480
1031,449,1480
1019,461,1480
1013,467,1480
977,503,1480
971,509,1480
911,569,1480
887,593,1480
881,599,1480
863,617,1480
839,641,1480
827,653,1480
821,659,1480
797,683,1480
761,719,1480
1471,11,1482
1459,23,1482
1453,29,1482
1451,31,1482
1439,43,1482
1429,53,1482
1423,59,1482
1409,73,1482
1399,83,1482
1381,101,1482
1373,109,1482
1319,163,1482
1303,179,1482
1301,181,1482
1291,191,1482
1289,193,1482
1283,199,1482
1259,223,1482
1249,233,1482
1231,251,1482
1213,269,1482
1201,281,1482
1171,311,1482
1151,331,1482
1129,353,1482
1123,359,1482
1109,373,1482
1103,379,1482
1093,389,1482
1063,419,1482
1061,421,1482
1051,431,1482
1049,433,1482
1039,443,1482
1033,449,1482
1021,461,1482
1019,463,1482
991,491,1482
983,499,1482
941,541,1482
919,563,1482
911,571,1482
883,599,1482
881,601,1482
863,619,1482
839,643,1482
829,653,1482
823,659,1482
821,661,1482
809,673,1482
773,709,1482
743,739,1482
1481,3,1484
1471,13,1484
1453,31,1484
1447,37,1484
1423,61,1484
1381,103,1484
1327,157,1484
1321,163,1484
1303,181,1484
1291,193,1484
1213,271,1484
1201,283,1484
1171,313,1484
1153,331,1484
1117,367,1484
1087,397,1484
1063,421,1484
1051,433,1484
1021,463,1484
997,487,1484
937,547,1484
907,577,1484
883,601,1484
877,607,1484
853,631,1484
823,661,1484
811,673,1484
757,727,1484
751,733,1484
1483,3,1486
1481,5,1486
1439,47,1486
1433,53,1486
1427,59,1486
1373,113,1486
1319,167,1486
1307,179,1486
1289,197,1486
1259,227,1486
1229,257,1486
1223,263,1486
1217,269,1486
1193,293,1486
1103,383,1486
1097,389,1486
1019,467,1486
983,503,1486
977,509,1486
929,557,1486
887,599,1486
839,647,1486
827,659,1486
809,677,1486
743,743,1486
1483,5,1488
1481,7,1488
1471,17,1488
1459,29,1488
1451,37,1488
1447,41,1488
1429,59,1488
1427,61,1488
1409,79,1488
1399,89,1488
1381,107,1488
1361,127,1488
1321,167,1488
1307,181,1488
1297,191,1488
1291,197,1488
1289,199,1488
1277,211,1488
1259,229,1488
1249,239,1488
1237,251,1488
1231,257,1488
1217,271,1488
1181,307,1488
1171,317,1488
1151,337,1488
1129,359,1488
1109,379,1488
1091,397,1488
1087,401,1488
1069,419,1488
1049,439,1488
1039,449,1488
1031,457,1488
1021,467,1488
1009,479,1488
997,491,1488
967,521,1488
947,541,1488
941,547,1488
919,569,1488
911,577,1488
887,601,1488
881,607,1488
857,631,1488
829,659,1488
827,661,1488
811,677,1488
797,691,1488
787,701,1488
769,719,1488
761,727,1488
1487,3,1490
1483,7,1490
1471,19,1490
1459,31,1490
1453,37,1490
1447,43,1490
1429,61,1490
1423,67,1490
1381,109,1490
1327,163,1490
1297,193,1490
1291,199,1490
1279,211,1490
1249,241,1490
1213,277,1490
1153,337,1490
1123,367,1490
1117,373,1490
1093,397,1490
1069,421,1490
1051,439,1490
1033,457,1490
991,499,1490
967,523,1490
919,571,1490
883,607,1490
877,613,1490
859,631,1490
829,661,1490
757,733,1490
751,739,1490
1489,3,1492
1487,5,1492
1481,11,1492
1451,41,1492
1439,53,1492
1433,59,1492
1409,83,1492
1361,131,1492
1319,173,1492
1301,191,1492
1259,233,1492
1229,263,1492
1223,269,1492
1181,311,1492
1109,383,1492
1103,389,1492
1091,401,1492
1061,431,1492
1049,443,1492
1031,461,1492
1013,479,1492
983,509,1492
971,521,1492
929,563,1492
839,653,1492
809,683,1492
773,719,1492
1489,5,1494
1487,7,1494
1483,11,1494
1481,13,1494
1471,23,1494
1453,41,1494
1451,43,1494
1447,47,1494
1433,61,1494
1427,67,1494
1423,71,1494
1381,113,1494
1367,127,1494
1327,167,1494
1321,173,1494
1303,191,1494
1301,193,1494
1297,197,1494
1283,211,1494
1237,257,1494
1231,263,1494
1223,271,1494
1217,277,1494
1213,281,1494
1201,293,1494
1187,307,1494
1181,313,1494
1163,331,1494
1097,397,1494
1093,401,1494
1063,431,1494
1061,433,1494
1051,443,1494
1033,461,1494
1031,463,1494
991,503,1494
971,523,1494
953,541,1494
947,547,1494
937,557,1494
907,587,1494
887,607,1494
881,613,1494
877,617,1494
863,631,1494
853,641,1494
821,673,1494
811,683,1494
761,733,1494
751,743,1494
1493,3,1496
1489,7,1496
1483,13,1496
1459,37,1496
1453,43,1496
1429,67,1496
1423,73,1496
1399,97,1496
1303,193,1496
1297,199,1496
1213,283,1496
1129,367,1496
1123,373,1496
1117,379,1496
1087,409,1496
1063,433,1496
1039,457,1496
1033,463,1496
1009,487,1496
997,499,1496
919,577,1496
883,613,1496
877,619,1496
853,643,1496
823,673,1496
787,709,1496
769,727,1496
757,739,1496
1493,5,1498
1487,11,1498
1481,17,1498
1451,47,1498
1439,59,1498
1427,71,1498
1409,89,1498
1367,131,1498
1361,137,1498
1319,179,1498
1307,191,1498
1301,197,1498
1259,239,1498
1229,269,1498
1217,281,1498
1187,311,1498
1181,317,1498
1151,347,1498
1109,389,1498
1097,401,1498
1049,449,1498
1031,467,1498
1019,479,1498
977,521,1498
941,557,1498
929,569,1498
911,587,1498
881,617,1498
857,641,1498
839,659,1498
821,677,1498
797,701,1498
1493,7,1500
1489,11,1500
1487,13,1500
1483,17,1500
1481,19,1500
1471,29,1500
1459,41,1500
1453,47,1500
1447,53,1500
1439,61,1500
1433,67,1500
1429,71,1500
1427,73,1500
1399,101,1500
1373,127,1500
1361,139,1500
1327,173,1500
1321,179,1500
1319,181,1500
1307,193,1500
1303,197,1500
1301,199,1500
1289,211,1500
1277,223,1500
1259,241,1500
1249,251,1500
1237,263,1500
1231,269,1500
1229,271,1500
1223,277,1500
1217,283,1500
1193,307,1500
1187,313,1500
1163,337,1500
1153,347,1500
1151,349,1500
1117,383,1500
1103,397,1500
1091,409,1500
1069,431,1500
1061,439,1500
1051,449,1500
1039,461,1500
1033,467,1500
1021,479,1500
1013,487,1500
1009,491,1500
997,503,1500
991,509,1500
977,523,1500
953,547,1500
937,563,1500
929,571,1500
907,593,1500
887,613,1500
883,617,1500
881,619,1500
859,641,1500
857,643,1500
853,647,1500
839,661,1500
827,673,1500
823,677,1500
809,691,1500
773,727,1500
761,739,1500
757,743,1500
1499,3,1502
1489,13,1502
1483,19,1502
1471,31,1502
1459,43,1502
1429,73,1502
1423,79,1502
1399,103,1502
1321,181,1502
1303,199,1502
1291,211,1502
1279,223,1502
1231,271,1502
1171,331,1502
1153,349,1502
1129,373,1502
1123,379,1502
1093,409,1502
1069,433,1502
1063,439,1502
1039,463,1502
883,619,1502
859,643,1502
829,673,1502
811,691,1502
769,733,1502
751,751,1502
1499,5,1504
1493,11,1504
1487,17,1504
1481,23,1504
1451,53,1504
1433,71,1504
1373,131,1504
1367,137,1504
1307,197,1504
1277,227,1504
1223,281,1504
1193,311,1504
1187,317,1504
1151,353,1504
1103,401,1504
1061,443,1504
1013,491,1504
983,521,1504
947,557,1504
941,563,1504
911,593,1504
887,617,1504
863,641,1504
857,647,1504
827,677,1504
821,683,1504
761,743,1504
1499,7,1506
1493,13,1506
1489,17,1506
1487,19,1506
1483,23,1506
1459,47,1506
1453,53,1506
1447,59,1506
1439,67,1506
1433,73,1506
1427,79,1506
1423,83,1506
1409,97,1506
1399,107,1506
1367,139,1506
1327,179,1506
1307,199,1506
1283,223,1506
1279,227,1506
1277,229,1506
1249,257,1506
1237,269,1506
1229,277,1506
1223,283,1506
1213,293,1506
1193,313,1506
1153,353,1506
1123,383,1506
1117,389,1506
1109,397,1506
1097,409,1506
1087,419,1506
1063,443,1506
1049,457,1506
1039,467,1506
1019,487,1506
997,509,1506
983,523,1506
937,569,1506
929,577,1506
919,587,1506
907,599,1506
887,619,1506
863,643,1506
859,647,1506
853,653,1506
829,677,1506
823,683,1506
797,709,1506
787,719,1506
773,733,1506
1489,19,1508
1471,37,1508
1447,61,1508
1429,79,1508
1399,109,1508
1381,127,1508
1327,181,1508
1297,211,1508
1279,229,1508
1237,271,1508
1231,277,1508
1201,307,1508
1171,337,1508
1129,379,1508
1087,421,1508
1069,439,1508
1051,457,1508
1021,487,1508
1009,499,1508
967,541,1508
937,571,1508
907,601,1508
877,631,1508
769,739,1508
757,751,1508
1499,11,1510
1493,17,1510
1487,23,1510
1481,29,1510
1451,59,1510
1439,71,1510
1427,83,1510
1409,101,1510
1373,137,1510
1361,149,1510
1319,191,1510
1283,227,1510
1277,233,1510
1259,251,1510
1229,281,1510
1217,293,1510
1193,317,1510
1163,347,1510
1151,359,1510
1109,401,1510
1091,419,1510
1061,449,1510
1049,461,1510
1031,479,1510
1019,491,1510
953,557,1510
947,563,1510
941,569,1510
911,599,1510
863,647,1510
857,653,1510
827,683,1510
809,701,1510
1499,13,1512
1493,19,1512
1489,23,1512
1483,29,1512
1481,31,1512
1471,41,1512
1459,53,1512
1453,59,1512
1451,61,1512
1439,73,1512
1433,79,1512
1429,83,1512
1423,89,1512
1409,103,1512
1399,113,1512
1381,131,1512
1373,139,1512
1361,151,1512
1321,191,1512
1319,193,1512
1301,211,1512
1289,223,1512
1283,229,1512
1279,233,1512
1249,263,1512
1231,281,1512
1229,283,1512
1201,311,1512
1181,331,1512
1163,349,1512
1153,359,1512
1129,383,1512
1123,389,1512
1103,409,1512
1093,419,1512
1091,421,1512
1069,443,1512
1063,449,1512
1051,461,1512
1049,463,1512
1033,479,1512
1021,491,1512
1013,499,1512
1009,503,1512
991,521,1512
971,541,1512
941,571,1512
919,593,1512
911,601,1512
881,631,1512
859,653,1512
853,659,1512
839,673,1512
829,683,1512
821,691,1512
811,701,1512
773,739,1512
769,743,1512
761,751,1512
1511,3,1514
1483,31,1514
1471,43,1514
1453,61,1514
1447,67,1514
1321,193,1514
1303,211,1514
1291,223,1514
1237,277,1514
1231,283,1514
1201,313,1514
1117,397,1514
1093,421,1514
1051,463,1514
991,523,1514
967,547,1514
937,577,1514
907,607,1514
883,631,1514
853,661,1514
823,691,1514
787,727,1514
757,757,1514
1511,5,1516
1499,17,1516
1493,23,1516
1487,29,1516
1433,83,1516
1427,89,1516
1409,107,1516
1367,149,1516
1319,197,1516
1289,227,1516
1283,233,1516
1277,239,1516
1259,257,1516
1223,293,1516
1163,353,1516
1097,419,1516
1049,467,1516
1013,503,1516
953,563,1516
947,569,1516
929,587,1516
863,653,1516
857,659,1516
839,677,1516
797,719,1516
773,743,1516
1511,7,1518
1499,19,1518
1489,29,1518
1487,31,1518
1481,37,1518
1471,47,1518
1459,59,1518
1451,67,1518
1447,71,1518
1439,79,1518
1429,89,1518
1409,109,1518
1381,137,1518
1367,151,1518
1361,157,1518
1327,191,1518
1321,197,1518
1319,199,1518
1307,211,1518
1291,227,1518
1289,229,1518
1279,239,1518
1277,241,1518
1249,269,1518
1237,281,1518
1201,317,1518
1187,331,1518
1181,337,1518
1171,347,1518
1151,367,1518
1129,389,1518
1117,401,1518
1109,409,1518
1097,421,1518
1087,431,1518
1069,449,1518
1061,457,1518
1051,467,1518
1039,479,1518
1031,487,1518
1019,499,1518
1009,509,1518
997,521,1518
977,541,1518
971,547,1518
947,571,1518
941,577,1518
919,599,1518
911,607,1518
887,631,1518
877,641,1518
859,659,1518
857,661,1518
827,691,1518
809,709,1518
761,757,1518
1489,31,1520
1483,37,1520
1459,61,1520
1453,67,1520
1447,73,1520
1423,97,1520
1381,139,1520
1327,193,1520
1321,199,1520
1297,223,1520
1291,229,1520
1279,241,1520
1249,271,1520
1237,283,1520
1213,307,1520
1171,349,1520
1153,367,1520
1123,397,1520
1087,433,1520
1063,457,1520
1033,487,1520
1021,499,1520
997,523,1520
919,601,1520
907,613,1520
877,643,1520
859,661,1520
829,691,1520
811,709,1520
787,733,1520
769,751,1520
1511,11,1522
1499,23,1522
1493,29,1522
1481,41,1522
1451,71,1522
1439,83,1522
1433,89,1522
1409,113,1522
1373,149,1522
1289,233,1522
1283,239,1522
1259,263,1522
1229,293,1522
1163,359,1522
1103,419,1522
1091,431,1522
1061,461,1522
1031,491,1522
1019,503,1522
1013,509,1522
953,569,1522
929,593,1522
881,641,1522
863,659,1522
839,683,1522
821,701,1522
761,761,1522
1511,13,1524
1493,31,1524
1487,37,1524
1483,41,1524
1481,43,1524
1471,53,1524
1453,71,1524
1451,73,1524
1427,97,1524
1423,101,1524
1373,151,1524
1367,157,1524
1361,163,1524
1327,197,1524
1301,223,1524
1297,227,1524
1291,233,1524
1283,241,1524
1231,293,1524
1217,307,1524
1213,311,1524
1193,331,1524
1187,337,1524
1171,353,1524
1151,373,1524
1123,401,1524
1103,421,1524
1093,431,1524
1091,433,1524
1063,461,1524
1061,463,1524
1033,491,1524
1021,503,1524
983,541,1524
977,547,1524
967,557,1524
953,571,1524
947,577,1524
937,587,1524
911,613,1524
907,617,1524
883,641,1524
881,643,1524
877,647,1524
863,661,1524
823,701,1524
797,727,1524
773,751,1524
1523,3,1526
1489,37,1526
1483,43,1526
1459,67,1526
1453,73,1526
1447,79,1526
1429,97,1526
1423,103,1526
1399,127,1526
1327,199,1526
1303,223,1526
1297,229,1526
1249,277,1526
1213,313,1526
1153,373,1526
1129,397,1526
1117,409,1526
1093,433,1526
1087,439,1526
1069,457,1526
1063,463,1526
1039,487,1526
919,607,1526
907,619,1526
883,643,1526
853,673,1526
787,739,1526
769,757,1526
1523,5,1528
1511,17,1528
1499,29,1528
1487,41,1528
1481,47,1528
1439,89,1528
1427,101,1528
1361,167,1528
1301,227,1528
1289,239,1528
1277,251,1528
1259,269,1528
1217,311,1528
1181,347,1528
1109,419,1528
1097,431,1528
1061,467,1528
1049,479,1528
1019,509,1528
971,557,1528
941,587,1528
929,599,1528
911,617,1528
887,641,1528
881,647,1528
827,701,1528
809,719,1528
1523,7,1530
1511,19,1530
1499,31,1530
1493,37,1530
1489,41,1530
1487,43,1530
1483,47,1530
1471,59,1530
1459,71,1530
1451,79,1530
1447,83,1530
1433,97,1530
1429,101,1530
1427,103,1530
1423,107,1530
1399,131,1530
1381,149,1530
1373,157,1530
1367,163,1530
1319,211,1530
1307,223,1530
1303,227,1530
1301,229,1530
1297,233,1530
1291,239,1530
1289,241,1530
1279,251,1530
1259,271,1530
1249,281,1530
1237,293,1530
1223,307,1530
1217,313,1530
1213,317,1530
1193,337,1530
1181,349,1530
1171,359,1530
1163,367,1530
1151,379,1530
1129,401,1530
1109,421,1530
1097,433,1530
1091,439,1530
1087,443,1530
1069,461,1530
1063,467,1530
1051,479,1530
1039,491,1530
1031,499,1530
1021,509,1530
1009,521,1530
983,547,1530
967,563,1530
953,577,1530
937,593,1530
929,601,1530
911,619,1530
887,643,1530
883,647,1530
877,653,1530
857,673,1530
853,677,1530
839,691,1530
829,701,1530
821,709,1530
811,719,1530
797,733,1530
787,743,1530
773,757,1530
769,761,1530
1489,43,1532
1471,61,1532
1459,73,1532
1453,79,1532
1429,103,1532
1423,109,1532
1381,151,1532
1321,211,1532
1303,229,1532
1291,241,1532
1249,283,1532
1201,331,1532
1153,379,1532
1123,409,1532
1093,439,1532
1069,463,1532
1033,499,1532
1009,523,1532
991,541,1532
919,613,1532
859,673,1532
823,709,1532
1531,3,1534
1523,11,1534
1511,23,1534
1493,41,1534
1487,47,1534
1481,53,1534
1451,83,1534
1433,101,1534
1427,107,1534
1367,167,1534
1361,173,1534
1307,227,1534
1301,233,1534
1283,251,1534
1277,257,1534
1223,311,1534
1217,317,1534
1187,347,1534
1181,353,1534
1151,383,1534
1103,431,1534
1091,443,1534
1031,503,1534
1013,521,1534
977,557,1534
971,563,1534
947,587,1534
941,593,1534
887,647,1534
881,653,1534
857,677,1534
773,761,1534
1531,5,1536
1523,13,1536
1499,37,1536
1493,43,1536
1489,47,1536
1483,53,1536
1453,83,1536
1447,89,1536
1439,97,1536
1433,103,1536
1429,107,1536
1427,109,1536
1423,113,1536
1409,127,1536
1399,137,1536
1373,163,1536
1307,229,1536
1303,233,1536
1297,239,1536
1279,257,1536
1259,277,1536
1229,307,1536
1223,313,1536
1187,349,1536
1163,373,1536
1153,383,1536
1117,419,1536
1103,433,1536
1097,439,1536
1093,443,1536
1087,449,1536
1069,467,1536
1049,487,1536
1033,503,1536
1013,523,1536
967,569,1536
937,599,1536
929,607,1536
919,617,1536
883,653,1536
877,659,1536
863,673,1536
859,677,1536
853,683,1536
827,709,1536
809,727,1536
797,739,1536
1531,7,1538
1471,67,1538
1459,79,1538
1429,109,1538
1399,139,1538
1381,157,1538
1327,211,1538
1297,241,1538
1231,307,1538
1201,337,1538
1171,367,1538
1129,409,1538
1117,421,1538
1051,487,1538
1039,499,1538
997,541,1538
991,547,1538
967,571,1538
937,601,1538
919,619,1538
907,631,1538
877,661,1538
829,709,1538
811,727,1538
787,751,1538
769,769,1538
1523,17,1540
1511,29,1540
1499,41,1540
1493,47,1540
1487,53,1540
1481,59,1540
1451,89,1540
1439,101,1540
1433,107,1540
1427,113,1540
1409,131,1540
1373,167,1540
1367,173,1540
1361,179,1540
1307,233,1540
1301,239,1540
1289,251,1540
1283,257,1540
1277,263,1540
1259,281,1540
1229,311,1540
1223,317,1540
1193,347,1540
1187,353,1540
1181,359,1540
1151,389,1540
1109,431,1540
1097,443,1540
1091,449,1540
1061,479,1540
1049,491,1540
1031,509,1540
1019,521,1540
983,557,1540
977,563,1540
971,569,1540
953,587,1540
947,593,1540
941,599,1540
887,653,1540
881,659,1540
863,677,1540
857,683,1540
839,701,1540
821,719,1540
797,743,1540
1531,11,1542
1523,19,1542
1511,31,1542
1499,43,1542
1489,53,1542
1483,59,1542
1481,61,1542
1471,71,1542
1459,83,1542
1453,89,1542
1439,103,1542
1433,109,1542
1429,113,1542
1361,181,1542
1319,223,1542
1303,239,1542
1301,241,1542
1291,251,1542
1279,263,1542
1259,283,1542
1249,293,1542
1231,311,1542
1229,313,1542
1193,349,1542
1163,379,1542
1153,389,1542
1123,419,1542
1109,433,1542
1103,439,1542
1093,449,1542
1063,479,1542
1051,491,1542
1039,503,1542
1033,509,1542
1021,521,1542
1019,523,1542
971,571,1542
941,601,1542
929,613,1542
911,631,1542
883,659,1542
881,661,1542
859,683,1542
823,719,1542
809,733,1542
773,769,1542
1531,13,1544
1483,61,1544
1471,73,1544
1447,97,1544
1381,163,1544
1321,223,1544
1303,241,1544
1237,307,1544
1231,313,1544
1213,331,1544
1171,373,1544
1123,421,1544
1087,457,1544
1021,523,1544
997,547,1544
967,577,1544
937,607,1544
883,661,1544
853,691,1544
811,733,1544
787,757,1544
1543,3,1546
1523,23,1546
1499,47,1546
1493,53,1546
1487,59,1546
1439,107,1546
1433,113,1546
1409,137,1546
1373,173,1546
1367,179,1546
1319,227,1546
1307,239,1546
1289,257,1546
1283,263,1546
1277,269,1546
1229,317,1546
1193,353,1546
1187,359,1546
1163,383,1546
1103,443,1546
1097,449,1546
983,563,1546
977,569,1546
953,593,1546
947,599,1546
929,617,1546
887,659,1546
863,683,1546
827,719,1546
773,773,1546
1543,5,1548
1531,17,1548
1511,37,1548
1489,59,1548
1487,61,1548
1481,67,1548
1459,89,1548
1451,97,1548
1447,101,1548
1439,109,1548
1409,139,1548
1399,149,1548
1381,167,1548
1367,181,1548
1321,227,1548
1319,229,1548
1307,241,1548
1297,251,1548
1291,257,1548
1279,269,1548
1277,271,1548
1237,311,1548
1231,317,1548
1217,331,1548
1201,347,1548
1181,367,1548
1151,397,1548
1129,419,1548
1117,431,1548
1109,439,1548
1091,457,1548
1087,461,1548
1069,479,1548
1061,487,1548
1049,499,1548
1039,509,1548
991,557,1548
977,571,1548
971,577,1548
947,601,1548
941,607,1548
929,619,1548
907,641,1548
887,661,1548
857,691,1548
839,709,1548
829,719,1548
821,727,1548
809,739,1548
797,751,1548
787,761,1548
1543,7,1550
1531,19,1550
1489,61,1550
1483,67,1550
1471,79,1550
1453,97,1550
1447,103,1550
1423,127,1550
1399,151,1550
1327,223,1550
1321,229,1550
1279,271,1550
1237,313,1550
1213,337,1550
1201,349,1550
1171,379,1550
1153,397,1550
1129,421,1550
1117,433,1550
1093,457,1550
1087,463,1550
1063,487,1550
1051,499,1550
1009,541,1550
937,613,1550
919,631,1550
907,643,1550
877,673,1550
859,691,1550
823,727,1550
811,739,1550
1549,3,1552
1523,29,1552
1511,41,1552
1499,53,1552
1493,59,1552
1481,71,1552
1451,101,1552
1439,113,1552
1373,179,1552
1361,191,1552
1319,233,1552
1301,251,1552
1289,263,1552
1283,269,1552
1259,293,1552
1193,359,1552
1163,389,1552
1151,401,1552
1109,443,1552
1103,449,1552
1091,461,1552
1061,491,1552
1049,503,1552
1031,521,1552
983,569,1552
953,599,1552
911,641,1552
809,743,1552
1549,5,1554
1543,11,1554
1531,23,1554
1523,31,1554
1511,43,1554
1493,61,1554
1487,67,1554
1483,71,1554
1481,73,1554
1471,83,1554
1453,101,1554
1451,103,1554
1447,107,1554
1427,127,1554
1423,131,1554
1381,173,1554
1373,181,1554
1361,193,1554
1327,227,1554
1321,233,1554
1303,251,1554
1297,257,1554
1291,263,1554
1283,271,1554
1277,277,1554
1237,317,1554
1223,331,1554
1217,337,1554
1201,353,1554
1187,367,1554
1181,373,1554
1171,383,1554
1153,401,1554
1123,431,1554
1097,457,1554
1093,461,1554
1091,463,1554
1087,467,1554
1063,491,1554
1051,503,1554
1033,521,1554
1031,523,1554
1013,541,1554
997,557,1554
991,563,1554
983,571,1554
977,577,1554
967,587,1554
953,601,1554
947,607,1554
941,613,1554
937,617,1554
911,643,1554
907,647,1554
881,673,1554
877,677,1554
863,691,1554
853,701,1554
827,727,1554
821,733,1554
811,743,1554
797,757,1554
1553,3,1556
1549,7,1556
1543,13,1556
1489,67,1556
1483,73,1556
1459,97,1556
1453,103,1556
1447,109,1556
1429,127,1556
1399,157,1556
1327,229,1556
1279,277,1556
1249,307,1556
1123,433,1556
1117,439,1556
1093,463,1556
1069,487,1556
1033,523,1556
1009,547,1556
937,619,1556
883,673,1556
829,727,1556
823,733,1556
787,769,1556
1553,5,1558
1511,47,1558
1499,59,1558
1487,71,1558
1451,107,1558
1427,131,1558
1409,149,1558
1367,191,1558
1361,197,1558
1319,239,1558
1307,251,1558
1301,257,1558
1289,269,1558
1277,281,1558
1109,449,1558
1097,461,1558
1091,467,1558
1049,509,1558
971,587,1558
941,617,1558
911,647,1558
881,677,1558
857,701,1558
839,719,1558
797,761,1558
1553,7,1560
1549,11,1560
1543,17,1560
1531,29,1560
1523,37,1560
1499,61,1560
1493,67,1560
1489,71,1560
1487,73,1560
1481,79,1560
1471,89,1560
1459,101,1560
1453,107,1560
1451,109,1560
1447,113,1560
1433,127,1560
1429,131,1560
1423,137,1560
1409,151,1560
1381,179,1560
1367,193,1560
1361,199,1560
1327,233,1560
1321,239,1560
1319,241,1560
1303,257,1560
1297,263,1560
1291,269,1560
1289,271,1560
1283,277,1560
1279,281,1560
1277,283,1560
1249,311,1560
1229,331,1560
1223,337,1560
1213,347,1560
1201,359,1560
1193,367,1560
1187,373,1560
1181,379,1560
1171,389,1560
1163,397,1560
1151,409,1560
1129,431,1560
1117,443,1560
1103,457,1560
1097,463,1560
1093,467,1560
1069,491,1560
1061,499,1560
1051,509,1560
1039,521,1560
1019,541,1560
1013,547,1560
997,563,1560
991,569,1560
983,577,1560
967,593,1560
953,607,1560
947,613,1560
941,619,1560
929,631,1560
919,641,1560
907,653,1560
887,673,1560
883,677,1560
877,683,1560
859,701,1560
827,733,1560
821,739,1560
809,751,1560
787,773,1560
1559,3,1562
1549,13,1562
1543,19,1562
1531,31,1562
1489,73,1562
1483,79,1562
1459,103,1562
1453,109,1562
1423,139,1562
1399,163,1562
1381,181,1562
1321,241,1562
1291,271,1562
1279,283,1562
1249,313,1562
1231,331,1562
1213,349,1562
1153,409,1562
1129,433,1562
1123,439,1562
1063,499,1562
1039,523,1562
1021,541,1562
991,571,1562
919,643,1562
853,709,1562
829,733,1562
823,739,1562
811,751,1562
1559,5,1564
1553,11,1564
1523,41,1564
1511,53,1564
1493,71,1564
1481,83,1564
1451,113,1564
1433,131,1564
1427,137,1564
1373,191,1564
1367,197,1564
1307,257,1564
1301,263,1564
1283,281,1564
1217,347,1564
1181,383,1564
1163,401,1564
1103,461,1564
1097,467,1564
1061,503,1564
977,587,1564
971,593,1564
947,617,1564
911,653,1564
887,677,1564
881,683,1564
863,701,1564
821,743,1564
1559,7,1566
1553,13,1566
1549,17,1566
1543,23,1566
1523,43,1566
1499,67,1566
1493,73,1566
1487,79,1566
1483,83,1566
1459,107,1566
1453,113,1566
1439,127,1566
1429,137,1566
1427,139,1566
1409,157,1566
1399,167,1566
1373,193,1566
1367,199,1566
1327,239,1566
1303,263,1566
1297,269,1566
1289,277,1566
1283,283,1566
1259,307,1566
1249,317,1566
1229,337,1566
1217,349,1566
1213,353,1566
1193,373,1566
1187,379,1566
1123,443,1566
1117,449,1566
1109,457,1566
1103,463,1566
1087,479,1566
1063,503,1566
1019,547,1566
1009,557,1566
997,569,1566
967,599,1566
953,613,1566
947,619,1566
919,647,1566
907,659,1566
883,683,1566
857,709,1566
839,727,1566
827,739,1566
823,743,1566
809,757,1566
797,769,1566
1549,19,1568
1531,37,1568
1489,79,1568
1471,97,1568
1459,109,1568
1429,139,1568
1327,241,1568
1297,271,1568
1291,277,1568
1237,331,1568
1231,337,1568
1201,367,1568
1171,397,1568
1129,439,1568
1069,499,1568
1021,547,1568
997,571,1568
991,577,1568
967,601,1568
937,631,1568
907,661,1568
877,691,1568
859,709,1568
829,739,1568
811,757,1568
1567,3,1570
1559,11,1570
1553,17,1570
1523,47,1570
1511,59,1570
1499,71,1570
1487,83,1570
1481,89,1570
1439,131,1570
1433,137,1570
1373,197,1570
1319,251,1570
1307,263,1570
1301,269,1570
1289,281,1570
1277,293,1570
1259,311,1570
1223,347,1570
1217,353,1570
1187,383,1570
1181,389,1570
1151,419,1570
1109,461,1570
1103,467,1570
1091,479,1570
1061,509,1570
1049,521,1570
1013,557,1570
983,587,1570
977,593,1570
971,599,1570
953,617,1570
929,641,1570
911,659,1570
887,683,1570
827,743,1570
809,761,1570
797,773,1570
1567,5,1572
1559,13,1572
1553,19,1572
1549,23,1572
1543,29,1572
1531,41,1572
1511,61,1572
1499,73,1572
1493,79,1572
1489,83,1572
1483,89,1572
1471,101,1572
1459,113,1572
1433,139,1572
1423,149,1572
1409,163,1572
1399,173,1572
1381,191,1572
1373,199,1572
1361,211,1572
1321,251,1572
1303,269,1572
1301,271,1572
1291,281,1572
1289,283,1572
1279,293,1572
1259,313,1572
1223,349,1572
1213,359,1572
1193,379,1572
1171,401,1572
1163,409,1572
1153,419,1572
1151,421,1572
1129,443,1572
1123,449,1572
1109,463,1572
1093,479,1572
1069,503,1572
1063,509,1572
1051,521,1572
1049,523,1572
1031,541,1572
1009,563,1572
971,601,1572
953,619,1572
941,631,1572
929,643,1572
919,653,1572
911,661,1572
881,691,1572
863,709,1572
853,719,1572
839,733,1572
829,743,1572
821,751,1572
811,761,1572
1571,3,1574
1567,7,1574
1543,31,1574
1531,43,1574
1471,103,1574
1447,127,1574
1423,151,1574
1381,193,1574
1303,271,1574
1297,277,1574
1291,283,1574
1237,337,1574
1201,373,1574
1153,421,1574
1117,457,1574
1087,487,1574
1051,523,1574
1033,541,1574
997,577,1574
967,607,1574
883,691,1574
823,751,1574
787,787,1574
1571,5,1576
1559,17,1576
1553,23,1576
1523,53,1576
1493,83,1576
1487,89,1576
1439,137,1576
1427,149,1576
1409,167,1576
1319,257,1576
1307,269,1576
1283,293,1576
1259,317,1576
1229,347,1576
1223,353,1576
1217,359,1576
1193,383,1576
1187,389,1576
1109,467,1576
1097,479,1576
1019,557,1576
1013,563,1576
983,593,1576
977,599,1576
929,647,1576
857,719,1576
1571,7,1578
1567,11,1578
1559,19,1578
1549,29,1578
1531,47,1578
1511,67,1578
1499,79,1578
1489,89,1578
1481,97,1578
1471,107,1578
1451,127,1578
1447,131,1578
1439,139,1578
1429,149,1578
1427,151,1578
1399,179,1578
1381,197,1578
1367,211,1578
1327,251,1578
1321,257,1578
1307,271,1578
1301,277,1578
1297,281,1578
1231,347,1578
1229,349,1578
1181,397,1578
1129,449,1578
1117,461,1578
1091,487,1578
1087,491,1578
1069,509,1578
1031,547,1578
1021,557,1578
1009,569,1578
991,587,1578
977,601,1578
971,607,1578
947,631,1578
937,641,1578
919,659,1578
887,691,1578
877,701,1578
859,719,1578
839,739,1578
827,751,1578
821,757,1578
809,769,1578
1567,13,1580
1549,31,1580
1543,37,1580
1483,97,1580
1471,109,1580
1453,127,1580
1429,151,1580
1423,157,1580
1399,181,1580
1381,199,1580
1303,277,1580
1297,283,1580
1249,331,1580
1231,349,1580
1213,367,1580
1201,379,1580
1171,409,1580
1123,457,1580
1117,463,1580
1093,487,1580
1039,541,1580
1033,547,1580
1009,571,1580
967,613,1580
937,643,1580
919,661,1580
907,673,1580
853,727,1580
829,751,1580
823,757,1580
811,769,1580
1579,3,1582
1571,11,1582
1559,23,1582
1553,29,1582
1523,59,1582
1511,71,1582
1499,83,1582
1493,89,1582
1481,101,1582
1451,131,1582
1433,149,1582
1409,173,1582
1319,263,1582
1301,281,1582
1289,293,1582
1229,353,1582
1223,359,1582
1193,389,1582
1181,401,1582
1163,419,1582
1151,431,1582
1103,479,1582
1091,491,1582
1061,521,1582
1019,563,1582
1013,569,1582
983,599,1582
941,641,1582
929,653,1582
881,701,1582
863,719,1582
839,743,1582
821,761,1582
809,773,1582
1579,5,1584
1571,13,1584
1567,17,1584
1553,31,1584
1543,41,1584
1531,53,1584
1523,61,1584
1511,73,1584
1487,97,1584
1483,101,1584
1481,103,1584
1471,113,1584
1453,131,1584
1447,137,1584
1433,151,1584
1427,157,1584
1373,211,1584
1361,223,1584
1327,257,1584
1321,263,1584
1307,277,1584
1303,281,1584
1301,283,1584
1291,293,1584
1277,307,1584
1237,347,1584
1231,353,1584
1217,367,1584
1201,383,1584
1187,397,1584
1163,421,1584
1153,431,1584
1151,433,1584
1123,461,1584
1117,467,1584
1097,487,1584
1093,491,1584
1063,521,1584
1061,523,1584
1021,563,1584
1013,571,1584
997,587,1584
991,593,1584
983,601,1584
977,607,1584
971,613,1584
967,617,1584
953,631,1584
941,643,1584
937,647,1584
911,673,1584
907,677,1584
883,701,1584
857,727,1584
827,757,1584
823,761,1584
811,773,1584
797,787,1584
1583,3,1586
1579,7,1586
1567,19,1586
1549,37,1586
1543,43,1586
1489,97,1586
1483,103,1586
1459,127,1586
1447,139,1586
1429,157,1586
1423,163,1586
1303,283,1586
1279,307,1586
1249,337,1586
1237,349,1586
1213,373,1586
1153,433,1586
1129,457,1586
1123,463,1586
1087,499,1586
1063,523,1586
1039,547,1586
1009,577,1586
967,619,1586
877,709,1586
859,727,1586
853,733,1586
829,757,1586
1583,5,1588
1571,17,1588
1559,29,1588
1499,89,1588
1487,101,1588
1481,107,1588
1451,137,1588
1439,149,1588
1409,179,1588
1361,227,1588
1319,269,1588
1307,281,1588
1277,311,1588
1229,359,1588
1187,401,1588
1109,479,1588
1097,491,1588
1031,557,1588
1019,569,1588
971,617,1588
947,641,1588
941,647,1588
929,659,1588
911,677,1588
887,701,1588
827,761,1588
1583,7,1590
1579,11,1590
1571,19,1590
1567,23,1590
1559,31,1590
1553,37,1590
1549,41,1590
1543,47,1590
1531,59,1590
1523,67,1590
1511,79,1590
1493,97,1590
1489,101,1590
1487,103,1590
1483,107,1590
1481,109,1590
1459,131,1590
1453,137,1590
1451,139,1590
1439,151,1590
1433,157,1590
1427,163,1590
1423,167,1590
1409,181,1590
1399,191,1590
1367,223,1590
1361,229,1590
1327,263,1590
1321,269,1590
1319,271,1590
1307,283,1590
1297,293,1590
1283,307,1590
1279,311,1590
1277,313,1590
1259,331,1590
1237,353,1590
1231,359,1590
1223,367,1590
1217,373,1590
1201,389,1590
1193,397,1590
1181,409,1590
1171,419,1590
1151,439,1590
1129,461,1590
1123,467,1590
1103,487,1590
1091,499,1590
1087,503,1590
1069,521,1590
1049,541,1590
1033,557,1590
1021,569,1590
1019,571,1590
1013,577,1590
997,593,1590
991,599,1590
983,607,1590
977,613,1590
971,619,1590
947,643,1590
937,653,1590
929,661,1590
907,683,1590
881,709,1590
863,727,1590
857,733,1590
839,751,1590
829,761,1590
821,769,1590
1579,13,1592
1549,43,1592
1531,61,1592
1489,103,1592
1483,109,1592
1453,139,1592
1429,163,1592
1399,193,1592
1381,211,1592
1321,271,1592
1279,313,1592
1213,379,1592
1171,421,1592
1153,439,1592
1129,463,1592
1093,499,1592
1069,523,1592
1051,541,1592
1021,571,1592
991,601,1592
919,673,1592
883,709,1592
859,733,1592
853,739,1592
823,769,1592
1583,11,1594
1571,23,1594
1553,41,1594
1523,71,1594
1511,83,1594
1493,101,1594
1487,107,1594
1481,113,1594
1427,167,1594
1367,227,1594
1361,233,1594
1301,293,1594
1283,311,1594
1277,317,1594
1193,401,1594
1163,431,1594
1151,443,1594
1103,491,1594
1091,503,1594
1031,563,1594
977,617,1594
953,641,1594
947,647,1594
941,653,1594
911,683,1594
821,773,1594
797,797,1594
1583,13,1596
1579,17,1596
1567,29,1596
1559,37,1596
1553,43,1596
1549,47,1596
1543,53,1596
1523,73,1596
1499,97,1596
1493,103,1596
1489,107,1596
1487,109,1596
1483,113,1596
1459,137,1596
1447,149,1596
1439,157,1596
1433,163,1596
1429,167,1596
1423,173,1596
1399,197,1596
1373,223,1596
1367,229,1596
1327,269,1596
1319,277,1596
1303,293,1596
1289,307,1596
1283,313,1596
1279,317,1596
1259,337,1596
1249,347,1596
1237,359,1596
1229,367,1596
1223,373,1596
1217,379,1596
1213,383,1596
1187,409,1596
1163,433,1596
1153,443,1596
1129,467,1596
1117,479,1596
1109,487,1596
1097,499,1596
1093,503,1596
1087,509,1596
1049,547,1596
1039,557,1596
1033,563,1596
1019,577,1596
1009,587,1596
997,599,1596
983,613,1596
977,619,1596
953,643,1596
937,659,1596
919,677,1596
887,709,1596
877,719,1596
863,733,1596
857,739,1596
853,743,1596
839,757,1596
827,769,1596
823,773,1596
809,787,1596
1579,19,1598
1567,31,1598
1531,67,1598
1489,109,1598
1471,127,1598
1459,139,1598
1447,151,1598
1399,199,1598
1327,271,1598
1321,277,1598
1291,307,1598
1249,349,1598
1231,367,1598
1201,397,1598
1051,547,1598
1021,577,1598
997,601,1598
991,607,1598
967,631,1598
937,661,1598
907,691,1598
859,739,1598
829,769,1598
811,787,1598
1597,3,1600
1583,17,1600
1571,29,1600
1559,41,1600
1553,47,1600
1511,89,1600
1499,101,1600
1493,107,1600
1487,113,1600
1451,149,1600
1433,167,1600
1427,173,1600
1409,191,1600
1373,227,1600
1367,233,1600
1361,239,1600
1319,281,1600
1307,293,1600
1289,311,1600
1283,317,1600
1217,383,1600
1181,419,1600
1151,449,1600
1109,491,1600
1097,503,1600
1091,509,1600
1031,569,1600
1013,587,1600
983,617,1600
953,647,1600
947,653,1600
941,659,1600
881,719,1600
857,743,1600
839,761,1600
827,773,1600
1597,5,1602
1583,19,1602
1579,23,1602
1571,31,1602
1559,43,1602
1549,53,1602
1543,59,1602
1531,71,1602
1523,79,1602
1499,103,1602
1493,109,1602
1489,113,1602
1471,131,1602
1453,149,1602
1451,151,1602
1439,163,1602
1429,173,1602
1423,179,1602
1409,193,1602
1373,229,1602
1361,241,1602
1321,281,1602
1319,283,1602
1291,311,1602
1289,313,1602
1249,353,1602
1229,373,1602
1223,379,1602
1213,389,1602
1201,401,1602
1193,409,1602
1181,421,1602
1171,431,1602
1163,439,1602
1153,449,1602
1123,479,1602
1103,499,1602
1093,509,1602
1061,541,1602
1039,563,1602
1033,569,1602
1031,571,1602
1009,593,1602
983,619,1602
971,631,1602
941,661,1602
929,673,1602
919,683,1602
911,691,1602
883,719,1602
863,739,1602
859,743,1602
829,773,1602
1601,3,1604
1597,7,1604
1567,37,1604
1543,61,1604
1531,73,1604
1453,151,1604
1447,157,1604
1423,181,1604
1381,223,1604
1327,277,1604
1321,283,1604
1297,307,1604
1291,313,1604
1237,367,1604
1231,373,1604
1171,433,1604
1117,487,1604
1063,541,1604
1033,571,1604
997,607,1604
991,613,1604
877,727,1604
853,751,1604
1601,5,1606
1583,23,1606
1559,47,1606
1553,53,1606
1523,83,1606
1499,107,1606
1493,113,1606
1439,167,1606
1433,173,1606
1427,179,1606
1409,197,1606
1373,233,1606
1367,239,1606
1289,317,1606
1259,347,1606
1223,383,1606
1217,389,1606
1187,419,1606
1163,443,1606
1103,503,1606
1097,509,1606
1049,557,1606
1019,587,1606
1013,593,1606
953,653,1606
947,659,1606
929,677,1606
887,719,1606
863,743,1606
809,797,1606
1601,7,1608
1597,11,1608
1579,29,1608
1571,37,1608
1567,41,1608
1549,59,1608
1511,97,1608
1499,109,1608
1481,127,1608
1471,137,1608
1459,149,1608
1451,157,1608
1429,179,1608
1427,181,1608
1409,199,1608
1381,227,1608
1367,241,1608
1327,281,1608
1301,307,1608
1297,311,1608
1291,317,1608
1277,331,1608
1259,349,1608
1249,359,1608
1229,379,1608
1187,421,1608
1151,457,1608
1129,479,1608
1117,491,1608
1109,499,1608
1087,521,1608
1061,547,1608
1051,557,1608
1039,569,1608
1031,577,1608
1021,587,1608
1009,599,1608
991,617,1608
977,631,1608
967,641,1608
947,661,1608
907,701,1608
881,727,1608
857,751,1608
839,769,1608
821,787,1608
811,797,1608
1607,3,1610
1597,13,1610
1579,31,1610
1567,43,1610
1549,61,1610
1543,67,1610
1531,79,1610
1483,127,1610
1471,139,1610
1459,151,1610
1453,157,1610
1447,163,1610
1429,181,1610
1399,211,1610
1381,229,1610
1327,283,1610
1303,307,1610
1297,313,1610
1279,331,1610
1237,373,1610
1231,379,1610
1213,397,1610
1201,409,1610
1171,439,1610
1153,457,1610
1123,487,1610
1087,523,1610
1069,541,1610
1063,547,1610
1039,571,1610
1033,577,1610
1009,601,1610
997,613,1610
991,619,1610
967,643,1610
937,673,1610
919,691,1610
883,727,1610
877,733,1610
859,751,1610
853,757,1610
823,787,1610
1609,3,1612
1607,5,1612
1601,11,1612
1583,29,1612
1571,41,1612
1559,53,1612
1553,59,1612
1523,89,1612
1511,101,1612
1499,113,1612
1481,131,1612
1439,173,1612
1433,179,1612
1373,239,1612
1361,251,1612
1319,293,1612
1301,311,1612
1259,353,1612
1229,383,1612
1223,389,1612
1193,419,1612
1181,431,1612
1163,449,1612
1151,461,1612
1109,503,1612
1103,509,1612
1091,521,1612
1049,563,1612
1019,593,1612
1013,599,1612
971,641,1612
953,659,1612
929,683,1612
911,701,1612
839,773,1612
1609,5,1614
1607,7,1614
1601,13,1614
1597,17,1614
1583,31,1614
1571,43,1614
1567,47,1614
1553,61,1614
1543,71,1614
1531,83,1614
1511,103,1614
1487,127,1614
1483,131,1614
1451,163,1614
1447,167,1614
1433,181,1614
1423,191,1614
1381,233,1614
1373,241,1614
1321,293,1614
1307,307,1614
1303,311,1614
1301,313,1614
1297,317,1614
1283,331,1614
1277,337,1614
1231,383,1614
1217,397,1614
1213,401,1614
1193,421,1614
1181,433,1614
1171,443,1614
1153,461,1614
1151,463,1614
1123,491,1614
1093,521,1614
1091,523,1614
1051,563,1614
1021,593,1614
1013,601,1614
997,617,1614
983,631,1614
971,643,1614
967,647,1614
953,661,1614
941,673,1614
937,677,1614
887,727,1614
881,733,1614
863,751,1614
857,757,1614
853,761,1614
827,787,1614
1613,3,1616
1609,7,1616
1597,19,1616
1579,37,1616
1549,67,1616
1543,73,1616
1489,127,1616
1459,157,1616
1453,163,1616
1423,193,1616
1303,313,1616
1279,337,1616
1249,367,1616
1237,379,1616
1153,463,1616
1129,487,1616
1117,499,1616
1093,523,1616
1069,547,1616
1039,577,1616
1009,607,1616
997,619,1616
907,709,1616
883,733,1616
877,739,1616
859,757,1616
829,787,1616
1613,5,1618
1607,11,1618
1601,17,1618
1571,47,1618
1559,59,1618
1511,107,1618
1487,131,1618
1481,137,1618
1451,167,1618
1439,179,1618
1427,191,1618
1367,251,1618
1361,257,1618
1307,311,1618
1301,317,1618
1259,359,1618
1229,389,1618
1217,401,1618
1187,431,1618
1151,467,1618
1109,509,1618
1097,521,1618
1061,557,1618
1049,569,1618
1031,587,1618
1019,599,1618
977,641,1618
971,647,1618
941,677,1618
857,761,1618
821,797,1618
809,809,1618
1613,7,1620
1609,11,1620
1607,13,1620
1601,19,1620
1597,23,1620
1583,37,1620
1579,41,1620
1567,53,1620
1559,61,1620
1553,67,1620
1549,71,1620
1531,89,1620
1523,97,1620
1511,109,1620
1493,127,1620
1489,131,1620
1483,137,1620
1481,139,1620
1471,149,1620
1453,167,1620
1447,173,1620
1439,181,1620
1429,191,1620
1427,193,1620
1423,197,1620
1409,211,1620
1381,239,1620
1327,293,1620
1307,313,1620
1303,317,1620
1289,331,1620
1283,337,1620
1237,383,1620
1231,389,1620
1223,397,1620
1201,419,1620
1187,433,1620
1181,439,1620
1171,449,1620
1163,457,1620
1153,467,1620
1129,491,1620
1117,503,1620
1097,523,1620
1063,557,1620
1051,569,1620
1049,571,1620
1033,587,1620
1021,599,1620
1019,601,1620
1013,607,1620
977,643,1620
967,653,1620
947,673,1620
937,683,1620
929,691,1620
919,701,1620
911,709,1620
887,733,1620
881,739,1620
877,743,1620
863,757,1620
859,761,1620
823,797,1620
811,809,1620
1619,3,1622
1609,13,1622
1579,43,1622
1549,73,1622
1543,79,1622
1483,139,1622
1471,151,1622
1459,163,1622
1429,193,1622
1423,199,1622
1399,223,1622
1381,241,1622
1291,331,1622
1249,373,1622
1213,409,1622
1201,421,1622
1123,499,1622
1051,571,1622
1021,601,1622
1009,613,1622
991,631,1622
883,739,1622
853,769,1622
811,811,1622
1621,3,1624
1619,5,1624
1613,11,1624
1607,17,1624
1601,23,1624
1583,41,1624
1571,53,1624
1553,71,1624
1523,101,1624
1511,113,1624
1493,131,1624
1487,137,1624
1451,173,1624
1433,191,1624
1427,197,1624
1373,251,1624
1367,257,1624
1361,263,1624
1307,317,1624
1277,347,1624
1223,401,1624
1193,431,1624
1181,443,1624
1163,461,1624
1103,521,1624
1061,563,1624
1031,593,1624
983,641,1624
977,647,1624
971,653,1624
947,677,1624
941,683,1624
881,743,1624
863,761,1624
827,797,1624
1621,5,1626
1619,7,1626
1613,13,1626
1609,17,1626
1607,19,1626
1597,29,1626
1583,43,1626
1579,47,1626
1567,59,1626
1559,67,1626
1553,73,1626
1543,83,1626
1523,103,1626
1499,127,1626
1489,137,1626
1487,139,1626
1459,167,1626
1453,173,1626
1447,179,1626
1433,193,1626
1429,197,1626
1427,199,1626
1399,227,1626
1319,307,1626
1289,337,1626
1279,347,1626
1277,349,1626
1259,367,1626
1237,389,1626
1229,397,1626
1217,409,1626
1193,433,1626
1187,439,1626
1163,463,1626
1123,503,1626
1117,509,1626
1103,523,1626
1069,557,1626
1063,563,1626
1049,577,1626
1039,587,1626
1033,593,1626
1019,607,1626
1013,613,1626
1009,617,1626
983,643,1626
967,659,1626
953,673,1626
907,719,1626
887,739,1626
883,743,1626
857,769,1626
853,773,1626
839,787,1626
829,797,1626
1621,7,1628
1609,19,1628
1597,31,1628
1567,61,1628
1549,79,1628
1531,97,1628
1489,139,1628
1471,157,1628
1447,181,1628
1429,199,1628
1399,229,1628
1321,307,1628
1297,331,1628
1291,337,1628
1279,349,1628
1249,379,1628
1231,397,1628
1171,457,1628
1129,499,1628
1087,541,1628
1051,577,1628
1021,607,1628
1009,619,1628
997,631,1628
967,661,1628
937,691,1628
919,709,1628
877,751,1628
859,769,1628
1627,3,1630
1619,11,1630
1613,17,1630
1607,23,1630
1601,29,1630
1583,47,1630
1571,59,1630
1559,71,1630
1523,107,1630
1499,131,1630
1493,137,1630
1481,149,1630
1451,179,1630
1439,191,1630
1433,197,1630
1373,257,1630
1367,263,1630
1361,269,1630
1319,311,1630
1283,347,1630
1277,353,1630
1229,401,1630
1187,443,1630
1181,449,1630
1163,467,1630
1151,479,1630
1109,521,1630
1061,569,1630
1031,599,1630
1013,617,1630
983,647,1630
977,653,1630
971,659,1630
953,677,1630
947,683,1630
929,701,1630
911,719,1630
887,743,1630
857,773,1630
821,809,1630
1627,5,1632
1621,11,1632
1619,13,1632
1613,19,1632
1609,23,1632
1601,31,1632
1579,53,1632
1571,61,1632
1559,73,1632
1553,79,1632
1549,83,1632
1543,89,1632
1531,101,1632
1523,109,1632
1493,139,1632
1483,149,1632
1481,151,1632
1459,173,1632
1453,179,1632
1451,181,1632
1439,193,1632
1433,199,1632
1409,223,1632
1399,233,1632
1381,251,1632
1361,271,1632
1321,311,1632
1319,313,1632
1301,331,1632
1283,349,1632
1279,353,1632
1259,373,1632
1249,383,1632
1231,401,1632
1223,409,1632
1213,419,1632
1201,431,1632
1193,439,1632
1171,461,1632
1153,479,1632
1129,503,1632
1123,509,1632
1109,523,1632
1091,541,1632
1069,563,1632
1063,569,1632
1061,571,1632
1039,593,1632
1033,599,1632
1031,601,1632
1019,613,1632
1013,619,1632
991,641,1632
971,661,1632
941,691,1632
881,751,1632
863,769,1632
859,773,1632
823,809,1632
821,811,1632
1627,7,1634
1621,13,1634
1597,37,1634
1567,67,1634
1531,103,1634
1483,151,1634
1471,163,1634
1453,181,1634
1423,211,1634
1327,307,1634
1321,313,1634
1303,331,1634
1297,337,1634
1237,397,1634
1213,421,1634
1201,433,1634
1171,463,1634
1093,541,1634
1087,547,1634
1063,571,1634
1033,601,1634
1021,613,1634
991,643,1634
907,727,1634
883,751,1634
877,757,1634
823,811,1634
1619,17,1636
1613,23,1636
1607,29,1636
1583,53,1636
1553,83,1636
1523,113,1636
1499,137,1636
1487,149,1636
1439,197,1636
1409,227,1636
1373,263,1636
1367,269,1636
1319,317,1636
1289,347,1636
1283,353,1636
1277,359,1636
1217,419,1636
1193,443,1636
1187,449,1636
1049,587,1636
1019,617,1636
983,653,1636
977,659,1636
953,683,1636
863,773,1636
839,797,1636
827,809,1636
1627,11,1638
1621,17,1638
1619,19,1638
1609,29,1638
1607,31,1638
1601,37,1638
1597,41,1638
1579,59,1638
1571,67,1638
1567,71,1638
1559,79,1638
1549,89,1638
1531,107,1638
1511,127,1638
1499,139,1638
1489,149,1638
1487,151,1638
1481,157,1638
1471,167,1638
1459,179,1638
1447,191,1638
1439,199,1638
1427,211,1638
1409,229,1638
1399,239,1638
1381,257,1638
1367,271,1638
1361,277,1638
1327,311,1638
1321,317,1638
1307,331,1638
1301,337,1638
1291,347,1638
1289,349,1638
1279,359,1638
1259,379,1638
1249,389,1638
1237,401,1638
1229,409,1638
1217,421,1638
1181,457,1638
1171,467,1638
1151,487,1638
1129,509,1638
1117,521,1638
1097,541,1638
1091,547,1638
1069,569,1638
1061,577,1638
1051,587,1638
1039,599,1638
1031,607,1638
1021,617,1638
1019,619,1638
997,641,1638
991,647,1638
977,661,1638
947,691,1638
937,701,1638
929,709,1638
919,719,1638
911,727,1638
887,751,1638
881,757,1638
877,761,1638
829,809,1638
827,811,1638
1637,3,1640
1627,13,1640
1621,19,1640
1609,31,1640
1597,43,1640
1579,61,1640
1567,73,1640
1543,97,1640
1531,109,1640
1489,151,1640
1483,157,1640
1459,181,1640
1447,193,1640
1429,211,1640
1399,241,1640
1327,313,1640
1303,337,1640
1291,349,1640
1231,409,1640
1201,439,1640
1153,487,1640
1117,523,1640
1093,547,1640
1069,571,1640
1063,577,1640
1039,601,1640
1033,607,1640
1021,619,1640
1009,631,1640
997,643,1640
967,673,1640
907,733,1640
883,757,1640
853,787,1640
829,811,1640
1637,5,1642
1619,23,1642
1613,29,1642
1601,41,1642
1583,59,1642
1571,71,1642
1559,83,1642
1553,89,1642
1511,131,1642
1493,149,1642
1451,191,1642
1409,233,1642
1373,269,1642
1361,281,1642
1289,353,1642
1283,359,1642
1259,383,1642
1223,419,1642
1193,449,1642
1181,461,1642
1163,479,1642
1151,491,1642
1049,593,1642
983,659,1642
941,701,1642
881,761,1642
821,821,1642
1637,7,1644
1627,17,1644
1621,23,1644
1613,31,1644
1607,37,1644
1601,43,1644
1597,47,1644
1583,61,1644
1571,73,1644
1543,101,1644
1531,113,1644
1493,151,1644
1487,157,1644
1481,163,1644
1471,173,1644
1453,191,1644
1451,193,1644
1447,197,1644
1433,211,1644
1381,263,1644
1373,271,1644
1367,277,1644
1361,283,1644
1327,317,1644
1307,337,1644
1297,347,1644
1291,353,1644
1277,367,1644
1223,421,1644
1213,431,1644
1201,443,1644
1187,457,1644
1181,463,1644
1153,491,1644
1123,521,1644
1103,541,1644
1097,547,1644
1087,557,1644
1051,593,1644
1031,613,1644
1013,631,1644
997,647,1644
991,653,1644
983,661,1644
971,673,1644
967,677,1644
953,691,1644
911,733,1644
887,757,1644
883,761,1644
857,787,1644
823,821,1644
1627,19,1646
1609,37,1646
1579,67,1646
1567,79,1646
1549,97,1646
1543,103,1646
1489,157,1646
1483,163,1646
1453,193,1646
1447,199,1646
1423,223,1646
1297,349,1646
1279,367,1646
1249,397,1646
1237,409,1646
1213,433,1646
1123,523,1646
1069,577,1646
1039,607,1646
1033,613,1646
937,709,1646
919,727,1646
907,739,1646
877,769,1646
859,787,1646
823,823,1646
1637,11,1648
1619,29,1648
1607,41,1648
1601,47,1648
1559,89,1648
1511,137,1648
1499,149,1648
1481,167,1648
1451,197,1648
1409,239,1648
1367,281,1648
1301,347,1648
1289,359,1648
1259,389,1648
1229,419,1648
1217,431,1648
1187,461,1648
1181,467,1648
1091,557,1648
1061,587,1648
1049,599,1648
1031,617,1648
971,677,1648
947,701,1648
929,719,1648
887,761,1648
839,809,1648
827,821,1648
1637,13,1650
1627,23,1650
1621,29,1650
1619,31,1650
1613,37,1650
1609,41,1650
1607,43,1650
1597,53,1650
1583,67,1650
1579,71,1650
1571,79,1650
1567,83,1650
1553,97,1650
1549,101,1650
1543,107,1650
1523,127,1650
1511,139,1650
1499,151,1650
1493,157,1650
1487,163,1650
1483,167,1650
1471,179,1650
1459,191,1650
1453,197,1650
1451,199,1650
1439,211,1650
1427,223,1650
1423,227,1650
1409,241,1650
1399,251,1650
1381,269,1650
1373,277,1650
1367,283,1650
1319,331,1650
1303,347,1650
1301,349,1650
1297,353,1650
1291,359,1650
1283,367,1650
1277,373,1650
1249,401,1650
1231,419,1650
1229,421,1650
1217,433,1650
1201,449,1650
1193,457,1650
1187,463,1650
1171,479,1650
1163,487,1650
1151,499,1650
1129,521,1650
1109,541,1650
1103,547,1650
1093,557,1650
1087,563,1650
1063,587,1650
1051,599,1650
1049,601,1650
1033,617,1650
1031,619,1650
1019,631,1650
1009,641,1650
997,653,1650
991,659,1650
977,673,1650
967,683,1650
941,709,1650
911,739,1650
907,743,1650
881,769,1650
877,773,1650
863,787,1650
853,797,1650
839,811,1650
829,821,1650
827,823,1650
1621,31,1652
1609,43,1652
1579,73,1652
1549,103,1652
1543,109,1652
1489,163,1652
1471,181,1652
1459,193,1652
1453,199,1652
1429,223,1652
1423,229,1652
1381,271,1652
1321,331,1652
1303,349,1652
1279,373,1652
1231,421,1652
1213,439,1652
1153,499,1652
1129,523,1652
1051,601,1652
1039,613,1652
1033,619,1652
1021,631,1652
1009,643,1652
991,661,1652
919,733,1652
883,769,1652
829,823,1652
1637,17,1654
1613,41,1654
1607,47,1654
1601,53,1654
1583,71,1654
1571,83,1654
1553,101,1654
1523,131,1654
1487,167,1654
1481,173,1654
1427,227,1654
1373,281,1654
1361,293,1654
1307,347,1654
1301,353,1654
1223,431,1654
1193,461,1654
1187,467,1654
1163,491,1654
1151,503,1654
1097,557,1654
1091,563,1654
1061,593,1654
1013,641,1654
977,677,1654
971,683,1654
953,701,1654
911,743,1654
881,773,1654
857,797,1654
827,827,1654
1637,19,1656
1627,29,1656
1619,37,1656
1613,43,1656
1609,47,1656
1597,59,1656
1583,73,1656
1567,89,1656
1559,97,1656
1553,103,1656
1549,107,1656
1543,113,1656
1499,157,1656
1493,163,1656
1489,167,1656
1483,173,1656
1459,197,1656
1433,223,1656
1429,227,1656
1427,229,1656
1423,233,1656
1399,257,1656
1373,283,1656
1319,337,1656
1307,349,1656
1303,353,1656
1297,359,1656
1289,367,1656
1283,373,1656
1277,379,1656
1259,397,1656
1237,419,1656
1223,433,1656
1217,439,1656
1213,443,1656
1193,463,1656
1153,503,1656
1109,547,1656
1093,563,1656
1087,569,1656
1069,587,1656
1063,593,1656
1049,607,1656
1039,617,1656
1013,643,1656
1009,647,1656
997,659,1656
983,673,1656
947,709,1656
937,719,1656
929,727,1656
887,769,1656
883,773,1656
859,797,1656
829,827,1656
1627,31,1658
1621,37,1658
1597,61,1658
1579,79,1658
1549,109,1658
1531,127,1658
1459,199,1658
1447,211,1658
1429,229,1658
1381,277,1658
1327,331,1658
1321,337,1658
1291,367,1658
1279,379,1658
1249,409,1658
1237,421,1658
1201,457,1658
1171,487,1658
1117,541,1658
1087,571,1658
1051,607,1658
1039,619,1658
997,661,1658
967,691,1658
919,739,1658
907,751,1658
829,829,1658
1657,3,1660
1637,23,1660
1619,41,1660
1613,47,1660
1607,53,1660
1601,59,1660
1571,89,1660
1559,101,1660
1553,107,1660
1523,137,1660
1511,149,1660
1493,167,1660
1487,173,1660
1481,179,1660
1433,227,1660
1427,233,1660
1409,251,1660
1367,293,1660
1307,353,1660
1301,359,1660
1277,383,1660
1259,401,1660
1229,431,1660
1217,443,1660
1193,467,1660
1181,479,1660
1151,509,1660
1103,557,1660
1097,563,1660
1091,569,1660
1061,599,1660
1019,641,1660
1013,647,1660
983,677,1660
977,683,1660
941,719,1660
887,773,1660
863,797,1660
839,821,1660
1657,5,1662
1621,41,1662
1619,43,1662
1609,53,1662
1601,61,1662
1583,79,1662
1579,83,1662
1559,103,1662
1553,109,1662
1549,113,1662
1531,131,1662
1523,139,1662
1511,151,1662
1499,163,1662
1489,173,1662
1483,179,1662
1481,181,1662
1471,191,1662
1451,211,1662
1439,223,1662
1433,229,1662
1429,233,1662
1423,239,1662
1399,263,1662
1381,281,1662
1303,359,1662
1289,373,1662
1283,379,1662
1279,383,1662
1231,431,1662
1229,433,1662
1223,439,1662
1213,449,1662
1201,461,1662
1171,491,1662
1163,499,1662
1153,509,1662
1093,569,1662
1091,571,1662
1069,593,1662
1063,599,1662
1061,601,1662
1049,613,1662
1031,631,1662
1021,641,1662
1019,643,1662
1009,653,1662
971,691,1662
953,709,1662
929,733,1662
919,743,1662
911,751,1662
853,809,1662
839,823,1662
1657,7,1664
1627,37,1664
1621,43,1664
1597,67,1664
1567,97,1664
1483,181,1664
1471,193,1664
1453,211,1664
1423,241,1664
1381,283,1664
1327,337,1664
1297,367,1664
1291,373,1664
1231,433,1664
1201,463,1664
1123,541,1664
1117,547,1664
1093,571,1664
1087,577,1664
1063,601,1664
1051,613,1664
1033,631,1664
1021,643,1664
991,673,1664
937,727,1664
907,757,1664
877,787,1664
853,811,1664
1663,3,1666
1637,29,1666
1619,47,1666
1613,53,1666
1607,59,1666
1583,83,1666
1559,107,1666
1553,113,1666
1499,167,1666
1493,173,1666
1487,179,1666
1439,227,1666
1433,233,1666
1427,239,1666
1409,257,1666
1373,293,1666
1319,347,1666
1307,359,1666
1283,383,1666
1277,389,1666
1223,443,1666
1217,449,1666
1187,479,1666
1163,503,1666
1109,557,1666
1103,563,1666
1097,569,1666
1049,617,1666
1019,647,1666
1013,653,1666
983,683,1666
947,719,1666
857,809,1666
839,827,1666
1663,5,1668
1657,11,1668
1637,31,1668
1627,41,1668
1621,47,1668
1609,59,1668
1607,61,1668
1601,67,1668
1597,71,1668
1579,89,1668
1571,97,1668
1567,101,1668
1559,109,1668
1531,137,1668
1511,157,1668
1489,179,1668
1487,181,1668
1471,197,1668
1439,229,1668
1429,239,1668
1427,241,1668
1399,269,1668
1361,307,1668
1321,347,1668
1319,349,1668
1301,367,1668
1289,379,1668
1279,389,1668
1259,409,1668
1249,419,1668
1237,431,1668
1229,439,1668
1201,467,1668
1181,487,1668
1097,571,1668
1091,577,1668
1069,599,1668
1061,607,1668
1051,617,1668
1049,619,1668
1021,647,1668
1009,659,1668
991,677,1668
977,691,1668
967,701,1668
941,727,1668
929,739,1668
911,757,1668
907,761,1668
881,787,1668
859,809,1668
857,811,1668
839,829,1668
1667,3,1670
1663,7,1670
1657,13,1670
1627,43,1670
1609,61,1670
1597,73,1670
1567,103,1670
1543,127,1670
1531,139,1670
1489,181,1670
1471,199,1670
1459,211,1670
1447,223,1670
1429,241,1670
1399,271,1670
1321,349,1670
1303,367,1670
1297,373,1670
1291,379,1670
1249,421,1670
1237,433,1670
1231,439,1670
1213,457,1670
1171,499,1670
1129,541,1670
1123,547,1670
1093,577,1670
1069,601,1670
1063,607,1670
1051,619,1670
1039,631,1670
1009,661,1670
997,673,1670
937,733,1670
919,751,1670
883,787,1670
859,811,1670
1669,3,1672
1667,5,1672
1619,53,1672
1613,59,1672
1601,71,1672
1583,89,1672
1571,101,1672
1559,113,1672
1523,149,1672
1499,173,1672
1493,179,1672
1481,191,1672
1439,233,1672
1433,239,1672
1409,263,1672
1361,311,1672
1319,353,1672
1289,383,1672
1283,389,1672
1229,443,1672
1223,449,1672
1193,479,1672
1181,491,1672
1163,509,1672
1151,521,1672
1109,563,1672
1103,569,1672
1031,641,1672
1019,653,1672
1013,659,1672
971,701,1672
953,719,1672
929,743,1672
911,761,1672
863,809,1672
1669,5,1674
1667,7,1674
1663,11,1674
1657,17,1674
1637,37,1674
1627,47,1674
1621,53,1674
1613,61,1674
1607,67,1674
1601,73,1674
1571,103,1674
1567,107,1674
1543,131,1674
1523,151,1674
1511,163,1674
1493,181,1674
1483,191,1674
1481,193,1674
1451,223,1674
1447,227,1674
1433,241,1674
1423,251,1674
1381,293,1674
1367,307,1674
1361,313,1674
1327,347,1674
1321,353,1674
1307,367,1674
1301,373,1674
1291,383,1674
1277,397,1674
1231,443,1674
1217,457,1674
1213,461,1674
1187,487,1674
1171,503,1674
1153,521,1674
1151,523,1674
1117,557,1674
1103,571,1674
1097,577,1674
1087,587,1674
1061,613,1674
1033,641,1674
1031,643,1674
1021,653,1674
1013,661,1674
997,677,1674
991,683,1674
983,691,1674
947,727,1674
941,733,1674
887,787,1674
877,797,1674
863,811,1674
853,821,1674
1669,7,1676
1663,13,1676
1657,19,1676
1609,67,1676
1597,79,1676
1579,97,1676
1567,109,1676
1549,127,1676
1483,193,1676
1453,223,1676
1447,229,1676
1399,277,1676
1327,349,1676
1303,373,1676
1297,379,1676
1279,397,1676
1237,439,1676
1213,463,1676
1153,523,1676
1129,547,1676
1069,607,1676
1063,613,1676
1033,643,1676
967,709,1676
937,739,1676
919,757,1676
907,769,1676
853,823,1676
1667,11,1678
1637,41,1678
1619,59,1678
1607,71,1678
1571,107,1678
1511,167,1678
1499,179,1678
1487,191,1678
1481,197,1678
1451,227,1678
1439,239,1678
1427,251,1678
1409,269,1678
1367,311,1678
1361,317,1678
1319,359,1678
1289,389,1678
1277,401,1678
1259,419,1678
1229,449,1678
1217,461,1678
1187,491,1678
1109,569,1678
1091,587,1678
1061,617,1678
1031,647,1678
1019,659,1678
977,701,1678
881,797,1678
857,821,1678
839,839,1678
1669,11,1680
1667,13,1680
1663,17,1680
1657,23,1680
1637,43,1680
1627,53,1680
1621,59,1680
1619,61,1680
1613,67,1680
1609,71,1680
1607,73,1680
1601,79,1680
1597,83,1680
1583,97,1680
1579,101,1680
1571,109,1680
1567,113,1680
1553,127,1680
1549,131,1680
1543,137,1680
1531,149,1680
1523,157,1680
1499,181,1680
1489,191,1680
1487,193,1680
1483,197,1680
1481,199,1680
1453,227,1680
1451,229,1680
1447,233,1680
1439,241,1680
1429,251,1680
1423,257,1680
1409,271,1680
1399,281,1680
1373,307,1680
1367,313,1680
1327,353,1680
1321,359,1680
1307,373,1680
1301,379,1680
1297,383,1680
1291,389,1680
1283,397,1680
1279,401,1680
1259,421,1680
1249,431,1680
1237,443,1680
1231,449,1680
1223,457,1680
1217,463,1680
1213,467,1680
1201,479,1680
1193,487,1680
1181,499,1680
1171,509,1680
1123,557,1680
1117,563,1680
1109,571,1680
1103,577,1680
1093,587,1680
1087,593,1680
1063,617,1680
1061,619,1680
1049,631,1680
1039,641,1680
1033,647,1680
1021,659,1680
1019,661,1680
997,683,1680
971,709,1680
953,727,1680
947,733,1680
941,739,1680
937,743,1680
929,751,1680
919,761,1680
911,769,1680
907,773,1680
883,797,1680
859,821,1680
857,823,1680
853,827,1680
1669,13,1682
1663,19,1682
1621,61,1682
1609,73,1682
1579,103,1682
1543,139,1682
1531,151,1682
1489,193,1682
1483,199,1682
1471,211,1682
1459,223,1682
1453,229,1682
1399,283,1682
1303,379,1682
1249,433,1682
1069,613,1682
1063,619,1682
1051,631,1682
1039,643,1682
1021,661,1682
1009,673,1682
991,691,1682
859,823,1682
853,829,1682
1667,17,1684
1637,47,1684
1613,71,1684
1601,83,1684
1583,101,1684
1571,113,1684
1553,131,1684
1511,173,1684
1493,191,1684
1487,197,1684
1451,233,1684
1433,251,1684
1427,257,1684
1373,311,1684
1367,317,1684
1301,383,1684
1283,401,1684
1223,461,1684
1217,467,1684
1193,491,1684
1181,503,1684
1163,521,1684
1097,587,1684
1091,593,1684
1031,653,1684
983,701,1684
941,743,1684
911,773,1684
887,797,1684
863,821,1684
857,827,1684
1669,17,1686
1667,19,1686
1663,23,1686
1657,29,1686
1627,59,1686
1619,67,1686
1613,73,1686
1607,79,1686
1597,89,1686
1583,103,1686
1579,107,1686
1559,127,1686
1549,137,1686
1523,163,1686
1493,193,1686
1489,197,1686
1487,199,1686
1459,227,1686
1453,233,1686
1447,239,1686
1429,257,1686
1423,263,1686
1409,277,1686
1373,313,1686
1327,359,1686
1319,367,1686
1307,379,1686
1303,383,1686
1297,389,1686
1289,397,1686
1277,409,1686
1237,449,1686
1229,457,1686
1223,463,1686
1187,499,1686
1163,523,1686
1129,557,1686
1123,563,1686
1117,569,1686
1109,577,1686
1093,593,1686
1087,599,1686
1069,617,1686
1039,647,1686
1033,653,1686
1013,673,1686
1009,677,1686
977,709,1686
967,719,1686
953,733,1686
947,739,1686
929,757,1686
877,809,1686
863,823,1686
859,827,1686
857,829,1686
1669,19,1688
1657,31,1688
1627,61,1688
1621,67,1688
1609,79,1688
1579,109,1688
1549,139,1688
1531,157,1688
1489,199,1688
1459,229,1688
1447,241,1688
1381,307,1688
1321,367,1688
1291,397,1688
1279,409,1688
1249,439,1688
1231,457,1688
1201,487,1688
1117,571,1688
1087,601,1688
1069,619,1688
997,691,1688
937,751,1688
919,769,1688
877,811,1688
859,829,1688
1667,23,1690
1637,53,1690
1619,71,1690
1607,83,1690
1601,89,1690
1583,107,1690
1559,131,1690
1553,137,1690
1523,167,1690
1511,179,1690
1499,191,1690
1493,197,1690
1451,239,1690
1439,251,1690
1433,257,1690
1427,263,1690
1409,281,1690
1373,317,1690
1307,383,1690
1301,389,1690
1289,401,1690
1259,431,1690
1229,461,1690
1223,467,1690
1187,503,1690
1181,509,1690
1103,587,1690
1097,593,1690
1091,599,1690
1049,641,1690
1031,659,1690
1013,677,1690
971,719,1690
947,743,1690
929,761,1690
881,809,1690
863,827,1690
1669,23,1692
1663,29,1692
1621,71,1692
1619,73,1692
1613,79,1692
1609,83,1692
1583,109,1692
1579,113,1692
1553,139,1692
1543,149,1692
1511,181,1692
1499,193,1692
1493,199,1692
1481,211,1692
1459,233,1692
1453,239,1692
1451,241,1692
1429,263,1692
1423,269,1692
1409,283,1692
1399,293,1692
1381,311,1692
1361,331,1692
1319,373,1692
1303,389,1692
1291,401,1692
1283,409,1692
1259,433,1692
1249,443,1692
1231,461,1692
1229,463,1692
1213,479,1692
1201,491,1692
1193,499,1692
1171,521,1692
1151,541,1692
1129,563,1692
1123,569,1692
1093,599,1692
1091,601,1692
1061,631,1692
1051,641,1692
1049,643,1692
1039,653,1692
1033,659,1692
1031,661,1692
1019,673,1692
1009,683,1692
991,701,1692
983,709,1692
953,739,1692
941,751,1692
919,773,1692
883,809,1692
881,811,1692
863,829,1692
853,839,1692
1663,31,1694
1657,37,1694
1627,67,1694
1621,73,1694
1597,97,1694
1567,127,1694
1543,151,1694
1531,163,1694
1483,211,1694
1471,223,1694
1453,241,1694
1423,271,1694
1381,313,1694
1327,367,1694
1321,373,1694
1297,397,1694
1237,457,1694
1231,463,1694
1171,523,1694
1153,541,1694
1123,571,1694
1117,577,1694
1093,601,1694
1087,607,1694
1063,631,1694
1051,643,1694
1033,661,1694
1021,673,1694
967,727,1694
937,757,1694
907,787,1694
883,811,1694
1693,3,1696
1667,29,1696
1637,59,1696
1613,83,1696
1607,89,1696
1583,113,1696
1559,137,1696
1523,173,1696
1499,197,1696
1439,257,1696
1433,263,1696
1427,269,1696
1307,389,1696
1277,419,1696
1229,467,1696
1217,479,1696
1193,503,1696
1187,509,1696
1109,587,1696
1103,593,1696
1097,599,1696
1049,647,1696
1019,677,1696
1013,683,1696
977,719,1696
953,743,1696
887,809,1696
857,839,1696
1693,5,1698
1669,29,1698
1667,31,1698
1657,41,1698
1637,61,1698
1627,71,1698
1619,79,1698
1609,89,1698
1601,97,1698
1597,101,1698
1571,127,1698
1567,131,1698
1559,139,1698
1549,149,1698
1531,167,1698
1499,199,1698
1487,211,1698
1471,227,1698
1459,239,1698
1447,251,1698
1429,269,1698
1427,271,1698
1381,317,1698
1367,331,1698
1361,337,1698
1319,379,1698
1301,397,1698
1297,401,1698
1289,409,1698
1279,419,1698
1277,421,1698
1259,439,1698
1249,449,1698
1237,461,1698
1231,467,1698
1151,547,1698
1129,569,1698
1097,601,1698
1091,607,1698
1051,647,1698
1039,659,1698
1021,677,1698
997,701,1698
971,727,1698
947,751,1698
941,757,1698
937,761,1698
929,769,1698
911,787,1698
887,811,1698
877,821,1698
859,839,1698
1697,3,1700
1693,7,1700
1669,31,1700
1663,37,1700
1657,43,1700
1627,73,1700
1621,79,1700
1597,103,1700
1549,151,1700
1543,157,1700
1489,211,1700
1471,229,1700
1459,241,1700
1429,271,1700
1423,277,1700
1327,373,1700
1321,379,1700
1303,397,1700
1291,409,1700
1279,421,1700
1237,463,1700
1213,487,1700
1201,499,1700
1153,547,1700
1129,571,1700
1123,577,1700
1093,607,1700
1087,613,1700
1069,631,1700
1039,661,1700
1009,691,1700
991,709,1700
967,733,1700
877,823,1700
1699,3,1702
1697,5,1702
1619,83,1702
1613,89,1702
1601,101,1702
1571,131,1702
1553,149,1702
1523,179,1702
1511,191,1702
1451,251,1702
1439,263,1702
1433,269,1702
1409,293,1702
1319,383,1702
1301,401,1702
1283,419,1702
1259,443,1702
1223,479,1702
1193,509,1702
1181,521,1702
1109,593,1702
1103,599,1702
1061,641,1702
1049,653,1702
1019,683,1702
983,719,1702
941,761,1702
929,773,1702
881,821,1702
863,839,1702
1699,5,1704
1697,7,1704
1693,11,1704
1667,37,1704
1663,41,1704
1657,47,1704
1637,67,1704
1621,83,1704
1607,97,1704
1601,103,1704
1597,107,1704
1567,137,1704
1553,151,1704
1531,173,1704
1523,181,1704
1511,193,1704
1493,211,1704
1481,223,1704
1471,233,1704
1453,251,1704
1447,257,1704
1433,271,1704
1427,277,1704
1423,281,1704
1373,331,1704
1367,337,1704
1321,383,1704
1307,397,1704
1303,401,1704
1283,421,1704
1237,467,1704
1217,487,1704
1213,491,1704
1201,503,1704
1181,523,1704
1163,541,1704
1117,587,1704
1103,601,1704
1097,607,1704
1091,613,1704
1087,617,1704
1063,641,1704
1061,643,1704
1051,653,1704
1031,673,1704
1021,683,1704
1013,691,1704
977,727,1704
971,733,1704
953,751,1704
947,757,1704
907,797,1704
883,821,1704
881,823,1704
877,827,1704
1699,7,1706
1693,13,1706
1669,37,1706
1663,43,1706
1627,79,1706
1609,97,1706
1597,109,1706
1579,127,1706
1567,139,1706
1549,157,1706
1543,163,1706
1483,223,1706
1429,277,1706
1423,283,1706
1399,307,1706
1327,379,1706
1297,409,1706
1249,457,1706
1129,577,1706
1093,613,1706
1087,619,1706
1063,643,1706
1033,673,1706
997,709,1706
967,739,1706
937,769,1706
919,787,1706
883,823,1706
877,829,1706
853,853,1706
1697,11,1708
1667,41,1708
1637,71,1708
1619,89,1708
1607,101,1708
1601,107,1708
1571,137,1708
1559,149,1708
1511,197,1708
1481,227,1708
1451,257,1708
1439,269,1708
1427,281,1708
1361,347,1708
1319,389,1708
1307,401,1708
1289,419,1708
1277,431,1708
1259,449,1708
1229,479,1708
1217,491,1708
1187,521,1708
1151,557,1708
1109,599,1708
1091,617,1708
1061,647,1708
1049,659,1708
1031,677,1708
947,761,1708
911,797,1708
887,821,1708
881,827,1708
1699,11,1710
1697,13,1710
1693,17,1710
1669,41,1710
1667,43,1710
1663,47,1710
1657,53,1710
1637,73,1710
1627,83,1710
1621,89,1710
1613,97,1710
1609,101,1710
1607,103,1710
1601,109,1710
1597,113,1710
1583,127,1710
1579,131,1710
1571,139,1710
1559,151,1710
1553,157,1710
1543,167,1710
1531,179,1710
1511,199,1710
1499,211,1710
1487,223,1710
1483,227,1710
1481,229,1710
1471,239,1710
1459,251,1710
1453,257,1710
1447,263,1710
1439,271,1710
1433,277,1710
1429,281,1710
1427,283,1710
1399,311,1710
1373,337,1710
1361,349,1710
1327,383,1710
1321,389,1710
1301,409,1710
1291,419,1710
1289,421,1710
1279,431,1710
1277,433,1710
1249,461,1710
1231,479,1710
1223,487,1710
1201,509,1710
1187,523,1710
1163,547,1710
1153,557,1710
1123,587,1710
1117,593,1710
1109,601,1710
1103,607,1710
1097,613,1710
1093,617,1710
1091,619,1710
1069,641,1710
1063,647,1710
1051,659,1710
1049,661,1710
1033,677,1710
1019,691,1710
1009,701,1710
991,719,1710
983,727,1710
977,733,1710
971,739,1710
967,743,1710
953,757,1710
941,769,1710
937,773,1710
887,823,1710
883,827,1710
881,829,1710
857,853,1710
1709,3,1712
1699,13,1712
1693,19,1712
1669,43,1712
1609,103,1712
1549,163,1712
1531,181,1712
1489,223,1712
1483,229,1712
1471,241,1712
1429,283,1712
1399,313,1712
1381,331,1712
1303,409,1712
1291,421,1712
1279,433,1712
1249,463,1712
1213,499,1712
1171,541,1712
1093,619,1712
1069,643,1712
1051,661,1712
1039,673,1712
1021,691,1712
883,829,1712
859,853,1712
1709,5,1714
1697,17,1714
1667,47,1714
1613,101,1714
1607,107,1714
1601,113,1714
1583,131,1714
1523,191,1714
1487,227,1714
1481,233,1714
1451,263,1714
1433,281,1714
1367,347,1714
1361,353,1714
1283,431,1714
1223,491,1714
1193,521,1714
1151,563,1714
1097,617,1714
1061,653,1714
1031,683,1714
1013,701,1714
971,743,1714
953,761,1714
941,773,1714
887,827,1714
857,857,1714
1709,7,1716
1699,17,1716
1697,19,1716
1693,23,1716
1669,47,1716
1663,53,1716
1657,59,1716
1637,79,1716
1627,89,1716
1619,97,1716
1613,103,1716
1609,107,1716
1607,109,1716
1579,137,1716
1567,149,1716
1559,157,1716
1553,163,1716
1549,167,1716
1543,173,1716
1523,193,1716
1493,223,1716
1489,227,1716
1487,229,1716
1483,233,1716
1459,257,1716
1453,263,1716
1447,269,1716
1439,277,1716
1433,283,1716
1423,293,1716
1409,307,1716
1399,317,1716
1367,349,1716
1327,389,1716
1319,397,1716
1307,409,1716
1297,419,1716
1283,433,1716
1277,439,1716
1259,457,1716
1249,467,1716
1237,479,1716
1229,487,1716
1217,499,1716
1213,503,1716
1193,523,1716
1153,563,1716
1129,587,1716
1123,593,1716
1117,599,1716
1109,607,1716
1103,613,1716
1097,619,1716
1069,647,1716
1063,653,1716
1039,677,1716
1033,683,1716
997,719,1716
983,733,1716
977,739,1716
947,769,1716
929,787,1716
919,797,1716
907,809,1716
887,829,1716
877,839,1716
863,853,1716
859,857,1716
1699,19,1718
1657,61,1718
1621,97,1718
1609,109,1718
1579,139,1718
1567,151,1718
1489,229,1718
1447,271,1718
1381,337,1718
1321,397,1718
1297,421,1718
1279,439,1718
1231,487,1718
1171,547,1718
1117,601,1718
1087,631,1718
1009,709,1718
991,727,1718
967,751,1718
907,811,1718
859,859,1718
1709,11,1720
1697,23,1720
1667,53,1720
1637,83,1720
1619,101,1720
1613,107,1720
1607,113,1720
1583,137,1720
1571,149,1720
1553,167,1720
1523,197,1720
1493,227,1720
1487,233,1720
1481,239,1720
1451,269,1720
1439,281,1720
1427,293,1720
1409,311,1720
1373,347,1720
1367,353,1720
1361,359,1720
1319,401,1720
1301,419,1720
1289,431,1720
1277,443,1720
1259,461,1720
1229,491,1720
1217,503,1720
1163,557,1720
1151,569,1720
1103,617,1720
1061,659,1720
1019,701,1720
977,743,1720
947,773,1720
911,809,1720
881,839,1720
863,857,1720
1709,13,1722
1699,23,1722
1693,29,1722
1669,53,1722
1663,59,1722
1621,101,1722
1619,103,1722
1613,109,1722
1609,113,1722
1583,139,1722
1571,151,1722
1559,163,1722
1549,173,1722
1543,179,1722
1531,191,1722
1523,199,1722
1511,211,1722
1499,223,1722
1493,229,1722
1489,233,1722
1483,239,1722
1481,241,1722
1471,251,1722
1459,263,1722
1453,269,1722
1451,271,1722
1439,283,1722
1429,293,1722
1409,313,1722
1373,349,1722
1321,401,1722
1303,419,1722
1301,421,1722
1291,431,1722
1289,433,1722
1283,439,1722
1279,443,1722
1259,463,1722
1231,491,1722
1223,499,1722
1213,509,1722
1201,521,1722
1181,541,1722
1153,569,1722
1151,571,1722
1129,593,1722
1123,599,1722
1109,613,1722
1103,619,1722
1091,631,1722
1069,653,1722
1063,659,1722
1061,661,1722
1049,673,1722
1039,683,1722
1031,691,1722
1021,701,1722
1013,709,1722
983,739,1722
971,751,1722
953,769,1722
911,811,1722
883,839,1722
863,859,1722
1721,3,1724
1693,31,1724
1663,61,1724
1657,67,1724
1627,97,1724
1621,103,1724
1597,127,1724
1567,157,1724
1543,181,1724
1531,193,1724
1483,241,1724
1453,271,1724
1447,277,1724
1327,397,1724
1303,421,1724
1291,433,1724
1237,487,1724
1201,523,1724
1153,571,1724
1123,601,1724
1117,607,1724
1093,631,1724
1063,661,1724
1051,673,1724
1033,691,1724
997,727,1724
991,733,1724
967,757,1724
937,787,1724
1723,3,1726
1721,5,1726
1709,17,1726
1697,29,1726
1667,59,1726
1637,89,1726
1619,107,1726
1613,113,1726
1559,167,1726
1553,173,1726
1499,227,1726
1493,233,1726
1487,239,1726
1433,293,1726
1409,317,1726
1373,353,1726
1367,359,1726
1307,419,1726
1283,443,1726
1277,449,1726
1259,467,1726
1223,503,1726
1217,509,1726
1163,563,1726
1109,617,1726
1049,677,1726
983,743,1726
953,773,1726
929,797,1726
887,839,1726
863,863,1726
1723,5,1728
1721,7,1728
1709,19,1728
1699,29,1728
1697,31,1728
1669,59,1728
1667,61,1728
1657,71,1728
1627,101,1728
1621,107,1728
1619,109,1728
1601,127,1728
1597,131,1728
1579,149,1728
1571,157,1728
1549,179,1728
1531,197,1728
1499,229,1728
1489,239,1728
1487,241,1728
1471,257,1728
1459,269,1728
1451,277,1728
1447,281,1728
1381,347,1728
1361,367,1728
1327,401,1728
1319,409,1728
1307,421,1728
1297,431,1728
1289,439,1728
1279,449,1728
1249,479,1728
1237,491,1728
1229,499,1728
1187,541,1728
1181,547,1728
1171,557,1728
1151,577,1728
1129,599,1728
1109,619,1728
1097,631,1728
1087,641,1728
1069,659,1728
1051,677,1728
1019,709,1728
1009,719,1728
977,751,1728
971,757,1728
967,761,1728
941,787,1728
919,809,1728
907,821,1728
1723,7,1730
1699,31,1730
1693,37,1730
1669,61,1730
1663,67,1730
1657,73,1730
1627,103,1730
1621,109,1730
1579,151,1730
1567,163,1730
1549,181,1730
1531,199,1730
1489,241,1730
1459,271,1730
1453,277,1730
1447,283,1730
1423,307,1730
1399,331,1730
1381,349,1730
1321,409,1730
1297,433,1730
1291,439,1730
1231,499,1730
1153,577,1730
1129,601,1730
1123,607,1730
1117,613,1730
1087,643,1730
1069,661,1730
1039,691,1730
1021,709,1730
997,733,1730
991,739,1730
919,811,1730
907,823,1730
877,853,1730
1721,11,1732
1709,23,1732
1619,113,1732
1601,131,1732
1583,149,1732
1559,173,1732
1553,179,1732
1499,233,1732
1493,239,1732
1481,251,1732
1451,281,1732
1439,293,1732
1373,359,1732
1301,431,1732
1289,443,1732
1283,449,1732
1229,503,1732
1223,509,1732
1163,569,1732
1091,641,1732
1049,683,1732
1031,701,1732
1013,719,1732
971,761,1732
911,821,1732
1723,11,1734
1721,13,1734
1697,37,1734
1693,41,1734
1667,67,1734
1663,71,1734
1637,97,1734
1627,107,1734
1621,113,1734
1607,127,1734
1597,137,1734
1583,151,1734
1571,163,1734
1567,167,1734
1553,181,1734
1543,191,1734
1523,211,1734
1511,223,1734
1493,241,1734
1483,251,1734
1471,263,1734
1453,281,1734
1451,283,1734
1427,307,1734
1423,311,1734
1381,353,1734
1367,367,1734
1361,373,1734
1303,431,1734
1301,433,1734
1291,443,1734
1277,457,1734
1231,503,1734
1213,521,1734
1193,541,1734
1187,547,1734
1171,563,1734
1163,571,1734
1117,617,1734
1103,631,1734
1093,641,1734
1091,643,1734
1087,647,1734
1061,673,1734
1051,683,1734
1033,701,1734
991,743,1734
983,751,1734
977,757,1734
947,787,1734
937,797,1734
911,823,1734
907,827,1734
881,853,1734
877,857,1734
1733,3,1736
1723,13,1736
1699,37,1736
1693,43,1736
1669,67,1736
1663,73,1736
1657,79,1736
1627,109,1736
1609,127,1736
1597,139,1736
1579,157,1736
1543,193,1736
1459,277,1736
1453,283,1736
1429,307,1736
1423,313,1736
1399,337,1736
1327,409,1736
1303,433,1736
1297,439,1736
1279,457,1736
1249,487,1736
1237,499,1736
1213,523,1736
1129,607,1736
1123,613,1736
1117,619,1736
1093,643,1736
1063,673,1736
1009,727,1736
997,739,1736
967,769,1736
907,829,1736
883,853,1736
877,859,1736
1733,5,1738
1721,17,1738
1709,29,1738
1697,41,1738
1667,71,1738
1637,101,1738
1607,131,1738
1601,137,1738
1571,167,1738
1559,179,1738
1511,227,1738
1499,239,1738
1487,251,1738
1481,257,1738
1427,311,1738
1319,419,1738
1307,431,1738
1289,449,1738
1277,461,1738
1259,479,1738
1229,509,1738
1217,521,1738
1181,557,1738
1151,587,1738
1097,641,1738
1091,647,1738
1061,677,1738
1019,719,1738
977,761,1738
941,797,1738
929,809,1738
911,827,1738
881,857,1738
1733,7,1740
1723,17,1740
1721,19,1740
1709,31,1740
1699,41,1740
1697,43,1740
1693,47,1740
1669,71,1740
1667,73,1740
1657,83,1740
1637,103,1740
1627,113,1740
1613,127,1740
1609,131,1740
1601,139,1740
1583,157,1740
1567,173,1740
1559,181,1740
1549,191,1740
1543,197,1740
1511,229,1740
1499,241,1740
1489,251,1740
1483,257,1740
1471,269,1740
1459,281,1740
1447,293,1740
1433,307,1740
1429,311,1740
1427,313,1740
1423,317,1740
1409,331,1740
1381,359,1740
1373,367,1740
1367,373,1740
1361,379,1740
1321,419,1740
1319,421,1740
1307,433,1740
1301,439,1740
1297,443,1740
1291,449,1740
1283,457,1740
1279,461,1740
1277,463,1740
1249,491,1740
1237,503,1740
1231,509,1740
1217,523,1740
1193,547,1740
1171,569,1740
1163,577,1740
1153,587,1740
1123,617,1740
1109,631,1740
1097,643,1740
1093,647,1740
1087,653,1740
1063,677,1740
1049,691,1740
1039,701,1740
1031,709,1740
1021,719,1740
1013,727,1740
997,743,1740
983,757,1740
971,769,1740
967,773,1740
953,787,1740
929,811,1740
919,821,1740
911,829,1740
887,853,1740
883,857,1740
881,859,1740
877,863,1740
1723,19,1742
1699,43,1742
1669,73,1742
1663,79,1742
1579,163,1742
1549,193,1742
1543,199,1742
1531,211,1742
1471,271,1742
1459,283,1742
1429,313,1742
1321,421,1742
1303,439,1742
1279,463,1742
1201,541,1742
1171,571,1742
1129,613,1742
1123,619,1742
1069,673,1742
1051,691,1742
1033,709,1742
1009,733,1742
991,751,1742
919,823,1742
883,859,1742
1741,3,1744
1733,11,1744
1721,23,1744
1697,47,1744
1637,107,1744
1613,131,1744
1607,137,1744
1571,173,1744
1553,191,1744
1511,233,1744
1493,251,1744
1487,257,1744
1481,263,1744
1451,293,1744
1433,311,1744
1427,317,1744
1361,383,1744
1301,443,1744
1283,461,1744
1277,467,1744
1223,521,1744
1187,557,1744
1181,563,1744
1151,593,1744
1103,641,1744
1097,647,1744
1091,653,1744
1061,683,1744
983,761,1744
971,773,1744
947,797,1744
887,857,1744
881,863,1744
1741,5,1746
1733,13,1746
1723,23,1746
1709,37,1746
1699,47,1746
1693,53,1746
1667,79,1746
1663,83,1746
1657,89,1746
1637,109,1746
1619,127,1746
1609,137,1746
1607,139,1746
1597,149,1746
1583,163,1746
1579,167,1746
1567,179,1746
1553,193,1746
1549,197,1746
1523,223,1746
1489,257,1746
1483,263,1746
1453,293,1746
1439,307,1746
1433,313,1746
1429,317,1746
1409,337,1746
1399,347,1746
1373,373,1746
1367,379,1746
1327,419,1746
1307,439,1746
1303,443,1746
1297,449,1746
1289,457,1746
1283,463,1746
1279,467,1746
1259,487,1746
1237,509,1746
1223,523,1746
1153,593,1746
1129,617,1746
1103,643,1746
1093,653,1746
1087,659,1746
1069,677,1746
1063,683,1746
1019,727,1746
1013,733,1746
977,769,1746
937,809,1746
919,827,1746
907,839,1746
887,859,1746
883,863,1746
1741,7,1748
1669,79,1748
1621,127,1748
1609,139,1748
1597,151,1748
1567,181,1748
1549,199,1748
1471,277,1748
1399,349,1748
1381,367,1748
1327,421,1748
1291,457,1748
1249,499,1748
1201,547,1748
1171,577,1748
1129,619,1748
1117,631,1748
1087,661,1748
1039,709,1748
1021,727,1748
1009,739,1748
997,751,1748
991,757,1748
937,811,1748
919,829,1748
1747,3,1750
1733,17,1750
1721,29,1750
1709,41,1750
1697,53,1750
1667,83,1750
1637,113,1750
1619,131,1750
1613,137,1750
1601,149,1750
1583,167,1750
1571,179,1750
1559,191,1750
1553,197,1750
1523,227,1750
1511,239,1750
1499,251,1750
1493,257,1750
1487,263,1750
1481,269,1750
1439,311,1750
1433,317,1750
1367,383,1750
1361,389,1750
1319,431,1750
1307,443,1750
1301,449,1750
1289,461,1750
1283,467,1750
1259,491,1750
1229,521,1750
1193,557,1750
1187,563,1750
1181,569,1750
1163,587,1750
1151,599,1750
1109,641,1750
1103,647,1750
1097,653,1750
1091,659,1750
1049,701,1750
1031,719,1750
977,773,1750
953,797,1750
941,809,1750
929,821,1750
911,839,1750
887,863,1750
1747,5,1752
1741,11,1752
1733,19,1752
1723,29,1752
1721,31,1752
1709,43,1752
1699,53,1752
1693,59,1752
1669,83,1752
1663,89,1752
1621,131,1752
1613,139,1752
1601,151,1752
1579,173,1752
1571,181,1752
1559,193,1752
1553,199,1752
1523,229,1752
1511,241,1752
1489,263,1752
1483,269,1752
1481,271,1752
1471,281,1752
1459,293,1752
1439,313,1752
1399,353,1752
1373,379,1752
1321,431,1752
1319,433,1752
1303,449,1752
1291,461,1752
1289,463,1752
1249,503,1752
1231,521,1752
1229,523,1752
1181,571,1752
1153,599,1752
1151,601,1752
1109,643,1752
1093,659,1752
1091,661,1752
1069,683,1752
1061,691,1752
1051,701,1752
1033,719,1752
1019,733,1752
1013,739,1752
1009,743,1752
991,761,1752
983,769,1752
941,811,1752
929,823,1752
1747,7,1754
1741,13,1754
1723,31,1754
1693,61,1754
1657,97,1754
1627,127,1754
1597,157,1754
1543,211,1754
1531,223,1754
1483,271,1754
1471,283,1754
1447,307,1754
1423,331,1754
1381,373,1754
1321,433,1754
1297,457,1754
1291,463,1754
1231,523,1754
1213,541,1754
1153,601,1754
1123,631,1754
1093,661,1754
1063,691,1754
1021,733,1754
997,757,1754
967,787,1754
877,877,1754
1753,3,1756
1733,23,1756
1709,47,1756
1697,59,1756
1667,89,1756
1619,137,1756
1607,149,1756
1583,173,1756
1559,197,1756
1523,233,1756
1499,257,1756
1493,263,1756
1487,269,1756
1439,317,1756
1409,347,1756
1373,383,1756
1367,389,1756
1307,449,1756
1289,467,1756
1277,479,1756
1193,563,1756
1187,569,1756
1163,593,1756
1109,647,1756
1103,653,1756
1097,659,1756
1013,743,1756
983,773,1756
947,809,1756
929,827,1756
1753,5,1758
1747,11,1758
1741,17,1758
1721,37,1758
1699,59,1758
1697,61,1758
1669,89,1758
1657,101,1758
1627,131,1758
1621,137,1758
1619,139,1758
1609,149,1758
1607,151,1758
1601,157,1758
1579,179,1758
1567,191,1758
1559,199,1758
1531,227,1758
1489,269,1758
1487,271,1758
1481,277,1758
1451,307,1758
1447,311,1758
1427,331,1758
1409,349,1758
1399,359,1758
1361,397,1758
1327,431,1758
1319,439,1758
1301,457,1758
1297,461,1758
1291,467,1758
1279,479,1758
1259,499,1758
1249,509,1758
1237,521,1758
1217,541,1758
1201,557,1758
1187,571,1758
1181,577,1758
1171,587,1758
1151,607,1758
1117,641,1758
1097,661,1758
1049,709,1758
1039,719,1758
1031,727,1758
1019,739,1758
997,761,1758
971,787,1758
947,811,1758
937,821,1758
929,829,1758
919,839,1758
881,877,1758
1753,7,1760
1747,13,1760
1741,19,1760
1723,37,1760
1699,61,1760
1693,67,1760
1663,97,1760
1657,103,1760
1621,139,1760
1609,151,1760
1597,163,1760
1579,181,1760
1567,193,1760
1549,211,1760
1531,229,1760
1489,271,1760
1483,277,1760
1453,307,1760
1447,313,1760
1429,331,1760
1423,337,1760
1381,379,1760
1327,433,1760
1321,439,1760
1303,457,1760
1297,463,1760
1237,523,1760
1213,547,1760
1153,607,1760
1129,631,1760
1117,643,1760
1087,673,1760
1069,691,1760
1051,709,1760
1033,727,1760
1021,739,1760
1009,751,1760
991,769,1760
937,823,1760
907,853,1760
883,877,1760
1759,3,1762
1733,29,1762
1721,41,1762
1709,53,1762
1613,149,1762
1583,179,1762
1571,191,1762
1523,239,1762
1511,251,1762
1499,263,1762
1493,269,1762
1481,281,1762
1451,311,1762
1409,353,1762
1373,389,1762
1361,401,1762
1319,443,1762
1301,461,1762
1283,479,1762
1259,503,1762
1193,569,1762
1163,599,1762
1109,653,1762
1103,659,1762
1061,701,1762
1019,743,1762
953,809,1762
941,821,1762
881,881,1762
1759,5,1764
1753,11,1764
1747,17,1764
1741,23,1764
1733,31,1764
1723,41,1764
1721,43,1764
1697,67,1764
1693,71,1764
1667,97,1764
1663,101,1764
1657,107,1764
1637,127,1764
1627,137,1764
1613,151,1764
1607,157,1764
1601,163,1764
1597,167,1764
1583,181,1764
1571,193,1764
1567,197,1764
1553,211,1764
1531,233,1764
1523,241,1764
1493,271,1764
1487,277,1764
1483,281,1764
1481,283,1764
1471,293,1764
1453,311,1764
1451,313,1764
1447,317,1764
1433,331,1764
1427,337,1764
1381,383,1764
1367,397,1764
1321,443,1764
1307,457,1764
1303,461,1764
1301,463,1764
1297,467,1764
1277,487,1764
1223,541,1764
1217,547,1764
1201,563,1764
1193,571,1764
1187,577,1764
1171,593,1764
1163,601,1764
1151,613,1764
1123,641,1764
1117,647,1764
1103,661,1764
1091,673,1764
1087,677,1764
1063,701,1764
1031,733,1764
1021,743,1764
1013,751,1764
991,773,1764
977,787,1764
967,797,1764
953,811,1764
941,823,1764
937,827,1764
911,853,1764
907,857,1764
887,877,1764
883,881,1764
1759,7,1766
1753,13,1766
1747,19,1766
1723,43,1766
1699,67,1766
1693,73,1766
1669,97,1766
1663,103,1766
1657,109,1766
1627,139,1766
1609,157,1766
1567,199,1766
1543,223,1766
1489,277,1766
1483,283,1766
1459,307,1766
1453,313,1766
1429,337,1766
1399,367,1766
1327,439,1766
1303,463,1766
1279,487,1766
1153,613,1766
1123,643,1766
1093,673,1766
1039,727,1766
1033,733,1766
1009,757,1766
997,769,1766
937,829,1766
907,859,1766
883,883,1766
1721,47,1768
1709,59,1768
1697,71,1768
1667,101,1768
1637,131,1768
1619,149,1768
1601,167,1768
1571,197,1768
1511,257,1768
1499,269,1768
1487,281,1768
1451,317,1768
1409,359,1768
1367,401,1768
1319,449,1768
1307,461,1768
1301,467,1768
1289,479,1768
1277,491,1768
1259,509,1768
1181,587,1768
1151,617,1768
1109,659,1768
1091,677,1768
1049,719,1768
971,797,1768
947,821,1768
941,827,1768
929,839,1768
911,857,1768
887,881,1768
1759,11,1770
1753,17,1770
1747,23,1770
1741,29,1770
1733,37,1770
1723,47,1770
1709,61,1770
1699,71,1770
1697,73,1770
1669,101,1770
1667,103,1770
1663,107,1770
1657,113,1770
1621,149,1770
1619,151,1770
1613,157,1770
1607,163,1770
1597,173,1770
1579,191,1770
1571,199,1770
1559,211,1770
1543,227,1770
1531,239,1770
1499,271,1770
1493,277,1770
1489,281,1770
1487,283,1770
1459,311,1770
1453,317,1770
1439,331,1770
1433,337,1770
1423,347,1770
1381,389,1770
1373,397,1770
1361,409,1770
1327,443,1770
1321,449,1770
1307,463,1770
1303,467,1770
1291,479,1770
1283,487,1770
1279,491,1770
1249,521,1770
1229,541,1770
1223,547,1770
1213,557,1770
1201,569,1770
1193,577,1770
1171,599,1770
1163,607,1770
1153,617,1770
1151,619,1770
1129,641,1770
1123,647,1770
1117,653,1770
1109,661,1770
1097,673,1770
1093,677,1770
1087,683,1770
1069,701,1770
1061,709,1770
1051,719,1770
1031,739,1770
1019,751,1770
1013,757,1770
1009,761,1770
997,773,1770
983,787,1770
947,823,1770
941,829,1770
911,859,1770
907,863,1770
887,883,1770
1759,13,1772
1753,19,1772
1741,31,1772
1699,73,1772
1693,79,1772
1669,103,1772
1663,109,1772
1621,151,1772
1609,163,1772
1579,193,1772
1549,223,1772
1543,229,1772
1531,241,1772
1489,283,1772
1459,313,1772
1423,349,1772
1399,373,1772
1249,523,1772
1231,541,1772
1201,571,1772
1171,601,1772
1153,619,1772
1129,643,1772
1063,709,1772
1039,733,1772
1033,739,1772
1021,751,1772
919,853,1772
1733,41,1774
1721,53,1774
1667,107,1774
1637,137,1774
1607,167,1774
1601,173,1774
1583,191,1774
1523,251,1774
1511,263,1774
1493,281,1774
1481,293,1774
1427,347,1774
1373,401,1774
1307,467,1774
1283,491,1774
1217,557,1774
1187,587,1774
1181,593,1774
1097,677,1774
1091,683,1774
1031,743,1774
1013,761,1774
977,797,1774
953,821,1774
947,827,1774
911,863,1774
887,887,1774
1759,17,1776
1753,23,1776
1747,29,1776
1733,43,1776
1723,53,1776
1709,67,1776
1697,79,1776
1693,83,1776
1669,107,1776
1667,109,1776
1663,113,1776
1637,139,1776
1627,149,1776
1619,157,1776
1613,163,1776
1609,167,1776
1597,179,1776
1583,193,1776
1579,197,1776
1553,223,1776
1549,227,1776
1543,233,1776
1499,277,1776
1493,283,1776
1483,293,1776
1459,317,1776
1439,337,1776
1429,347,1776
1427,349,1776
1423,353,1776
1409,367,1776
1367,409,1776
1327,449,1776
1319,457,1776
1297,479,1776
1289,487,1776
1277,499,1776
1229,547,1776
1213,563,1776
1163,613,1776
1129,647,1776
1123,653,1776
1117,659,1776
1103,673,1776
1093,683,1776
1049,727,1776
1033,743,1776
1019,757,1776
967,809,1776
953,823,1776
947,829,1776
937,839,1776
919,857,1776
1759,19,1778
1747,31,1778
1741,37,1778
1699,79,1778
1669,109,1778
1627,151,1778
1621,157,1778
1597,181,1778
1579,199,1778
1567,211,1778
1549,229,1778
1471,307,1778
1447,331,1778
1429,349,1778
1399,379,1778
1381,397,1778
1321,457,1778
1291,487,1778
1279,499,1778
1237,541,1778
1231,547,1778
1201,577,1778
1171,607,1778
1117,661,1778
1087,691,1778
1069,709,1778
1051,727,1778
1039,739,1778
1021,757,1778
1009,769,1778
991,787,1778
967,811,1778
919,859,1778
1777,3,1780
1733,47,1780
1721,59,1780
1709,71,1780
1697,83,1780
1667,113,1780
1613,167,1780
1607,173,1780
1601,179,1780
1583,197,1780
1553,227,1780
1523,257,1780
1511,269,1780
1499,281,1780
1487,293,1780
1433,347,1780
1427,353,1780
1361,419,1780
1319,461,1780
1301,479,1780
1289,491,1780
1277,503,1780
1259,521,1780
1223,557,1780
1217,563,1780
1193,587,1780
1187,593,1780
1181,599,1780
1163,617,1780
1103,677,1780
1097,683,1780
1061,719,1780
1019,761,1780
983,797,1780
971,809,1780
953,827,1780
941,839,1780
1777,5,1782
1759,23,1782
1753,29,1782
1741,41,1782
1723,59,1782
1721,61,1782
1709,73,1782
1699,83,1782
1693,89,1782
1669,113,1782
1619,163,1782
1609,173,1782
1601,181,1782
1583,199,1782
1571,211,1782
1559,223,1782
1553,229,1782
1549,233,1782
1543,239,1782
1531,251,1782
1511,271,1782
1499,283,1782
1489,293,1782
1471,311,1782
1451,331,1782
1433,349,1782
1429,353,1782
1423,359,1782
1409,373,1782
1399,383,1782
1381,401,1782
1373,409,1782
1361,421,1782
1321,461,1782
1319,463,1782
1303,479,1782
1291,491,1782
1283,499,1782
1279,503,1782
1259,523,1782
1213,569,1782
1181,601,1782
1163,619,1782
1151,631,1782
1129,653,1782
1123,659,1782
1109,673,1782
1091,691,1782
1063,719,1782
1049,733,1782
1039,743,1782
1031,751,1782
1021,761,1782
1013,769,1782
1009,773,1782
971,811,1782
953,829,1782
929,853,1782
919,863,1782
1777,7,1784
1753,31,1784
1747,37,1784
1741,43,1784
1723,61,1784
1657,127,1784
1627,157,1784
1621,163,1784
1543,241,1784
1471,313,1784
1453,331,1784
1447,337,1784
1327,457,1784
1321,463,1784
1297,487,1784
1237,547,1784
1213,571,1784
1171,613,1784
1153,631,1784
1123,661,1784
1093,691,1784
1051,733,1784
1033,751,1784
997,787,1784
907,877,1784
1783,3,1786
1733,53,1786
1697,89,1786
1637,149,1786
1619,167,1786
1613,173,1786
1607,179,1786
1559,227,1786
1553,233,1786
1523,263,1786
1493,293,1786
1439,347,1786
1433,353,1786
1427,359,1786
1367,419,1786
1319,467,1786
1307,479,1786
1283,503,1786
1277,509,1786
1229,557,1786
1223,563,1786
1217,569,1786
1193,593,1786
1187,599,1786
1109,677,1786
1103,683,1786
1013,773,1786
977,809,1786
947,839,1786
929,857,1786
1783,5,1788
1777,11,1788
1759,29,1788
1747,41,1788
1741,47,1788
1721,67,1788
1709,79,1788
1699,89,1788
1657,131,1788
1637,151,1788
1621,167,1788
1609,179,1788
1607,181,1788
1597,191,1788
1559,229,1788
1549,239,1788
1531,257,1788
1511,277,1788
1481,307,1788
1471,317,1788
1451,337,1788
1439,349,1788
1429,359,1788
1409,379,1788
1399,389,1788
1367,421,1788
1327,461,1788
1321,467,1788
1301,487,1788
1297,491,1788
1289,499,1788
1279,509,1788
1231,557,1788
1217,571,1788
1201,587,1788
1187,601,1788
1181,607,1788
1171,617,1788
1129,659,1788
1097,691,1788
1087,701,1788
1069,719,1788
1061,727,1788
1049,739,1788
1031,757,1788
1019,769,1788
991,797,1788
977,811,1788
967,821,1788
929,859,1788
911,877,1788
907,881,1788
1787,3,1790
1783,7,1790
1777,13,1790
1759,31,1790
1753,37,1790
1747,43,1790
1723,67,1790
1693,97,1790
1663,127,1790
1627,163,1790
1609,181,1790
1597,193,1790
1579,211,1790
1567,223,1790
1549,241,1790
1483,307,1790
1459,331,1790
1453,337,1790
1423,367,1790
1381,409,1790
1327,463,1790
1303,487,1790
1291,499,1790
1249,541,1790
1213,577,1790
1171,619,1790
1129,661,1790
1117,673,1790
1063,727,1790
1051,739,1790
1039,751,1790
1033,757,1790
1021,769,1790
967,823,1790
937,853,1790
907,883,1790
1789,3,1792
1787,5,1792
1733,59,1792
1721,71,1792
1709,83,1792
1619,173,1792
1613,179,1792
1601,191,1792
1559,233,1792
1553,239,1792
1523,269,1792
1511,281,1792
1499,293,1792
1481,311,1792
1439,353,1792
1433,359,1792
1409,383,1792
1373,419,1792
1361,431,1792
1301,491,1792
1289,503,1792
1283,509,1792
1229,563,1792
1223,569,1792
1193,599,1792
1151,641,1792
1109,683,1792
1091,701,1792
1049,743,1792
1031,761,1792
1019,773,1792
983,809,1792
971,821,1792
953,839,1792
929,863,1792
911,881,1792
1789,5,1794
1787,7,1794
1783,11,1794
1777,17,1794
1753,41,1794
1747,47,1794
1741,53,1794
1733,61,1794
1723,71,1794
1721,73,1794
1697,97,1794
1693,101,1794
1667,127,1794
1663,131,1794
1657,137,1794
1637,157,1794
1627,167,1794
1621,173,1794
1613,181,1794
1601,193,1794
1597,197,1794
1583,211,1794
1571,223,1794
1567,227,1794
1553,241,1794
1543,251,1794
1531,263,1794
1523,271,1794
1511,283,1794
1487,307,1794
1483,311,1794
1481,313,1794
1447,347,1794
1427,367,1794
1373,421,1794
1361,433,1794
1327,467,1794
1307,487,1794
1303,491,1794
1291,503,1794
1237,557,1794
1231,563,1794
1223,571,1794
1217,577,1794
1201,593,1794
1193,601,1794
1187,607,1794
1181,613,1794
1163,631,1794
1153,641,1794
1151,643,1794
1117,677,1794
1103,691,1794
1093,701,1794
1061,733,1794
1051,743,1794
1033,761,1794
1021,773,1794
997,797,1794
983,811,1794
971,823,1794
967,827,1794
941,853,1794
937,857,1794
911,883,1794
907,887,1794
1789,7,1796
1783,13,1796
1777,19,1796
1759,37,1796
1753,43,1796
1723,73,1796
1699,97,1796
1693,103,1796
1669,127,1796
1657,139,1796
1597,199,1796
1567,229,1796
1489,307,1796
1483,313,1796
1459,337,1796
1447,349,1796
1429,367,1796
1423,373,1796
1399,397,1796
1297,499,1796
1249,547,1796
1153,643,1796
1123,673,1796
1087,709,1796
1069,727,1796
1063,733,1796
1039,757,1796
1009,787,1796
967,829,1796
937,859,1796
919,877,1796
1787,11,1798
1709,89,1798
1697,101,1798
1667,131,1798
1619,179,1798
1607,191,1798
1601,197,1798
1571,227,1798
1559,239,1798
1487,311,1798
1481,317,1798
1451,347,1798
1439,359,1798
1409,389,1798
1367,431,1798
1319,479,1798
1307,491,1798
1289,509,1798
1277,521,1798
1229,569,1798
1181,617,1798
1151,647,1798
1097,701,1798
977,821,1798
971,827,1798
941,857,1798
911,887,1798
1789,11,1800
1787,13,1800
1783,17,1800
1777,23,1800
1759,41,1800
1753,47,1800
1747,53,1800
1741,59,1800
1733,67,1800
1721,79,1800
1699,101,1800
1697,103,1800
1693,107,1800
1669,131,1800
1663,137,1800
1637,163,1800
1627,173,1800
1621,179,1800
1619,181,1800
1609,191,1800
1607,193,1800
1601,199,1800
1571,229,1800
1567,233,1800
1559,241,1800
1549,251,1800
1543,257,1800
1531,269,1800
1523,277,1800
1493,307,1800
1489,311,1800
1487,313,1800
1483,317,1800
1453,347,1800
1451,349,1800
1447,353,1800
1433,367,1800
1427,373,1800
1399,401,1800
1381,419,1800
1367,433,1800
1361,439,1800
1321,479,1800
1301,499,1800
1297,503,1800
1291,509,1800
1279,521,1800
1277,523,1800
1259,541,1800
1237,563,1800
1231,569,1800
1229,571,1800
1223,577,1800
1213,587,1800
1201,599,1800
1193,607,1800
1187,613,1800
1181,619,1800
1153,647,1800
1123,677,1800
1117,683,1800
1109,691,1800
1091,709,1800
1061,739,1800
1049,751,1800
1039,761,1800
1031,769,1800
1013,787,1800
991,809,1800
977,823,1800
971,829,1800
947,853,1800
941,859,1800
937,863,1800
919,881,1800
1789,13,1802
1783,19,1802
1759,43,1802
1741,61,1802
1723,79,1802
1699,103,1802
1693,109,1802
1663,139,1802
1621,181,1802
1609,193,1802
1579,223,1802
1531,271,1802
1489,313,1802
1471,331,1802
1453,349,1802
1429,373,1802
1423,379,1802
1381,421,1802
1303,499,1802
1279,523,1802
1231,571,1802
1201,601,1802
1171,631,1802
1129,673,1802
1093,709,1802
1069,733,1802
1063,739,1802
1051,751,1802
1033,769,1802
991,811,1802
919,883,1802
1801,3,1804
1787,17,1804
1733,71,1804
1721,83,1804
1697,107,1804
1667,137,1804
1637,167,1804
1613,191,1804
1607,197,1804
1571,233,1804
1553,251,1804
1523,281,1804
1511,293,1804
1493,311,1804
1487,317,1804
1451,353,1804
1373,431,1804
1361,443,1804
1301,503,1804
1283,521,1804
1217,587,1804
1187,617,1804
1163,641,1804
1151,653,1804
1103,701,1804
1061,743,1804
1031,773,1804
983,821,1804
977,827,1804
947,857,1804
941,863,1804
1801,5,1806
1789,17,1806
1787,19,1806
1783,23,1806
1777,29,1806
1759,47,1806
1753,53,1806
1747,59,1806
1733,73,1806
1723,83,1806
1709,97,1806
1699,107,1806
1697,109,1806
1693,113,1806
1669,137,1806
1667,139,1806
1657,149,1806
1627,179,1806
1613,193,1806
1609,197,1806
1607,199,1806
1583,223,1806
1579,227,1806
1567,239,1806
1549,257,1806
1543,263,1806
1523,283,1806
1499,307,1806
1493,313,1806
1489,317,1806
1459,347,1806
1453,353,1806
1447,359,1806
1439,367,1806
1433,373,1806
1427,379,1806
1423,383,1806
1409,397,1806
1373,433,1806
1367,439,1806
1327,479,1806
1319,487,1806
1307,499,1806
1303,503,1806
1297,509,1806
1283,523,1806
1259,547,1806
1249,557,1806
1237,569,1806
1229,577,1806
1213,593,1806
1193,613,1806
1187,619,1806
1163,643,1806
1153,653,1806
1129,677,1806
1123,683,1806
1097,709,1806
1087,719,1806
1063,743,1806
1049,757,1806
1033,773,1806
1019,787,1806
1009,797,1806
997,809,1806
983,823,1806
977,829,1806
967,839,1806
953,853,1806
947,859,1806
929,877,1806
919,887,1806
1801,7,1808
1789,19,1808
1777,31,1808
1747,61,1808
1741,67,1808
1699,109,1808
1669,139,1808
1657,151,1808
1627,181,1808
1609,199,1808
1597,211,1808
1579,229,1808
1567,241,1808
1531,277,1808
1471,337,1808
1459,349,1808
1429,379,1808
1399,409,1808
1321,487,1808
1237,571,1808
1231,577,1808
1201,607,1808
1117,691,1808
1069,739,1808
1051,757,1808
1039,769,1808
1021,787,1808
997,811,1808
1787,23,1810
1721,89,1810
1709,101,1810
1697,113,1810
1637,173,1810
1619,191,1810
1613,197,1810
1583,227,1810
1571,239,1810
1559,251,1810
1553,257,1810
1499,311,1810
1493,317,1810
1451,359,1810
1427,383,1810
1409,401,1810
1367,443,1810
1361,449,1810
1319,491,1810
1307,503,1810
1301,509,1810
1289,521,1810
1223,587,1810
1217,593,1810
1193,617,1810
1163,647,1810
1151,659,1810
1109,701,1810
1091,719,1810
1049,761,1810
1013,797,1810
983,827,1810
971,839,1810
953,857,1810
947,863,1810
929,881,1810
1801,11,1812
1789,23,1812
1783,29,1812
1759,53,1812
1753,59,1812
1741,71,1812
1733,79,1812
1723,89,1812
1709,103,1812
1699,113,1812
1663,149,1812
1621,191,1812
1619,193,1812
1613,199,1812
1601,211,1812
1583,229,1812
1579,233,1812
1571,241,1812
1549,263,1812
1543,269,1812
1531,281,1812
1499,313,1812
1481,331,1812
1459,353,1812
1453,359,1812
1439,373,1812
1433,379,1812
1429,383,1812
1423,389,1812
1381,431,1812
1373,439,1812
1321,491,1812
1303,509,1812
1291,521,1812
1289,523,1812
1249,563,1812
1213,599,1812
1193,619,1812
1181,631,1812
1171,641,1812
1153,659,1812
1151,661,1812
1129,683,1812
1103,709,1812
1093,719,1812
1069,743,1812
1061,751,1812
1051,761,1812
1039,773,1812
991,821,1812
983,829,1812
953,859,1812
929,883,1812
1811,3,1814
1801,13,1814
1783,31,1814
1777,37,1814
1753,61,1814
1747,67,1814
1741,73,1814
1663,151,1814
1657,157,1814
1621,193,1814
1543,271,1814
1531,283,1814
1483,331,1814
1447,367,1814
1381,433,1814
1327,487,1814
1291,523,1814
1237,577,1814
1213,601,1814
1201,613,1814
1171,643,1814
1153,661,1814
1123,691,1814
1087,727,1814
1063,751,1814
991,823,1814
937,877,1814
907,907,1814
1811,5,1816
1787,29,1816
1733,83,1816
1709,107,1816
1667,149,1816
1637,179,1816
1619,197,1816
1583,233,1816
1559,257,1816
1553,263,1816
1523,293,1816
1499,317,1816
1433,383,1816
1427,389,1816
1373,443,1816
1367,449,1816
1307,509,1816
1259,557,1816
1229,587,1816
1223,593,1816
1217,599,1816
1163,653,1816
1097,719,1816
1019,797,1816
977,839,1816
953,863,1816
929,887,1816
1811,7,1818
1801,17,1818
1789,29,1818
1787,31,1818
1777,41,1818
1759,59,1818
1747,71,1818
1721,97,1818
1709,109,1818
1669,149,1818
1667,151,1818
1637,181,1818
1627,191,1818
1621,197,1818
1619,199,1818
1607,211,1818
1579,239,1818
1567,251,1818
1549,269,1818
1511,307,1818
1487,331,1818
1481,337,1818
1471,347,1818
1459,359,1818
1451,367,1818
1439,379,1818
1429,389,1818
1409,409,1818
1399,419,1818
1361,457,1818
1327,491,1818
1319,499,1818
1297,521,1818
1277,541,1818
1249,569,1818
1231,587,1818
1217,601,1818
1201,617,1818
1187,631,1818
1171,647,1818
1117,701,1818
1109,709,1818
1091,727,1818
1061,757,1818
1049,769,1818
1031,787,1818
1021,797,1818
1009,809,1818
997,821,1818
991,827,1818
941,877,1818
937,881,1818
911,907,1818
1801,19,1820
1789,31,1820
1783,37,1820
1777,43,1820
1759,61,1820
1753,67,1820
1747,73,1820
1741,79,1820
1723,97,1820
1693,127,1820
1669,151,1820
1663,157,1820
1657,163,1820
1627,193,1820
1621,199,1820
1609,211,1820
1597,223,1820
1579,241,1820
1549,271,1820
1543,277,1820
1489,331,1820
1483,337,1820
1471,349,1820
1453,367,1820
1447,373,1820
1423,397,1820
1399,421,1820
1381,439,1820
1321,499,1820
1297,523,1820
1279,541,1820
1249,571,1820
1213,607,1820
1201,619,1820
1129,691,1820
1093,727,1820
1087,733,1820
1069,751,1820
1063,757,1820
1051,769,1820
1033,787,1820
1009,811,1820
997,823,1820
991,829,1820
967,853,1820
937,883,1820
1811,11,1822
1733,89,1822
1721,101,1822
1709,113,1822
1583,239,1822
1571,251,1822
1559,263,1822
1553,269,1822
1511,311,1822
1439,383,1822
1433,389,1822
1373,449,1822
1361,461,1822
1319,503,1822
1301,521,1822
1259,563,1822
1229,593,1822
1223,599,1822
1181,641,1822
1163,659,1822
1103,719,1822
1061,761,1822
1049,773,1822
1013,809,1822
983,839,1822
941,881,1822
911,911,1822
1811,13,1824
1801,23,1824
1787,37,1824
1783,41,1824
1777,47,1824
1753,71,1824
1741,83,1824
1723,101,1824
1721,103,1824
1697,127,1824
1693,131,1824
1667,157,1824
1657,167,1824
1627,197,1824
1613,211,1824
1601,223,1824
1597,227,1824
1583,241,1824
1567,257,1824
1553,271,1824
1543,281,1824
1531,293,1824
1511,313,1824
1493,331,1824
1487,337,1824
1471,353,1824
1451,373,1824
1427,397,1824
1423,401,1824
1381,443,1824
1367,457,1824
1361,463,1824
1321,503,1824
1303,521,1824
1301,523,1824
1283,541,1824
1277,547,1824
1237,587,1824
1231,593,1824
1223,601,1824
1217,607,1824
1193,631,1824
1181,643,1824
1171,653,1824
1163,661,1824
1151,673,1824
1123,701,1824
1097,727,1824
1091,733,1824
1063,761,1824
1051,773,1824
1013,811,1824
997,827,1824
971,853,1824
967,857,1824
947,877,1824
941,883,1824
937,887,1824
1823,3,1826
1789,37,1826
1783,43,1826
1759,67,1826
1753,73,1826
1747,79,1826
1723,103,1826
1699,127,1826
1669,157,1826
1663,163,1826
1627,199,1826
1597,229,1826
1549,277,1826
1543,283,1826
1489,337,1826
1459,367,1826
1453,373,1826
1447,379,1826
1429,397,1826
1327,499,1826
1303,523,1826
1279,547,1826
1249,577,1826
1213,613,1826
1153,673,1826
1117,709,1826
1093,733,1826
1087,739,1826
1069,757,1826
1039,787,1826
997,829,1826
967,859,1826
919,907,1826
1823,5,1828
1811,17,1828
1787,41,1828
1721,107,1828
1697,131,1828
1637,191,1828
1601,227,1828
1571,257,1828
1559,269,1828
1511,317,1828
1481,347,1828
1439,389,1828
1427,401,1828
1409,419,1828
1367,461,1828
1361,467,1828
1319,509,1828
1307,521,1828
1259,569,1828
1229,599,1828
1187,641,1828
1181,647,1828
1151,677,1828
1109,719,1828
1031,797,1828
1019,809,1828
971,857,1828
947,881,1828
941,887,1828
1823,7,1830
1811,19,1830
1801,29,1830
1789,41,1830
1787,43,1830
1783,47,1830
1777,53,1830
1759,71,1830
1747,83,1830
1741,89,1830
1733,97,1830
1723,107,1830
1721,109,1830
1699,131,1830
1693,137,1830
1667,163,1830
1663,167,1830
1657,173,1830
1637,193,1830
1619,211,1830
1607,223,1830
1601,229,1830
1597,233,1830
1579,251,1830
1567,263,1830
1559,271,1830
1553,277,1830
1549,281,1830
1523,307,1830
1499,331,1830
1493,337,1830
1483,347,1830
1481,349,1830
1471,359,1830
1451,379,1830
1447,383,1830
1433,397,1830
1429,401,1830
1409,421,1830
1399,431,1830
1381,449,1830
1373,457,1830
1367,463,1830
1327,503,1830
1321,509,1830
1307,523,1830
1289,541,1830
1283,547,1830
1259,571,1830
1237,593,1830
1231,599,1830
1229,601,1830
1223,607,1830
1217,613,1830
1213,617,1830
1187,643,1830
1171,659,1830
1153,677,1830
1129,701,1830
1103,727,1830
1097,733,1830
1091,739,1830
1087,743,1830
1069,761,1830
1061,769,1830
1033,797,1830
1021,809,1830
1019,811,1830
1009,821,1830
991,839,1830
977,853,1830
971,859,1830
967,863,1830
953,877,1830
947,883,1830
919,911,1830
1801,31,1832
1789,43,1832
1759,73,1832
1753,79,1832
1723,109,1832
1693,139,1832
1669,163,1832
1621,211,1832
1609,223,1832
1549,283,1832
1483,349,1832
1459,373,1832
1453,379,1832
1423,409,1832
1399,433,1832
1291,541,1832
1231,601,1832
1213,619,1832
1201,631,1832
1171,661,1832
1123,709,1832
1093,739,1832
1063,769,1832
1021,811,1832
1009,823,1832
1831,3,1834
1823,11,1834
1811,23,1834
1787,47,1834
1733,101,1834
1721,113,1834
1697,137,1834
1667,167,1834
1637,197,1834
1607,227,1834
1601,233,1834
1583,251,1834
1571,263,1834
1553,281,1834
1523,311,1834
1487,347,1834
1481,353,1834
1451,383,1834
1433,401,1834
1373,461,1834
1367,467,1834
1277,557,1834
1217,617,1834
1193,641,1834
1187,647,1834
1181,653,1834
1151,683,1834
1091,743,1834
1061,773,1834
1013,821,1834
977,857,1834
971,863,1834
953,881,1834
947,887,1834
1831,5,1836
1823,13,1836
1789,47,1836
1783,53,1836
1777,59,1836
1753,83,1836
1747,89,1836
1733,103,1836
1723,113,1836
1709,127,1836
1699,137,1836
1697,139,1836
1669,167,1836
1663,173,1836
1657,179,1836
1637,199,1836
1613,223,1836
1609,227,1836
1607,229,1836
1597,239,1836
1579,257,1836
1567,269,1836
1559,277,1836
1553,283,1836
1543,293,1836
1523,313,1836
1499,337,1836
1489,347,1836
1487,349,1836
1483,353,1836
1453,383,1836
1447,389,1836
1439,397,1836
1427,409,1836
1373,463,1836
1327,509,1836
1289,547,1836
1279,557,1836
1259,577,1836
1249,587,1836
1237,599,1836
1229,607,1836
1223,613,1836
1217,619,1836
1193,643,1836
1163,673,1836
1153,683,1836
1117,719,1836
1109,727,1836
1103,733,1836
1097,739,1836
1093,743,1836
1063,773,1836
1049,787,1836
1039,797,1836
1013,823,1836
1009,827,1836
997,839,1836
983,853,1836
977,859,1836
953,883,1836
929,907,1836
1831,7,1838
1801,37,1838
1777,61,1838
1759,79,1838
1741,97,1838
1699,139,1838
1657,181,1838
1627,211,1838
1609,229,1838
1597,241,1838
1567,271,1838
1531,307,1838
1489,349,1838
1471,367,1838
1459,379,1838
1429,409,1838
1399,439,1838
1381,457,1838
1297,541,1838
1291,547,1838
1237,601,1838
1231,607,1838
1129,709,1838
1087,751,1838
1069,769,1838
1051,787,1838
1009,829,1838
919,919,1838
1823,17,1840
1811,29,1840
1787,53,1840
1733,107,1840
1709,131,1840
1667,173,1840
1613,227,1840
1607,233,1840
1601,239,1840
1583,257,1840
1571,269,1840
1559,281,1840
1523,317,1840
1493,347,1840
1487,353,1840
1481,359,1840
1451,389,1840
1439,401,1840
1409,431,1840
1373,467,1840
1361,479,1840
1319,521,1840
1283,557,1840
1277,563,1840
1223,617,1840
1193,647,1840
1187,653,1840
1181,659,1840
1163,677,1840
1097,743,1840
1031,809,1840
1019,821,1840
1013,827,1840
983,857,1840
977,863,1840
953,887,1840
929,911,1840
1831,11,1842
1823,19,1842
1811,31,1842
1801,41,1842
1789,53,1842
1783,59,1842
1759,83,1842
1753,89,1842
1741,101,1842
1733,109,1842
1693,149,1842
1669,173,1842
1663,179,1842
1619,223,1842
1613,229,1842
1609,233,1842
1601,241,1842
1579,263,1842
1571,271,1842
1559,283,1842
1549,293,1842
1531,311,1842
1511,331,1842
1493,349,1842
1489,353,1842
1483,359,1842
1459,383,1842
1453,389,1842
1433,409,1842
1423,419,1842
1409,433,1842
1399,443,1842
1381,461,1842
1321,521,1842
1319,523,1842
1301,541,1842
1279,563,1842
1249,593,1842
1229,613,1842
1223,619,1842
1201,641,1842
1181,661,1842
1151,691,1842
1123,719,1842
1109,733,1842
1103,739,1842
1091,751,1842
1069,773,1842
1033,809,1842
1031,811,1842
1021,821,1842
1019,823,1842
1013,829,1842
983,859,1842
1831,13,1844
1801,43,1844
1783,61,1844
1777,67,1844
1747,97,1844
1741,103,1844
1693,151,1844
1663,181,1844
1621,223,1844
1567,277,1844
1531,313,1844
1471,373,1844
1447,397,1844
1423,421,1844
1381,463,1844
1321,523,1844
1303,541,1844
1297,547,1844
1237,607,1844
1231,613,1844
1213,631,1844
1201,643,1844
1171,673,1844
1153,691,1844
1117,727,1844
1093,751,1844
1087,757,1844
1033,811,1844
1021,823,1844
991,853,1844
967,877,1844
937,907,1844
1823,23,1846
1787,59,1846
1733,113,1846
1709,137,1846
1697,149,1846
1667,179,1846
1619,227,1846
1613,233,1846
1607,239,1846
1583,263,1846
1553,293,1846
1499,347,1846
1493,353,1846
1487,359,1846
1427,419,1846
1367,479,1846
1289,557,1846
1283,563,1846
1277,569,1846
1259,587,1846
1229,617,1846
1193,653,1846
1187,659,1846
1163,683,1846
1103,743,1846
1049,797,1846
1019,827,1846
983,863,1846
1831,17,1848
1811,37,1848
1801,47,1848
1789,59,1848
1787,61,1848
1777,71,1848
1759,89,1848
1747,101,1848
1741,107,1848
1721,127,1848
1709,139,1848
1699,149,1848
1697,151,1848
1669,179,1848
1667,181,1848
1657,191,1848
1637,211,1848
1621,227,1848
1619,229,1848
1609,239,1848
1607,241,1848
1597,251,1848
1579,269,1848
1571,277,1848
1567,281,1848
1531,317,1848
1511,337,1848
1499,349,1848
1489,359,1848
1481,367,1848
1459,389,1848
1451,397,1848
1447,401,1848
1439,409,1848
1429,419,1848
1427,421,1848
1409,439,1848
1399,449,1848
1381,467,1848
1361,487,1848
1327,521,1848
1307,541,1848
1301,547,1848
1291,557,1848
1279,569,1848
1277,571,1848
1249,599,1848
1231,617,1848
1229,619,1848
1217,631,1848
1201,647,1848
1187,661,1848
1171,677,1848
1129,719,1848
1109,739,1848
1097,751,1848
1091,757,1848
1087,761,1848
1061,787,1848
1051,797,1848
1039,809,1848
1021,827,1848
1019,829,1848
1009,839,1848
991,857,1848
971,877,1848
967,881,1848
941,907,1848
937,911,1848
929,919,1848
1847,3,1850
1831,19,1850
1789,61,1850
1783,67,1850
1777,73,1850
1753,97,1850
1747,103,1850
1741,109,1850
1723,127,1850
1699,151,1850
1693,157,1850
1669,181,1850
1657,193,1850
1627,223,1850
1621,229,1850
1609,241,1850
1579,271,1850
1567,283,1850
1543,307,1850
1483,367,1850
1471,379,1850
1453,397,1850
1429,421,1850
1327,523,1850
1303,547,1850
1279,571,1850
1249,601,1850
1237,613,1850
1231,619,1850
1123,727,1850
1117,733,1850
1093,757,1850
1063,787,1850
1039,811,1850
1021,829,1850
997,853,1850
991,859,1850
967,883,1850
1847,5,1852
1823,29,1852
1811,41,1852
1721,131,1852
1619,233,1852
1613,239,1852
1601,251,1852
1583,269,1852
1571,281,1852
1559,293,1852
1499,353,1852
1493,359,1852
1451,401,1852
1433,419,1852
1409,443,1852
1373,479,1852
1361,491,1852
1289,563,1852
1283,569,1852
1259,593,1852
1193,659,1852
1151,701,1852
1109,743,1852
1091,761,1852
1031,821,1852
1013,839,1852
971,881,1852
941,911,1852
1847,7,1854
1831,23,1854
1823,31,1854
1811,43,1854
1801,53,1854
1787,67,1854
1783,71,1854
1753,101,1854
1747,107,1854
1741,113,1854
1723,131,1854
1697,157,1854
1663,191,1854
1657,197,1854
1627,227,1854
1621,233,1854
1613,241,1854
1597,257,1854
1583,271,1854
1571,283,1854
1543,311,1854
1523,331,1854
1487,367,1854
1481,373,1854
1471,383,1854
1453,401,1854
1433,421,1854
1423,431,1854
1367,487,1854
1307,547,1854
1297,557,1854
1291,563,1854
1283,571,1854
1277,577,1854
1237,617,1854
1223,631,1854
1213,641,1854
1201,653,1854
1193,661,1854
1181,673,1854
1171,683,1854
1163,691,1854
1153,701,1854
1103,751,1854
1097,757,1854
1093,761,1854
1033,821,1854
1031,823,1854
997,857,1854
991,863,1854
977,877,1854
971,883,1854
967,887,1854
947,907,1854
1789,67,1856
1783,73,1856
1777,79,1856
1759,97,1856
1753,103,1856
1747,109,1856
1699,157,1856
1693,163,1856
1663,193,1856
1657,199,1856
1627,229,1856
1579,277,1856
1549,307,1856
1543,313,1856
1489,367,1856
1483,373,1856
1459,397,1856
1447,409,1856
1423,433,1856
1399,457,1856
1279,577,1856
1249,607,1856
1237,619,1856
1213,643,1856
1129,727,1856
1123,733,1856
1117,739,1856
1087,769,1856
1069,787,1856
1033,823,1856
997,859,1856
937,919,1856
1847,11,1858
1811,47,1858
1787,71,1858
1721,137,1858
1709,149,1858
1667,191,1858
1619,239,1858
1607,251,1858
1601,257,1858
1511,347,1858
1499,359,1858
1439,419,1858
1427,431,1858
1409,449,1858
1367,491,1858
1301,557,1858
1289,569,1858
1259,599,1858
1217,641,1858
1181,677,1858
1097,761,1858
1061,797,1858
1049,809,1858
1031,827,1858
1019,839,1858
977,881,1858
971,887,1858
947,911,1858
929,929,1858
1847,13,1860
1831,29,1860
1823,37,1860
1801,59,1860
1789,71,1860
1787,73,1860
1777,83,1860
1759,101,1860
1753,107,1860
1747,113,1860
1733,127,1860
1723,137,1860
1721,139,1860
1709,151,1860
1697,163,1860
1693,167,1860
1669,191,1860
1667,193,1860
1663,197,1860
1637,223,1860
1627,233,1860
1621,239,1860
1619,241,1860
1609,251,1860
1597,263,1860
1583,277,1860
1579,281,1860
1567,293,1860
1553,307,1860
1549,311,1860
1543,317,1860
1523,337,1860
1511,349,1860
1493,367,1860
1487,373,1860
1481,379,1860
1471,389,1860
1459,401,1860
1451,409,1860
1439,421,1860
1429,431,1860
1427,433,1860
1399,461,1860
1381,479,1860
1373,487,1860
1361,499,1860
1319,541,1860
1303,557,1860
1297,563,1860
1291,569,1860
1289,571,1860
1283,577,1860
1259,601,1860
1229,631,1860
1217,643,1860
1213,647,1860
1201,659,1860
1187,673,1860
1151,709,1860
1117,743,1860
1109,751,1860
1103,757,1860
1091,769,1860
1087,773,1860
1063,797,1860
1051,809,1860
1049,811,1860
1039,821,1860
1033,827,1860
1031,829,1860
1021,839,1860
997,863,1860
983,877,1860
977,883,1860
953,907,1860
941,919,1860
1831,31,1862
1801,61,1862
1789,73,1862
1783,79,1862
1759,103,1862
1753,109,1862
1723,139,1862
1699,163,1862
1669,193,1862
1663,199,1862
1621,241,1862
1579,283,1862
1549,313,1862
1531,331,1862
1489,373,1862
1483,379,1862
1453,409,1862
1429,433,1862
1423,439,1862
1399,463,1862
1321,541,1862
1291,571,1862
1249,613,1862
1231,631,1862
1201,661,1862
1171,691,1862
1153,709,1862
1129,733,1862
1123,739,1862
1093,769,1862
1051,811,1862
1039,823,1862
1033,829,1862
1009,853,1862
1861,3,1864
1847,17,1864
1823,41,1864
1811,53,1864
1733,131,1864
1697,167,1864
1667,197,1864
1637,227,1864
1613,251,1864
1607,257,1864
1601,263,1864
1583,281,1864
1571,293,1864
1553,311,1864
1511,353,1864
1481,383,1864
1433,431,1864
1373,491,1864
1361,503,1864
1307,557,1864
1301,563,1864
1277,587,1864
1223,641,1864
1217,647,1864
1187,677,1864
1181,683,1864
1163,701,1864
1103,761,1864
1091,773,1864
983,881,1864
977,887,1864
953,911,1864
1861,5,1866
1847,19,1866
1823,43,1866
1787,79,1866
1783,83,1866
1777,89,1866
1759,107,1866
1753,113,1866
1709,157,1866
1699,167,1866
1693,173,1866
1669,197,1866
1667,199,1866
1637,229,1866
1627,239,1866
1609,257,1866
1597,269,1866
1583,283,1866
1559,307,1866
1553,313,1866
1549,317,1866
1499,367,1866
1493,373,1866
1487,379,1866
1483,383,1866
1447,419,1866
1433,433,1866
1427,439,1866
1423,443,1866
1409,457,1866
1399,467,1866
1367,499,1866
1319,547,1866
1303,563,1866
1297,569,1866
1289,577,1866
1279,587,1866
1259,607,1866
1249,617,1866
1223,643,1866
1213,653,1866
1193,673,1866
1123,743,1866
1109,757,1866
1097,769,1866
1093,773,1866
1069,797,1866
1039,827,1866
1013,853,1866
1009,857,1866
983,883,1866
947,919,1866
937,929,1866
1861,7,1868
1831,37,1868
1801,67,1868
1789,79,1868
1759,109,1868
1741,127,1868
1669,199,1868
1657,211,1868
1627,241,1868
1597,271,1868
1531,337,1868
1489,379,1868
1471,397,1868
1459,409,1868
1447,421,1868
1429,439,1868
1381,487,1868
1327,541,1868
1321,547,1868
1297,571,1868
1291,577,1868
1249,619,1868
1237,631,1868
1129,739,1868
1117,751,1868
1039,829,1868
1009,859,1868
991,877,1868
1867,3,1870
1847,23,1870
1823,47,1870
1811,59,1870
1787,83,1870
1733,137,1870
1721,149,1870
1697,173,1870
1637,233,1870
1619,251,1870
1613,257,1870
1607,263,1870
1601,269,1870
1559,311,1870
1553,317,1870
1523,347,1870
1511,359,1870
1487,383,1870
1481,389,1870
1451,419,1870
1439,431,1870
1427,443,1870
1409,461,1870
1367,503,1870
1361,509,1870
1307,563,1870
1301,569,1870
1283,587,1870
1277,593,1870
1229,641,1870
1223,647,1870
1217,653,1870
1193,677,1870
1187,683,1870
1151,719,1870
1109,761,1870
1097,773,1870
1061,809,1870
1049,821,1870
1031,839,1870
1013,857,1870
983,887,1870
941,929,1870
1867,5,1872
1861,11,1872
1831,41,1872
1811,61,1872
1801,71,1872
1789,83,1872
1783,89,1872
1759,113,1872
1741,131,1872
1733,139,1872
1723,149,1872
1721,151,1872
1709,163,1872
1699,173,1872
1693,179,1872
1621,251,1872
1609,263,1872
1601,271,1872
1579,293,1872
1559,313,1872
1523,349,1872
1499,373,1872
1493,379,1872
1489,383,1872
1483,389,1872
1471,401,1872
1453,419,1872
1451,421,1872
1439,433,1872
1433,439,1872
1429,443,1872
1423,449,1872
1409,463,1872
1381,491,1872
1373,499,1872
1303,569,1872
1301,571,1872
1279,593,1872
1259,613,1872
1231,641,1872
1229,643,1872
1213,659,1872
1181,691,1872
1171,701,1872
1163,709,1872
1153,719,1872
1129,743,1872
1103,769,1872
1063,809,1872
1061,811,1872
1051,821,1872
1049,823,1872
1033,839,1872
1019,853,1872
1013,859,1872
1009,863,1872
991,881,1872
953,919,1872
1871,3,1874
1867,7,1874
1861,13,1874
1831,43,1874
1801,73,1874
1777,97,1874
1747,127,1874
1723,151,1874
1693,181,1874
1663,211,1874
1597,277,1874
1567,307,1874
1543,331,1874
1453,421,1874
1327,547,1874
1303,571,1874
1297,577,1874
1231,643,1874
1213,661,1874
1201,673,1874
1123,751,1874
1117,757,1874
1087,787,1874
1063,811,1874
1051,823,1874
1021,853,1874
997,877,1874
991,883,1874
967,907,1874
937,937,1874
1873,3,1876
1871,5,1876
1847,29,1876
1823,53,1876
1787,89,1876
1709,167,1876
1697,179,1876
1637,239,1876
1619,257,1876
1613,263,1876
1607,269,1876
1583,293,1876
1559,317,1876
1523,353,1876
1493,383,1876
1487,389,1876
1433,443,1876
1427,449,1876
1409,467,1876
1373,503,1876
1367,509,1876
1319,557,1876
1307,569,1876
1289,587,1876
1283,593,1876
1277,599,1876
1259,617,1876
1229,647,1876
1223,653,1876
1217,659,1876
1193,683,1876
1103,773,1876
1049,827,1876
1019,857,1876
1013,863,1876
947,929,1876
1873,5,1878
1871,7,1878
1867,11,1878
1861,17,1878
1847,31,1878
1831,47,1878
1811,67,1878
1789,89,1878
1777,101,1878
1747,131,1878
1741,137,1878
1721,157,1878
1699,179,1878
1697,181,1878
1667,211,1878
1637,241,1878
1627,251,1878
1621,257,1878
1609,269,1878
1607,271,1878
1601,277,1878
1597,281,1878
1571,307,1878
1567,311,1878
1531,347,1878
1511,367,1878
1499,379,1878
1489,389,1878
1481,397,1878
1459,419,1878
1447,431,1878
1439,439,1878
1429,449,1878
1399,479,1878
1321,557,1878
1307,571,1878
1301,577,1878
1291,587,1878
1279,599,1878
1277,601,1878
1259,619,1878
1237,641,1878
1231,647,1878
1217,661,1878
1201,677,1878
1187,691,1878
1151,727,1878
1117,761,1878
1109,769,1878
1091,787,1878
1069,809,1878
1051,827,1878
1049,829,1878
1039,839,1878
1021,857,1878
1019,859,1878
997,881,1878
991,887,1878
971,907,1878
967,911,1878
941,937,1878
1877,3,1880
1873,7,1880
1867,13,1880
1861,19,1880
1801,79,1880
1783,97,1880
1777,103,1880
1753,127,1880
1741,139,1880
1723,157,1880
1699,181,1880
1669,211,1880
1657,223,1880
1609,271,1880
1597,283,1880
1567,313,1880
1549,331,1880
1543,337,1880
1531,349,1880
1483,397,1880
1471,409,1880
1459,421,1880
1447,433,1880
1423,457,1880
1381,499,1880
1303,577,1880
1279,601,1880
1249,631,1880
1237,643,1880
1171,709,1880
1153,727,1880
1129,751,1880
1123,757,1880
1093,787,1880
1069,811,1880
1051,829,1880
1021,859,1880
997,883,1880
1879,3,1882
1877,5,1882
1871,11,1882
1823,59,1882
1811,71,1882
1733,149,1882
1709,173,1882
1619,263,1882
1613,269,1882
1601,281,1882
1571,311,1882
1523,359,1882
1499,383,1882
1493,389,1882
1481,401,1882
1451,431,1882
1439,443,1882
1433,449,1882
1373,509,1882
1361,521,1882
1319,563,1882
1289,593,1882
1283,599,1882
1229,653,1882
1223,659,1882
1181,701,1882
1163,719,1882
1109,773,1882
1061,821,1882
1019,863,1882
971,911,1882
953,929,1882
941,941,1882
1879,5,1884
1877,7,1884
1873,11,1884
1871,13,1884
1867,17,1884
1861,23,1884
1847,37,1884
1831,53,1884
1823,61,1884
1811,73,1884
1801,83,1884
1787,97,1884
1783,101,1884
1777,107,1884
1753,131,1884
1747,137,1884
1733,151,1884
1721,163,1884
1693,191,1884
1657,227,1884
1627,257,1884
1621,263,1884
1613,271,1884
1607,277,1884
1601,283,1884
1571,313,1884
1567,317,1884
1553,331,1884
1531,353,1884
1511,373,1884
1487,397,1884
1483,401,1884
1453,431,1884
1451,433,1884
1427,457,1884
1423,461,1884
1381,503,1884
1361,523,1884
1327,557,1884
1321,563,1884
1307,577,1884
1297,587,1884
1291,593,1884
1283,601,1884
1277,607,1884
1237,647,1884
1231,653,1884
1223,661,1884
1201,683,1884
1193,691,1884
1151,733,1884
1123,761,1884
1097,787,1884
1087,797,1884
1063,821,1884
1061,823,1884
1031,853,1884
1021,863,1884
997,887,1884
977,907,1884
947,937,1884
1879,7,1886
1873,13,1886
1867,19,1886
1789,97,1886
1783,103,1886
1777,109,1886
1759,127,1886
1747,139,1886
1723,163,1886
1693,193,1886
1663,223,1886
1657,229,1886
1609,277,1886
1579,307,1886
1549,337,1886
1489,397,1886
1453,433,1886
1447,439,1886
1429,457,1886
1423,463,1886
1399,487,1886
1279,607,1886
1213,673,1886
1153,733,1886
1129,757,1886
1117,769,1886
1063,823,1886
1033,853,1886
1009,877,1886
967,919,1886
1877,11,1888
1871,17,1888
1847,41,1888
1787,101,1888
1721,167,1888
1709,179,1888
1697,191,1888
1637,251,1888
1619,269,1888
1607,281,1888
1571,317,1888
1499,389,1888
1487,401,1888
1439,449,1888
1427,461,1888
1409,479,1888
1367,521,1888
1319,569,1888
1301,587,1888
1289,599,1888
1229,659,1888
1187,701,1888
1091,797,1888
1061,827,1888
1049,839,1888
1031,857,1888
977,911,1888
947,941,1888
1879,11,1890
1877,13,1890
1873,17,1890
1871,19,1890
1867,23,1890
1861,29,1890
1847,43,1890
1831,59,1890
1823,67,1890
1811,79,1890
1801,89,1890
1789,101,1890
1787,103,1890
1783,107,1890
1777,113,1890
1759,131,1890
1753,137,1890
1741,149,1890
1733,157,1890
1723,167,1890
1709,181,1890
1699,191,1890
1697,193,1890
1693,197,1890
1667,223,1890
1663,227,1890
1657,233,1890
1627,263,1890
1621,269,1890
1619,271,1890
1613,277,1890
1609,281,1890
1607,283,1890
1597,293,1890
1583,307,1890
1579,311,1890
1559,331,1890
1553,337,1890
1543,347,1890
1531,359,1890
1523,367,1890
1511,379,1890
1493,397,1890
1489,401,1890
1481,409,1890
1471,419,1890
1459,431,1890
1451,439,1890
1447,443,1890
1433,457,1890
1429,461,1890
1427,463,1890
1423,467,1890
1399,491,1890
1381,509,1890
1367,523,1890
1327,563,1890
1321,569,1890
1319,571,1890
1303,587,1890
1297,593,1890
1291,599,1890
1289,601,1890
1283,607,1890
1277,613,1890
1259,631,1890
1249,641,1890
1237,653,1890
1231,659,1890
1229,661,1890
1217,673,1890
1213,677,1890
1181,709,1890
1171,719,1890
1163,727,1890
1151,739,1890
1129,761,1890
1117,773,1890
1103,787,1890
1093,797,1890
1069,821,1890
1063,827,1890
1061,829,1890
1051,839,1890
1033,857,1890
1031,859,1890
1013,877,1890
1009,881,1890
983,907,1890
971,919,1890
953,937,1890
1889,3,1892
1879,13,1892
1873,19,1892
1861,31,1892
1831,61,1892
1789,103,1892
1783,109,1892
1753,139,1892
1741,151,1892
1699,193,1892
1693,199,1892
1669,223,1892
1663,229,1892
1621,271,1892
1609,283,1892
1579,313,1892
1543,349,1892
1483,409,1892
1471,421,1892
1459,433,1892
1453,439,1892
1429,463,1892
1321,571,1892
1291,601,1892
1279,613,1892
1249,643,1892
1231,661,1892
1201,691,1892
1153,739,1892
1123,769,1892
1069,823,1892
1063,829,1892
1039,853,1892
1033,859,1892
1009,883,1892
1889,5,1894
1877,17,1894
1871,23,1894
1847,47,1894
1823,71,1894
1811,83,1894
1787,107,1894
1721,173,1894
1697,197,1894
1667,227,1894
1637,257,1894
1613,281,1894
1601,293,1894
1583,311,1894
1511,383,1894
1493,401,1894
1451,443,1894
1433,461,1894
1427,467,1894
1373,521,1894
1307,587,1894
1301,593,1894
1277,617,1894
1217,677,1894
1193,701,1894
1151,743,1894
1097,797,1894
1031,863,1894
1013,881,1894
983,911,1894
953,941,1894
947,947,1894
1889,7,1896
1879,17,1896
1877,19,1896
1873,23,1896
1867,29,1896
1823,73,1896
1789,107,1896
1787,109,1896
1783,113,1896
1759,137,1896
1747,149,1896
1733,163,1896
1723,173,1896
1699,197,1896
1697,199,1896
1669,227,1896
1667,229,1896
1663,233,1896
1657,239,1896
1627,269,1896
1619,277,1896
1613,283,1896
1583,313,1896
1579,317,1896
1559,337,1896
1549,347,1896
1543,353,1896
1523,373,1896
1499,397,1896
1487,409,1896
1453,443,1896
1447,449,1896
1439,457,1896
1433,463,1896
1429,467,1896
1409,487,1896
1373,523,1896
1327,569,1896
1319,577,1896
1303,593,1896
1297,599,1896
1289,607,1896
1283,613,1896
1279,617,1896
1277,619,1896
1249,647,1896
1237,659,1896
1223,673,1896
1213,683,1896
1187,709,1896
1163,733,1896
1153,743,1896
1123,773,1896
1109,787,1896
1087,809,1896
1069,827,1896
1039,857,1896
1033,863,1896
1019,877,1896
1013,883,1896
1009,887,1896
977,919,1896
967,929,1896
1879,19,1898
1867,31,1898
1861,37,1898
1831,67,1898
1801,97,1898
1789,109,1898
1759,139,1898
1747,151,1898
1741,157,1898
1699,199,1898
1669,229,1898
1657,241,1898
1627,271,1898
1621,277,1898
1567,331,1898
1549,349,1898
1531,367,1898
1489,409,1898
1459,439,1898
1399,499,1898
1327,571,1898
1321,577,1898
1297,601,1898
1291,607,1898
1279,619,1898
1237,661,1898
1171,727,1898
1129,769,1898
1087,811,1898
1069,829,1898
1039,859,1898
1021,877,1898
991,907,1898
1889,11,1900
1877,23,1900
1871,29,1900
1847,53,1900
1811,89,1900
1787,113,1900
1733,167,1900
1721,179,1900
1709,191,1900
1667,233,1900
1637,263,1900
1619,281,1900
1607,293,1900
1583,317,1900
1553,347,1900
1511,389,1900
1499,401,1900
1481,419,1900
1451,449,1900
1439,461,1900
1433,467,1900
1409,491,1900
1307,593,1900
1301,599,1900
1283,617,1900
1259,641,1900
1223,677,1900
1217,683,1900
1181,719,1900
1103,797,1900
1091,809,1900
1061,839,1900
1019,881,1900
1013,887,1900
971,929,1900
953,947,1900
1889,13,1902
1879,23,1902
1873,29,1902
1871,31,1902
1861,41,1902
1831,71,1902
1823,79,1902
1801,101,1902
1789,113,1902
1753,149,1902
1723,179,1902
1721,181,1902
1709,193,1902
1669,233,1902
1663,239,1902
1621,281,1902
1619,283,1902
1609,293,1902
1571,331,1902
1553,349,1902
1549,353,1902
1543,359,1902
1523,379,1902
1493,409,1902
1483,419,1902
1481,421,1902
1471,431,1902
1459,443,1902
1453,449,1902
1439,463,1902
1423,479,1902
1399,503,1902
1381,521,1902
1361,541,1902
1303,599,1902
1301,601,1902
1289,613,1902
1283,619,1902
1259,643,1902
1249,653,1902
1229,673,1902
1201,701,1902
1193,709,1902
1163,739,1902
1151,751,1902
1129,773,1902
1093,809,1902
1091,811,1902
1063,839,1902
1049,853,1902
1039,863,1902
1021,881,1902
1019,883,1902
991,911,1902
983,919,1902
1901,3,1904
1873,31,1904
1867,37,1904
1861,43,1904
1831,73,1904
1801,103,1904
1777,127,1904
1753,151,1904
1747,157,1904
1741,163,1904
1723,181,1904
1693,211,1904
1663,241,1904
1627,277,1904
1621,283,1904
1597,307,1904
1567,337,1904
1531,373,1904
1483,421,1904
1471,433,1904
1447,457,1904
1381,523,1904
1327,577,1904
1303,601,1904
1297,607,1904
1291,613,1904
1231,673,1904
1213,691,1904
1171,733,1904
1153,751,1904
1117,787,1904
1093,811,1904
1051,853,1904
1021,883,1904
997,907,1904
967,937,1904
1901,5,1906
1889,17,1906
1877,29,1906
1847,59,1906
1823,83,1906
1733,173,1906
1709,197,1906
1667,239,1906
1637,269,1906
1613,293,1906
1559,347,1906
1553,353,1906
1523,383,1906
1487,419,1906
1439,467,1906
1427,479,1906
1319,587,1906
1307,599,1906
1289,617,1906
1259,647,1906
1229,677,1906
1223,683,1906
1187,719,1906
1163,743,1906
1109,797,1906
1097,809,1906
1049,857,1906
1019,887,1906
977,929,1906
953,953,1906
1901,7,1908
1889,19,1908
1879,29,1908
1877,31,1908
1871,37,1908
1867,41,1908
1861,47,1908
1847,61,1908
1811,97,1908
1801,107,1908
1777,131,1908
1759,149,1908
1741,167,1908
1709,199,1908
1697,211,1908
1669,239,1908
1667,241,1908
1657,251,1908
1637,271,1908
1627,281,1908
1601,307,1908
1597,311,1908
1571,337,1908
1559,349,1908
1549,359,1908
1511,397,1908
1499,409,1908
1489,419,1908
1487,421,1908
1459,449,1908
1451,457,1908
1447,461,1908
1429,479,1908
1409,499,1908
1399,509,1908
1367,541,1908
1361,547,1908
1321,587,1908
1307,601,1908
1301,607,1908
1291,617,1908
1289,619,1908
1277,631,1908
1249,659,1908
1231,677,1908
1217,691,1908
1181,727,1908
1151,757,1908
1097,811,1908
1087,821,1908
1069,839,1908
1051,857,1908
1049,859,1908
1031,877,1908
1021,887,1908
997,911,1908
971,937,1908
967,941,1908
1907,3,1910
1879,31,1910
1873,37,1910
1867,43,1910
1831,79,1910
1801,109,1910
1783,127,1910
1759,151,1910
1753,157,1910
1747,163,1910
1699,211,1910
1669,241,1910
1627,283,1910
1597,313,1910
1579,331,1910
1543,367,1910
1531,379,1910
1489,421,1910
1471,439,1910
1453,457,1910
1447,463,1910
1423,487,1910
1303,607,1910
1297,613,1910
1291,619,1910
1279,631,1910
1249,661,1910
1237,673,1910
1201,709,1910
1171,739,1910
1153,757,1910
1123,787,1910
1087,823,1910
1051,859,1910
1033,877,1910
991,919,1910
1907,5,1912
1901,11,1912
1889,23,1912
1871,41,1912
1823,89,1912
1811,101,1912
1733,179,1912
1721,191,1912
1619,293,1912
1601,311,1912
1559,353,1912
1553,359,1912
1523,389,1912
1511,401,1912
1493,419,1912
1481,431,1912
1451,461,1912
1433,479,1912
1409,503,1912
1319,593,1912
1259,653,1912
1229,683,1912
1193,719,1912
1151,761,1912
1103,809,1912
1091,821,1912
1049,863,1912
1031,881,1912
983,929,1912
971,941,1912
1907,7,1914
1901,13,1914
1877,37,1914
1873,41,1914
1871,43,1914
1867,47,1914
1861,53,1914
1847,67,1914
1831,83,1914
1811,103,1914
1801,113,1914
1787,127,1914
1783,131,1914
1777,137,1914
1747,167,1914
1741,173,1914
1733,181,1914
1723,191,1914
1721,193,1914
1663,251,1914
1657,257,1914
1637,277,1914
1621,293,1914
1607,307,1914
1601,313,1914
1597,317,1914
1583,331,1914
1567,347,1914
1531,383,1914
1493,421,1914
1483,431,1914
1481,433,1914
1471,443,1914
1453,461,1914
1451,463,1914
1447,467,1914
1427,487,1914
1423,491,1914
1373,541,1914
1367,547,1914
1327,587,1914
1321,593,1914
1307,607,1914
1301,613,1914
1297,617,1914
1283,631,1914
1237,677,1914
1231,683,1914
1223,691,1914
1213,701,1914
1187,727,1914
1181,733,1914
1171,743,1914
1163,751,1914
1153,761,1914
1117,797,1914
1103,811,1914
1093,821,1914
1091,823,1914
1087,827,1914
1061,853,1914
1051,863,1914
1033,881,1914
1031,883,1914
977,937,1914
967,947,1914
1913,3,1916
1879,37,1916
1873,43,1916
1789,127,1916
1777,139,1916
1759,157,1916
1753,163,1916
1723,193,1916
1693,223,1916
1609,307,1916
1579,337,1916
1567,349,1916
1549,367,1916
1543,373,1916
1483,433,1916
1459,457,1916
1453,463,1916
1429,487,1916
1303,613,1916
1297,619,1916
1129,787,1916
1093,823,1916
1087,829,1916
1063,853,1916
1039,877,1916
1033,883,1916
1009,907,1916
997,919,1916
1913,5,1918
1907,11,1918
1901,17,1918
1889,29,1918
1877,41,1918
1871,47,1918
1847,71,1918
1811,107,1918
1787,131,1918
1721,197,1918
1667,251,1918
1637,281,1918
1607,311,1918
1601,317,1918
1571,347,1918
1559,359,1918
1499,419,1918
1487,431,1918
1451,467,1918
1439,479,1918
1427,491,1918
1409,509,1918
1361,557,1918
1319,599,1918
1301,617,1918
1277,641,1918
1259,659,1918
1217,701,1918
1109,809,1918
1097,821,1918
1091,827,1918
1061,857,1918
1031,887,1918
977,941,1918
971,947,1918
1913,7,1920
1907,13,1920
1901,19,1920
1889,31,1920
1879,41,1920
1877,43,1920
1873,47,1920
1867,53,1920
1861,59,1920
1847,73,1920
1831,89,1920
1823,97,1920
1811,109,1920
1789,131,1920
1783,137,1920
1753,167,1920
1747,173,1920
1741,179,1920
1723,197,1920
1721,199,1920
1709,211,1920
1697,223,1920
1693,227,1920
1669,251,1920
1663,257,1920
1657,263,1920
1637,283,1920
1627,293,1920
1613,307,1920
1609,311,1920
1607,313,1920
1583,337,1920
1571,349,1920
1567,353,1920
1553,367,1920
1531,389,1920
1523,397,1920
1511,409,1920
1499,421,1920
1489,431,1920
1487,433,1920
1481,439,1920
1471,449,1920
1459,461,1920
1453,467,1920
1433,487,1920
1429,491,1920
1399,521,1920
1373,547,1920
1327,593,1920
1321,599,1920
1319,601,1920
1307,613,1920
1303,617,1920
1301,619,1920
1289,631,1920
1279,641,1920
1277,643,1920
1259,661,1920
1237,683,1920
1229,691,1920
1201,719,1920
1193,727,1920
1187,733,1920
1181,739,1920
1163,757,1920
1151,769,1920
1123,797,1920
1109,811,1920
1097,823,1920
1093,827,1920
1091,829,1920
1063,857,1920
1061,859,1920
1039,881,1920
1033,887,1920
1013,907,1920
1009,911,1920
991,929,1920
983,937,1920
967,953,1920
1879,43,1922
1861,61,1922
1783,139,1922
1759,163,1922
1741,181,1922
1723,199,1922
1699,223,1922
1693,229,1922
1609,313,1922
1549,373,1922
1543,379,1922
1489,433,1922
1483,439,1922
1459,463,1922
1423,499,1922
1399,523,1922
1381,541,1922
1321,601,1922
1303,619,1922
1291,631,1922
1279,643,1922
1249,673,1922
1231,691,1922
1213,709,1922
1171,751,1922
1153,769,1922
1093,829,1922
1069,853,1922
1063,859,1922
1039,883,1922
1913,11,1924
1907,17,1924
1901,23,1924
1877,47,1924
1871,53,1924
1823,101,1924
1811,113,1924
1787,137,1924
1733,191,1924
1697,227,1924
1667,257,1924
1613,311,1924
1607,317,1924
1571,353,1924
1523,401,1924
1493,431,1924
1481,443,1924
1433,491,1924
1367,557,1924
1361,563,1924
1307,617,1924
1283,641,1924
1277,647,1924
1223,701,1924
1181,743,1924
1163,761,1924
1151,773,1924
1103,821,1924
1097,827,1924
1061,863,1924
1013,911,1924
983,941,1924
977,947,1924
971,953,1924
1913,13,1926
1907,19,1926
1889,37,1926
1879,47,1926
1873,53,1926
1867,59,1926
1847,79,1926
1823,103,1926
1789,137,1926
1787,139,1926
1777,149,1926
1759,167,1926
1753,173,1926
1747,179,1926
1733,193,1926
1699,227,1926
1697,229,1926
1693,233,1926
1669,257,1926
1663,263,1926
1657,269,1926
1619,307,1926
1613,313,1926
1609,317,1926
1579,347,1926
1567,359,1926
1559,367,1926
1553,373,1926
1543,383,1926
1493,433,1926
1487,439,1926
1483,443,1926
1459,467,1926
1447,479,1926
1439,487,1926
1427,499,1926
1423,503,1926
1327,599,1926
1319,607,1926
1307,619,1926
1283,643,1926
1279,647,1926
1249,677,1926
1217,709,1926
1193,733,1926
1187,739,1926
1153,773,1926
1129,797,1926
1117,809,1926
1103,823,1926
1097,829,1926
1087,839,1926
1069,857,1926
1063,863,1926
1049,877,1926
1039,887,1926
1019,907,1926
997,929,1926
1867,61,1928
1861,67,1928
1831,97,1928
1801,127,1928
1789,139,1928
1777,151,1928
1747,181,1928
1699,229,1928
1657,271,1928
1621,307,1928
1597,331,1928
1579,349,1928
1549,379,1928
1531,397,1928
1489,439,1928
1471,457,1928
1429,499,1928
1381,547,1928
1327,601,1928
1321,607,1928
1297,631,1928
1237,691,1928
1201,727,1928
1171,757,1928
1117,811,1928
1069,859,1928
1051,877,1928
1021,907,1928
1009,919,1928
991,937,1928
1913,17,1930
1907,23,1930
1901,29,1930
1889,41,1930
1877,53,1930
1871,59,1930
1847,83,1930
1823,107,1930
1733,197,1930
1697,233,1930
1667,263,1930
1637,293,1930
1619,311,1930
1613,317,1930
1583,347,1930
1571,359,1930
1511,419,1930
1499,431,1930
1487,443,1930
1481,449,1930
1451,479,1930
1439,491,1930
1427,503,1930
1409,521,1930
1373,557,1930
1367,563,1930
1361,569,1930
1289,641,1930
1283,647,1930
1277,653,1930
1229,701,1930
1187,743,1930
1109,821,1930
1103,827,1930
1091,839,1930
1049,881,1930
1019,911,1930
983,947,1930
977,953,1930
1913,19,1932
1901,31,1932
1889,43,1932
1879,53,1932
1873,59,1932
1871,61,1932
1861,71,1932
1831,101,1932
1823,109,1932
1801,131,1932
1783,149,1932
1759,173,1932
1753,179,1932
1741,191,1932
1733,199,1932
1721,211,1932
1709,223,1932
1699,233,1932
1693,239,1932
1669,263,1932
1663,269,1932
1621,311,1932
1619,313,1932
1601,331,1932
1583,349,1932
1579,353,1932
1559,373,1932
1553,379,1932
1549,383,1932
1543,389,1932
1531,401,1932
1523,409,1932
1511,421,1932
1499,433,1932
1493,439,1932
1489,443,1932
1483,449,1932
1471,461,1932
1453,479,1932
1433,499,1932
1429,503,1932
1423,509,1932
1409,523,1932
1361,571,1932
1319,613,1932
1301,631,1932
1291,641,1932
1289,643,1932
1279,653,1932
1259,673,1932
1249,683,1932
1231,701,1932
1223,709,1932
1213,719,1932
1193,739,1932
1181,751,1932
1171,761,1932
1163,769,1932
1123,809,1932
1109,823,1932
1103,829,1932
1093,839,1932
1069,863,1932
1051,881,1932
1049,883,1932
1021,911,1932
1013,919,1932
991,941,1932
1931,3,1934
1873,61,1934
1867,67,1934
1861,73,1934
1831,103,1934
1783,151,1934
1777,157,1934
1753,181,1934
1741,193,1934
1723,211,1934
1693,241,1934
1663,271,1934
1657,277,1934
1627,307,1934
1621,313,1934
1597,337,1934
1567,367,1934
1471,463,1934
1447,487,1934
1327,607,1934
1321,613,1934
1303,631,1934
1291,643,1934
1201,733,1934
1123,811,1934
1051,883,1934
997,937,1934
967,967,1934
1933,3,1936
1931,5,1936
1913,23,1936
1907,29,1936
1889,47,1936
1877,59,1936
1847,89,1936
1823,113,1936
1787,149,1936
1709,227,1936
1697,239,1936
1667,269,1936
1619,317,1936
1583,353,1936
1553,383,1936
1493,443,1936
1487,449,1936
1433,503,1936
1427,509,1936
1373,563,1936
1367,569,1936
1319,617,1936
1289,647,1936
1283,653,1936
1277,659,1936
1259,677,1936
1217,719,1936
1193,743,1936
1163,773,1936
1109,827,1936
1097,839,1936
1049,887,1936
983,953,1936
1933,5,1938
1931,7,1938
1907,31,1938
1901,37,1938
1879,59,1938
1877,61,1938
1871,67,1938
1867,71,1938
1831,107,1938
1811,127,1938
1801,137,1938
1789,149,1938
1787,151,1938
1759,179,1938
1747,191,1938
1741,197,1938
1709,229,1938
1699,239,1938
1697,241,1938
1669,269,1938
1667,271,1938
1657,281,1938
1627,311,1938
1621,317,1938
1607,331,1938
1601,337,1938
1579,359,1938
1571,367,1938
1559,379,1938
1549,389,1938
1499,439,1938
1489,449,1938
1481,457,1938
1471,467,1938
1459,479,1938
1451,487,1938
1447,491,1938
1439,499,1938
1429,509,1938
1381,557,1938
1367,571,1938
1361,577,1938
1321,617,1938
1319,619,1938
1307,631,1938
1297,641,1938
1291,647,1938
1279,659,1938
1277,661,1938
1237,701,1938
1229,709,1938
1187,751,1938
1181,757,1938
1151,787,1938
1129,809,1938
1117,821,1938
1109,829,1938
1061,877,1938
1051,887,1938
1031,907,1938
1019,919,1938
1009,929,1938
997,941,1938
991,947,1938
971,967,1938
1933,7,1940
1879,61,1940
1873,67,1940
1867,73,1940
1861,79,1940
1831,109,1940
1801,139,1940
1789,151,1940
1783,157,1940
1777,163,1940
1759,181,1940
1747,193,1940
1741,199,1940
1699,241,1940
1669,271,1940
1663,277,1940
1657,283,1940
1627,313,1940
1609,331,1940
1567,373,1940
1543,397,1940
1531,409,1940
1483,457,1940
1453,487,1940
1399,541,1940
1327,613,1940
1321,619,1940
1297,643,1940
1279,661,1940
1249,691,1940
1231,709,1940
1213,727,1940
1201,739,1940
1171,769,1940
1153,787,1940
1129,811,1940
1117,823,1940
1087,853,1940
1063,877,1940
1033,907,1940
1021,919,1940
1931,11,1942
1913,29,1942
1901,41,1942
1889,53,1942
1871,71,1942
1811,131,1942
1709,233,1942
1583,359,1942
1559,383,1942
1553,389,1942
1523,419,1942
1511,431,1942
1499,443,1942
1493,449,1942
1481,461,1942
1451,491,1942
1439,503,1942
1433,509,1942
1373,569,1942
1301,641,1942
1289,653,1942
1283,659,1942
1259,683,1942
1223,719,1942
1181,761,1942
1103,839,1942
1061,881,1942
1031,911,1942
1013,929,1942
971,971,1942
1933,11,1944
1931,13,1944
1913,31,1944
1907,37,1944
1901,43,1944
1877,67,1944
1873,71,1944
1871,73,1944
1861,83,1944
1847,97,1944
1831,113,1944
1787,157,1944
1777,167,1944
1753,191,1944
1747,197,1944
1733,211,1944
1721,223,1944
1693,251,1944
1667,277,1944
1663,281,1944
1637,307,1944
1627,317,1944
1613,331,1944
1607,337,1944
1597,347,1944
1571,373,1944
1543,401,1944
1523,421,1944
1511,433,1944
1487,457,1944
1483,461,1944
1481,463,1944
1453,491,1944
1423,521,1944
1381,563,1944
1373,571,1944
1367,577,1944
1327,617,1944
1303,641,1944
1301,643,1944
1297,647,1944
1291,653,1944
1283,661,1944
1217,727,1944
1201,743,1944
1193,751,1944
1187,757,1944
1171,773,1944
1123,821,1944
1117,827,1944
1091,853,1944
1087,857,1944
1063,881,1944
1061,883,1944
1033,911,1944
997,947,1944
991,953,1944
977,967,1944
1933,13,1946
1879,67,1946
1873,73,1946
1867,79,1946
1789,157,1946
1783,163,1946
1753,193,1946
1747,199,1946
1723,223,1946
1669,277,1946
1663,283,1946
1609,337,1946
1597,349,1946
1579,367,1946
1567,379,1946
1549,397,1946
1489,457,1946
1483,463,1946
1459,487,1946
1447,499,1946
1423,523,1946
1399,547,1946
1327,619,1946
1303,643,1946
1237,709,1946
1213,733,1946
1123,823,1946
1117,829,1946
1093,853,1946
1087,859,1946
1069,877,1946
1063,883,1946
1039,907,1946
1009,937,1946
1931,17,1948
1907,41,1948
1901,47,1948
1889,59,1948
1877,71,1948
1847,101,1948
1811,137,1948
1721,227,1948
1709,239,1948
1697,251,1948
1667,281,1948
1637,311,1948
1601,347,1948
1559,389,1948
1499,449,1948
1487,461,1948
1481,467,1948
1439,509,1948
1427,521,1948
1361,587,1948
1307,641,1948
1301,647,1948
1289,659,1948
1229,719,1948
1187,761,1948
1151,797,1948
1109,839,1948
1091,857,1948
1061,887,1948
1019,929,1948
977,971,1948
1933,17,1950
1931,19,1950
1913,37,1950
1907,43,1950
1889,61,1950
1879,71,1950
1877,73,1950
1871,79,1950
1867,83,1950
1861,89,1950
1847,103,1950
1823,127,1950
1811,139,1950
1801,149,1950
1787,163,1950
1783,167,1950
1777,173,1950
1759,191,1950
1753,197,1950
1723,227,1950
1721,229,1950
1709,241,1950
1699,251,1950
1693,257,1950
1669,281,1950
1667,283,1950
1657,293,1950
1637,313,1950
1619,331,1950
1613,337,1950
1601,349,1950
1597,353,1950
1583,367,1950
1571,379,1950
1567,383,1950
1553,397,1950
1549,401,1950
1531,419,1950
1511,439,1950
1493,457,1950
1489,461,1950
1487,463,1950
1483,467,1950
1471,479,1950
1459,491,1950
1451,499,1950
1447,503,1950
1429,521,1950
1427,523,1950
1409,541,1950
1381,569,1950
1373,577,1950
1319,631,1950
1307,643,1950
1303,647,1950
1297,653,1950
1291,659,1950
1289,661,1950
1277,673,1950
1259,691,1950
1249,701,1950
1231,719,1950
1223,727,1950
1217,733,1950
1193,757,1950
1181,769,1950
1163,787,1950
1153,797,1950
1129,821,1950
1123,827,1950
1097,853,1950
1093,857,1950
1091,859,1950
1087,863,1950
1069,881,1950
1063,887,1950
1039,911,1950
1031,919,1950
1021,929,1950
1013,937,1950
1009,941,1950
997,953,1950
983,967,1950
1949,3,1952
1933,19,1952
1879,73,1952
1873,79,1952
1801,151,1952
1789,163,1952
1759,193,1952
1753,199,1952
1741,211,1952
1723,229,1952
1669,283,1952
1621,331,1952
1579,373,1952
1543,409,1952
1531,421,1952
1489,463,1952
1453,499,1952
1429,523,1952
1381,571,1952
1321,631,1952
1291,661,1952
1279,673,1952
1213,739,1952
1201,751,1952
1129,823,1952
1123,829,1952
1093,859,1952
1069,883,1952
1033,919,1952
1951,3,1954
1949,5,1954
1931,23,1954
1913,41,1954
1907,47,1954
1901,53,1954
1871,83,1954
1847,107,1954
1823,131,1954
1787,167,1954
1721,233,1954
1697,257,1954
1637,317,1954
1607,347,1954
1601,353,1954
1571,383,1954
1553,401,1954
1523,431,1954
1511,443,1954
1493,461,1954
1487,467,1954
1451,503,1954
1433,521,1954
1367,587,1954
1361,593,1954
1307,647,1954
1301,653,1954
1277,677,1954
1193,761,1954
1181,773,1954
1097,857,1954
1091,863,1954
1013,941,1954
983,971,1954
977,977,1954
1951,5,1956
1949,7,1956
1933,23,1956
1913,43,1956
1889,67,1956
1877,79,1956
1873,83,1956
1867,89,1956
1847,109,1956
1789,167,1956
1783,173,1956
1777,179,1956
1759,197,1956
1733,223,1956
1723,233,1956
1699,257,1956
1693,263,1956
1663,293,1956
1619,337,1956
1609,347,1956
1607,349,1956
1597,359,1956
1583,373,1956
1567,389,1956
1559,397,1956
1523,433,1956
1499,457,1956
1493,463,1956
1489,467,1956
1453,503,1956
1447,509,1956
1433,523,1956
1409,547,1956
1399,557,1956
1303,653,1956
1297,659,1956
1283,673,1956
1279,677,1956
1237,719,1956
1229,727,1956
1223,733,1956
1217,739,1956
1213,743,1956
1187,769,1956
1129,827,1956
1117,839,1956
1103,853,1956
1097,859,1956
1093,863,1956
1069,887,1956
1049,907,1956
1019,937,1956
1009,947,1956
1951,7,1958
1879,79,1958
1861,97,1958
1831,127,1958
1801,157,1958
1777,181,1958
1759,199,1958
1747,211,1958
1627,331,1958
1621,337,1958
1609,349,1958
1579,379,1958
1549,409,1958
1471,487,1958
1459,499,1958
1381,577,1958
1327,631,1958
1297,661,1958
1249,709,1958
1231,727,1958
1201,757,1958
1171,787,1958
1129,829,1958
1051,907,1958
1039,919,1958
1021,937,1958
991,967,1958
1949,11,1960
1931,29,1960
1913,47,1960
1907,53,1960
1901,59,1960
1889,71,1960
1877,83,1960
1871,89,1960
1847,113,1960
1823,137,1960
1811,149,1960
1787,173,1960
1733,227,1960
1721,239,1960
1709,251,1960
1697,263,1960
1667,293,1960
1613,347,1960
1607,353,1960
1601,359,1960
1571,389,1960
1559,401,1960
1511,449,1960
1499,461,1960
1493,467,1960
1481,479,1960
1451,509,1960
1439,521,1960
1373,587,1960
1367,593,1960
1361,599,1960
1319,641,1960
1307,653,1960
1301,659,1960
1283,677,1960
1277,683,1960
1259,701,1960
1217,743,1960
1187,773,1960
1163,797,1960
1151,809,1960
1103,857,1960
1097,863,1960
1049,911,1960
1031,929,1960
1019,941,1960
1013,947,1960
983,977,1960
1951,11,1962
1949,13,1962
1933,29,1962
1931,31,1962
1901,61,1962
1889,73,1962
1879,83,1962
1873,89,1962
1861,101,1962
1831,131,1962
1823,139,1962
1811,151,1962
1789,173,1962
1783,179,1962
1733,229,1962
1723,239,1962
1721,241,1962
1699,263,1962
1693,269,1962
1669,293,1962
1613,349,1962
1609,353,1962
1583,379,1962
1579,383,1962
1553,409,1962
1543,419,1962
1531,431,1962
1523,439,1962
1499,463,1962
1483,479,1962
1471,491,1962
1459,503,1962
1453,509,1962
1439,523,1962
1399,563,1962
1361,601,1962
1321,641,1962
1319,643,1962
1303,659,1962
1301,661,1962
1289,673,1962
1279,683,1962
1229,733,1962
1223,739,1962
1201,761,1962
1193,769,1962
1153,809,1962
1151,811,1962
1123,839,1962
1109,853,1962
1103,859,1962
1051,911,1962
1033,929,1962
1021,941,1962
1009,953,1962
991,971,1962
1951,13,1964
1933,31,1964
1867,97,1964
1861,103,1964
1801,163,1964
1783,181,1964
1753,211,1964
1741,223,1964
1723,241,1964
1693,271,1964
1657,307,1964
1627,337,1964
1597,367,1964
1567,397,1964
1543,421,1964
1531,433,1964
1423,541,1964
1321,643,1964
1303,661,1964
1291,673,1964
1237,727,1964
1231,733,1964
1213,751,1964
1153,811,1964
1087,877,1964
997,967,1964
1949,17,1966
1913,53,1966
1907,59,1966
1877,89,1966
1787,179,1966
1733,233,1966
1709,257,1966
1697,269,1966
1619,347,1966
1613,353,1966
1607,359,1966
1583,383,1966
1523,443,1966
1499,467,1966
1487,479,1966
1409,557,1966
1373,593,1966
1367,599,1966
1319,647,1966
1307,659,1966
1289,677,1966
1283,683,1966
1223,743,1966
1193,773,1966
1109,857,1966
1103,863,1966
1019,947,1966
1013,953,1966
983,983,1966
1951,17,1968
1949,19,1968
1931,37,1968
1907,61,1968
1901,67,1968
1889,79,1968
1879,89,1968
1871,97,1968
1867,101,1968
1861,107,1968
1831,137,1968
1811,157,1968
1801,167,1968
1789,179,1968
1787,181,1968
1777,191,1968
1741,227,1968
1699,269,1968
1697,271,1968
1657,311,1968
1637,331,1968
1621,347,1968
1619,349,1968
1609,359,1968
1601,367,1968
1579,389,1968
1571,397,1968
1567,401,1968
1559,409,1968
1549,419,1968
1511,457,1968
1489,479,1968
1481,487,1968
1459,509,1968
1447,521,1968
1427,541,1968
1399,569,1968
1381,587,1968
1367,601,1968
1361,607,1968
1327,641,1968
1321,647,1968
1307,661,1968
1291,677,1968
1277,691,1968
1259,709,1968
1249,719,1968
1229,739,1968
1217,751,1968
1181,787,1968
1171,797,1968
1129,839,1968
1109,859,1968
1091,877,1968
1087,881,1968
1061,907,1968
1049,919,1968
1039,929,1968
1031,937,1968
1021,947,1968
997,971,1968
991,977,1968
1951,19,1970
1933,37,1970
1873,97,1970
1867,103,1970
1861,109,1970
1831,139,1970
1789,181,1970
1777,193,1970
1759,211,1970
1747,223,1970
1741,229,1970
1699,271,1970
1693,277,1970
1663,307,1970
1657,313,1970
1621,349,1970
1597,373,1970
1549,421,1970
1531,439,1970
1483,487,1970
1471,499,1970
1447,523,1970
1429,541,1970
1423,547,1970
1399,571,1970
1327,643,1970
1297,673,1970
1279,691,1970
1237,733,1970
1231,739,1970
1213,757,1970
1201,769,1970
1117,853,1970
1093,877,1970
1087,883,1970
1063,907,1970
1051,919,1970
1033,937,1970
1949,23,1972
1931,41,1972
1913,59,1972
1901,71,1972
1889,83,1972
1871,101,1972
1823,149,1972
1733,239,1972
1721,251,1972
1709,263,1972
1619,353,1972
1613,359,1972
1583,389,1972
1571,401,1972
1553,419,1972
1523,449,1972
1511,461,1972
1493,479,1972
1481,491,1972
1451,521,1972
1409,563,1972
1373,599,1972
1319,653,1972
1289,683,1972
1229,743,1972
1163,809,1972
1151,821,1972
1109,863,1972
1091,881,1972
1061,911,1972
1031,941,1972
1019,953,1972
1951,23,1974
1933,41,1974
1931,43,1974
1913,61,1974
1907,67,1974
1901,73,1974
1877,97,1974
1873,101,1974
1871,103,1974
1867,107,1974
1861,113,1974
1847,127,1974
1823,151,1974
1811,163,1974
1801,173,1974
1783,191,1974
1777,197,1974
1747,227,1974
1741,233,1974
1733,241,1974
1723,251,1974
1697,277,1974
1693,281,1974
1667,307,1974
1663,311,1974
1657,317,1974
1637,337,1974
1627,347,1974
1621,353,1974
1607,367,1974
1601,373,1974
1553,421,1974
1543,431,1974
1531,443,1974
1511,463,1974
1487,487,1974
1483,491,1974
1471,503,1974
1453,521,1974
1451,523,1974
1433,541,1974
1427,547,1974
1381,593,1974
1373,601,1974
1367,607,1974
1361,613,1974
1327,647,1974
1321,653,1974
1301,673,1974
1297,677,1974
1291,683,1974
1283,691,1974
1231,743,1974
1223,751,1974
1217,757,1974
1213,761,1974
1201,773,1974
1187,787,1974
1163,811,1974
1153,821,1974
1151,823,1974
1117,857,1974
1097,877,1974
1093,881,1974
1091,883,1974
1087,887,1974
1063,911,1974
1033,941,1974
1021,953,1974
997,977,1974
991,983,1974
1973,3,1976
1933,43,1976
1879,97,1976
1873,103,1976
1867,109,1976
1783,193,1976
1777,199,1976
1753,223,1976
1747,229,1976
1699,277,1976
1693,283,1976
1669,307,1976
1663,313,1976
1627,349,1976
1609,367,1976
1597,379,1976
1579,397,1976
1567,409,1976
1543,433,1976
1489,487,1976
1453,523,1976
1429,547,1976
1399,577,1976
1303,673,1976
1249,727,1976
1237,739,1976
1153,823,1976
1123,853,1976
1117,859,1976
1093,883,1976
1069,907,1976
1039,937,1976
1009,967,1976
1973,5,1978
1949,29,1978
1931,47,1978
1907,71,1978
1889,89,1978
1877,101,1978
1871,107,1978
1847,131,1978
1811,167,1978
1787,191,1978
1721,257,1978
1709,269,1978
1697,281,1978
1667,311,1978
1619,359,1978
1559,419,1978
1511,467,1978
1499,479,1978
1487,491,1978
1409,569,1978
1361,617,1978
1319,659,1978
1301,677,1978
1277,701,1978
1259,719,1978
1217,761,1978
1181,797,1978
1151,827,1978
1097,881,1978
1091,887,1978
1049,929,1978
1031,947,1978
1973,7,1980
1951,29,1980
1949,31,1980
1933,47,1980
1913,67,1980
1907,73,1980
1901,79,1980
1879,101,1980
1877,103,1980
1873,107,1980
1871,109,1980
1867,113,1980
1831,149,1980
1823,157,1980
1801,179,1980
1789,191,1980
1787,193,1980
1783,197,1980
1753,227,1980
1747,233,1980
1741,239,1980
1723,257,1980
1709,271,1980
1699,281,1980
1697,283,1980
1669,311,1980
1667,313,1980
1663,317,1980
1627,353,1980
1621,359,1980
1613,367,1980
1607,373,1980
1601,379,1980
1597,383,1980
1583,397,1980
1579,401,1980
1571,409,1980
1559,421,1980
1549,431,1980
1531,449,1980
1523,457,1980
1493,487,1980
1489,491,1980
1481,499,1980
1471,509,1980
1459,521,1980
1439,541,1980
1433,547,1980
1423,557,1980
1409,571,1980
1381,599,1980
1373,607,1980
1367,613,1980
1361,619,1980
1327,653,1980
1321,659,1980
1319,661,1980
1307,673,1980
1303,677,1980
1297,683,1980
1289,691,1980
1279,701,1980
1237,743,1980
1229,751,1980
1223,757,1980
1193,787,1980
1171,809,1980
1153,827,1980
1151,829,1980
1123,857,1980
1117,863,1980
1103,877,1980
1097,883,1980
1093,887,1980
1069,911,1980
1061,919,1980
1051,929,1980
1039,941,1980
1033,947,1980
1013,967,1980
1009,971,1980
997,983,1980
1979,3,1982
1951,31,1982
1879,103,1982
1873,109,1982
1831,151,1982
1801,181,1982
1789,193,1982
1783,199,1982
1759,223,1982
1753,229,1982
1741,241,1982
1699,283,1982
1669,313,1982
1609,373,1982
1549,433,1982
1543,439,1982
1483,499,1982
1459,523,1982
1381,601,1982
1321,661,1982
1291,691,1982
1249,733,1982
1231,751,1982
1213,769,1982
1171,811,1982
1153,829,1982
1129,853,1982
1123,859,1982
1063,919,1982
991,991,1982
1979,5,1984
1973,11,1984
1931,53,1984
1913,71,1984
1901,83,1984
1877,107,1984
1871,113,1984
1847,137,1984
1811,173,1984
1787,197,1984
1733,251,1984
1721,263,1984
1667,317,1984
1637,347,1984
1601,383,1984
1583,401,1984
1553,431,1984
1523,461,1984
1493,491,1984
1481,503,1984
1427,557,1984
1367,617,1984
1307,677,1984
1301,683,1984
1283,701,1984
1223,761,1984
1187,797,1984
1163,821,1984
1103,881,1984
1097,887,1984
1031,953,1984
1013,971,1984
1979,7,1986
1973,13,1986
1949,37,1986
1933,53,1986
1913,73,1986
1907,79,1986
1889,97,1986
1879,107,1986
1877,109,1986
1873,113,1986
1847,139,1986
1823,163,1986
1789,197,1986
1787,199,1986
1759,227,1986
1753,233,1986
1747,239,1986
1723,263,1986
1709,277,1986
1693,293,1986
1669,317,1986
1637,349,1986
1627,359,1986
1619,367,1986
1613,373,1986
1607,379,1986
1597,389,1986
1567,419,1986
1553,433,1986
1543,443,1986
1523,463,1986
1499,487,1986
1487,499,1986
1483,503,1986
1439,547,1986
1429,557,1986
1423,563,1986
1409,577,1986
1399,587,1986
1373,613,1986
1367,619,1986
1327,659,1986
1303,683,1986
1277,709,1986
1259,727,1986
1229,757,1986
1217,769,1986
1213,773,1986
1163,823,1986
1129,857,1986
1123,863,1986
1109,877,1986
1103,883,1986
1049,937,1986
1039,947,1986
1033,953,1986
1019,967,1986
1009,977,1986
1951,37,1988
1879,109,1988
1861,127,1988
1831,157,1988
1789,199,1988
1777,211,1988
1759,229,1988
1747,241,1988
1657,331,1988
1621,367,1988
1609,379,1988
1579,409,1988
1567,421,1988
1549,439,1988
1531,457,1988
1489,499,1988
1447,541,1988
1381,607,1988
1327,661,1988
1297,691,1988
1279,709,1988
1249,739,1988
1237,751,1988
1231,757,1988
1201,787,1988
1129,859,1988
1069,919,1988
1051,937,1988
1021,967,1988
997,991,1988
1987,3,1990
1979,11,1990
1973,17,1990
1949,41,1990
1931,59,1990
1907,83,1990
1901,89,1990
1889,101,1990
1877,113,1990
1823,167,1990
1811,179,1990
1733,257,1990
1721,269,1990
1709,281,1990
1697,293,1990
1637,353,1990
1607,383,1990
1601,389,1990
1571,419,1990
1559,431,1990
1523,467,1990
1511,479,1990
1499,491,1990
1487,503,1990
1481,509,1990
1433,557,1990
1427,563,1990
1373,617,1990
1307,683,1990
1289,701,1990
1229,761,1990
1217,773,1990
1193,797,1990
1181,809,1990
1163,827,1990
1151,839,1990
1109,881,1990
1103,887,1990
1061,929,1990
1049,941,1990
1019,971,1990
1013,977,1990
1987,5,1992
1979,13,1992
1973,19,1992
1951,41,1992
1949,43,1992
1933,59,1992
1931,61,1992
1913,79,1992
1889,103,1992
1879,113,1992
1861,131,1992
1811,181,1992
1801,191,1992
1759,233,1992
1753,239,1992
1741,251,1992
1723,269,1992
1721,271,1992
1709,283,1992
1699,293,1992
1619,373,1992
1613,379,1992
1609,383,1992
1583,409,1992
1571,421,1992
1559,433,1992
1553,439,1992
1549,443,1992
1543,449,1992
1531,461,1992
1493,499,1992
1489,503,1992
1483,509,1992
1471,521,1992
1451,541,1992
1429,563,1992
1423,569,1992
1399,593,1992
1373,619,1992
1361,631,1992
1319,673,1992
1301,691,1992
1291,701,1992
1283,709,1992
1259,733,1992
1249,743,1992
1231,761,1992
1223,769,1992
1181,811,1992
1171,821,1992
1163,829,1992
1153,839,1992
1129,863,1992
1109,883,1992
1063,929,1992
1051,941,1992
1039,953,1992
1021,971,1992
1009,983,1992
1987,7,1994
1951,43,1994
1933,61,1994
1867,127,1994
1831,163,1994
1801,193,1994
1783,211,1994
1753,241,1994
1723,271,1994
1663,331,1994
1657,337,1994
1627,367,1994
1621,373,1994
1597,397,1994
1531,463,1994
1471,523,1994
1453,541,1994
1447,547,1994
1423,571,1994
1381,613,1994
1321,673,1994
1303,691,1994
1237,757,1994
1171,823,1994
1117,877,1994
1087,907,1994
997,997,1994
1993,3,1996
1979,17,1996
1973,23,1996
1949,47,1996
1913,83,1996
1907,89,1996
1889,107,1996
1847,149,1996
1823,173,1996
1733,263,1996
1637,359,1996
1613,383,1996
1607,389,1996
1553,443,1996
1493,503,1996
1487,509,1996
1439,557,1996
1433,563,1996
1427,569,1996
1409,587,1996
1319,677,1996
1277,719,1996
1223,773,1996
1187,809,1996
1109,887,1996
1049,947,1996
1019,977,1996
1013,983,1996
1993,5,1998
1987,11,1998
1979,19,1998
1951,47,1998
1931,67,1998
1901,97,1998
1889,109,1998
1871,127,1998
1867,131,1998
1861,137,1998
1847,151,1998
1831,167,1998
1801,197,1998
1787,211,1998
1759,239,1998
1747,251,1998
1741,257,1998
1721,277,1998
1667,331,1998
1619,379,1998
1609,389,1998
1601,397,1998
1597,401,1998
1579,419,1998
1567,431,1998
1559,439,1998
1549,449,1998
1531,467,1998
1511,487,1998
1499,499,1998
1489,509,1998
1451,547,1998
1429,569,1998
1427,571,1998
1399,599,1998
1381,617,1998
1367,631,1998
1321,677,1998
1307,691,1998
1297,701,1998
1289,709,1998
1279,719,1998
1259,739,1998
1237,761,1998
1229,769,1998
1201,797,1998
1187,811,1998
1171,827,1998
1117,881,1998
1091,907,1998
1087,911,1998
1069,929,1998
1061,937,1998
1051,947,1998
1031,967,1998
1021,977,1998
1997,3,2000
1993,7,2000
1987,13,2000
1933,67,2000
1873,127,2000
1861,139,2000
1801,199,2000
1789,211,2000
1777,223,2000
1759,241,2000
1723,277,2000
1693,307,2000
1669,331,2000
1663,337,2000
1627,373,2000
1621,379,2000
1579,421,2000
1567,433,2000
1543,457,2000
1459,541,2000
1453,547,2000
1429,571,2000
1423,577,2000
1399,601,2000
1381,619,2000
1327,673,2000
1291,709,2000
1249,751,2000
1231,769,2000
1213,787,2000
1171,829,2000
1123,877,2000
1117,883,2000
1093,907,2000
1063,937,2000
1033,967,2000
1009,991,2000
1999,3,2002
1997,5,2002
1979,23,2002
1973,29,2002
1949,53,2002
1931,71,2002
1913,89,2002
1901,101,2002
1889,113,2002
1871,131,2002
1823,179,2002
1811,191,2002
1733,269,2002
1721,281,2002
1709,293,2002
1619,383,2002
1613,389,2002
1601,401,2002
1583,419,2002
1571,431,2002
1559,443,2002
1553,449,2002
1523,479,2002
1511,491,2002
1499,503,2002
1493,509,2002
1481,521,2002
1439,563,2002
1433,569,2002
1409,593,2002
1361,641,2002
1319,683,2002
1301,701,2002
1283,719,2002
1259,743,2002
1229,773,2002
1193,809,2002
1181,821,2002
1163,839,2002
1091,911,2002
1061,941,2002
1049,953,2002
1031,971,2002
1019,983,2002
1999,5,2004
1997,7,2004
1993,11,2004
1987,17,2004
1973,31,2004
1951,53,2004
1933,71,2004
1931,73,2004
1907,97,2004
1901,103,2004
1877,127,2004
1873,131,2004
1867,137,2004
1847,157,2004
1831,173,2004
1823,181,2004
1811,193,2004
1777,227,2004
1753,251,2004
1747,257,2004
1741,263,2004
1733,271,2004
1723,281,2004
1721,283,2004
1697,307,2004
1693,311,2004
1667,337,2004
1657,347,2004
1637,367,2004
1621,383,2004
1607,397,2004
1583,421,2004
1571,433,2004
1543,461,2004
1483,521,2004
1481,523,2004
1447,557,2004
1433,571,2004
1427,577,2004
1373,631,2004
1361,643,2004
1327,677,2004
1321,683,2004
1303,701,2004
1277,727,2004
1231,773,2004
1217,787,2004
1193,811,2004
1181,823,2004
1151,853,2004
1123,881,2004
1117,887,2004
1097,907,2004
1093,911,2004
1063,941,2004
1051,953,2004
1033,971,2004
1021,983,2004
1013,991,2004
2003,3,2006
1999,7,2006
1993,13,2006
1987,19,2006
1933,73,2006
1879,127,2006
1867,139,2006
1783,223,2006
1777,229,2006
1723,283,2006
1699,307,2006
1693,313,2006
1669,337,2006
1657,349,2006
1627,379,2006
1609,397,2006
1597,409,2006
1567,439,2006
1549,457,2006
1543,463,2006
1483,523,2006
1459,547,2006
1429,577,2006
1399,607,2006
1297,709,2006
1279,727,2006
1249,757,2006
1237,769,2006
1153,853,2006
1129,877,2006
1123,883,2006
1087,919,2006
1069,937,2006
1039,967,2006
1009,997,2006
2003,5,2008
1997,11,2008
1979,29,2008
1949,59,2008
1907,101,2008
1901,107,2008
1877,131,2008
1871,137,2008
1811,197,2008
1697,311,2008
1619,389,2008
1607,401,2008
1559,449,2008
1499,509,2008
1487,521,2008
1451,557,2008
1439,569,2008
1409,599,2008
1367,641,2008
1361,647,2008
1307,701,2008
1289,719,2008
1187,821,2008
1181,827,2008
1151,857,2008
1097,911,2008
1061,947,2008
1031,977,2008
2003,7,2010
1999,11,2010
1997,13,2010
1993,17,2010
1987,23,2010
1979,31,2010
1973,37,2010
1951,59,2010
1949,61,2010
1931,79,2010
1913,97,2010
1907,103,2010
1901,109,2010
1879,131,2010
1873,137,2010
1871,139,2010
1861,149,2010
1847,163,2010
1831,179,2010
1811,199,2010
1787,223,2010
1783,227,2010
1777,233,2010
1759,251,2010
1753,257,2010
1747,263,2010
1741,269,2010
1733,277,2010
1699,311,2010
1697,313,2010
1693,317,2010
1663,347,2010
1657,353,2010
1637,373,2010
1627,383,2010
1621,389,2010
1613,397,2010
1609,401,2010
1601,409,2010
1579,431,2010
1571,439,2010
1567,443,2010
1553,457,2010
1549,461,2010
1543,467,2010
1531,479,2010
1523,487,2010
1511,499,2010
1489,521,2010
1487,523,2010
1453,557,2010
1447,563,2010
1439,571,2010
1433,577,2010
1423,587,2010
1409,601,2010
1367,643,2010
1327,683,2010
1319,691,2010
1301,709,2010
1291,719,2010
1283,727,2010
1277,733,2010
1259,751,2010
1249,761,2010
1237,773,2010
1223,787,2010
1213,797,2010
1201,809,2010
1187,823,2010
1181,829,2010
1171,839,2010
1153,857,2010
1151,859,2010
1129,881,2010
1123,887,2010
1103,907,2010
1091,919,2010
1069,941,2010
1063,947,2010
1039,971,2010
1033,977,2010
1019,991,2010
1013,997,2010
1999,13,2012
1993,19,2012
1951,61,2012
1933,79,2012
1873,139,2012
1861,151,2012
1831,181,2012
1801,211,2012
1789,223,2012
1783,229,2012
1741,271,2012
1699,313,2012
1663,349,2012
1579,433,2012
1549,463,2012
1489,523,2012
1471,541,2012
1399,613,2012
1381,631,2012
1321,691,2012
1303,709,2012
1279,733,2012
1201,811,2012
1153,859,2012
1129,883,2012
1093,919,2012
1021,991,2012
2011,3,2014
2003,11,2014
1997,17,2014
1973,41,2014
1931,83,2014
1913,101,2014
1907,107,2014
1901,113,2014
1877,137,2014
1847,167,2014
1823,191,2014
1787,227,2014
1733,281,2014
1721,293,2014
1697,317,2014
1667,347,2014
1613,401,2014
1583,431,2014
1571,443,2014
1553,461,2014
1523,491,2014
1511,503,2014
1493,521,2014
1451,563,2014
1427,587,2014
1373,641,2014
1367,647,2014
1361,653,2014
1217,797,2014
1193,821,2014
1187,827,2014
1151,863,2014
1103,911,2014
1061,953,2014
1031,983,2014
2011,5,2016
2003,13,2016
1999,17,2016
1997,19,2016
1993,23,2016
1987,29,2016
1979,37,2016
1973,43,2016
1949,67,2016
1933,83,2016
1913,103,2016
1907,109,2016
1889,127,2016
1879,137,2016
1877,139,2016
1867,149,2016
1823,193,2016
1789,227,2016
1787,229,2016
1783,233,2016
1777,239,2016
1759,257,2016
1753,263,2016
1747,269,2016
1733,283,2016
1723,293,2016
1709,307,2016
1699,317,2016
1669,347,2016
1667,349,2016
1663,353,2016
1657,359,2016
1637,379,2016
1627,389,2016
1619,397,2016
1607,409,2016
1597,419,2016
1583,433,2016
1567,449,2016
1559,457,2016
1553,463,2016
1549,467,2016
1493,523,2016
1459,557,2016
1453,563,2016
1447,569,2016
1439,577,2016
1429,587,2016
1423,593,2016
1409,607,2016
1399,617,2016
1373,643,2016
1307,709,2016
1297,719,2016
1289,727,2016
1283,733,2016
1277,739,2016
1259,757,2016
1229,787,2016
1193,823,2016
1187,829,2016
1163,853,2016
1153,863,2016
1129,887,2016
1109,907,2016
1097,919,2016
1087,929,2016
1069,947,2016
1063,953,2016
1049,967,2016
1039,977,2016
1033,983,2016
1019,997,2016
2011,7,2018
1999,19,2018
1987,31,2018
1951,67,2018
1879,139,2018
1867,151,2018
1861,157,2018
1789,229,2018
1777,241,2018
1747,271,2018
1741,277,2018
1669,349,2018
1621,397,2018
1609,409,2018
1597,421,2018
1579,439,2018
1531,487,2018
1471,547,2018
1447,571,2018
1399,619,2018
1327,691,2018
1291,727,2018
1279,739,2018
1249,769,2018
1231,787,2018
1051,967,2018
1021,997,2018
1009,1009,2018
2017,3,2020
2003,17,2020
1997,23,2020
1979,41,2020
1973,47,2020
1949,71,2020
1931,89,2020
1913,107,2020
1907,113,2020
1889,131,2020
1871,149,2020
1847,173,2020
1823,197,2020
1787,233,2020
1709,311,2020
1667,353,2020
1637,383,2020
1619,401,2020
1601,419,2020
1571,449,2020
1559,461,2020
1553,467,2020
1511,509,2020
1499,521,2020
1451,569,2020
1433,587,2020
1427,593,2020
1373,647,2020
1367,653,2020
1361,659,2020
1319,701,2020
1301,719,2020
1277,743,2020
1259,761,2020
1223,797,2020
1193,827,2020
1181,839,2020
1163,857,2020
1109,911,2020
1091,929,2020
1049,971,2020
2017,5,2022
2011,11,2022
2003,19,2022
1999,23,2022
1993,29,2022
1979,43,2022
1951,71,2022
1949,73,2022
1933,89,2022
1913,109,2022
1873,149,2022
1871,151,2022
1831,191,2022
1823,199,2022
1811,211,2022
1789,233,2022
1783,239,2022
1759,263,2022
1753,269,2022
1741,281,2022
1709,313,2022
1669,353,2022
1663,359,2022
1621,401,2022
1613,409,2022
1601,421,2022
1583,439,2022
1579,443,2022
1559,463,2022
1543,479,2022
1531,491,2022
1523,499,2022
1499,523,2022
1481,541,2022
1459,563,2022
1453,569,2022
1451,571,2022
1429,593,2022
1423,599,2022
1409,613,2022
1381,641,2022
1361,661,2022
1321,701,2022
1303,719,2022
1289,733,2022
1283,739,2022
1279,743,2022
1249,773,2022
1213,809,2022
1201,821,2022
1193,829,2022
1163,859,2022
1103,919,2022
1093,929,2022
1069,953,2022
1051,971,2022
1039,983,2022
1031,991,2022
1013,1009,2022
2017,7,2024
2011,13,2024
1993,31,2024
1987,37,2024
1951,73,2024
1873,151,2024
1867,157,2024
1861,163,2024
1831,193,2024
1801,223,2024
1783,241,2024
1753,271,2024
1747,277,2024
1741,283,2024
1693,331,2024
1657,367,2024
1627,397,2024
1567,457,2024
1483,541,2024
1453,571,2024
1447,577,2024
1423,601,2024
1381,643,2024
1297,727,2024
1291,733,2024
1237,787,2024
1213,811,2024
1201,823,2024
1171,853,2024
1117,907,2024
1087,937,2024
1033,991,2024
2003,23,2026
1997,29,2026
1979,47,2026
1973,53,2026
1913,113,2026
1889,137,2026
1877,149,2026
1847,179,2026
1787,239,2026
1733,293,2026
1709,317,2026
1667,359,2026
1637,389,2026
1607,419,2026
1583,443,2026
1559,467,2026
1523,503,2026
1439,587,2026
1433,593,2026
1427,599,2026
1409,617,2026
1373,653,2026
1367,659,2026
1307,719,2026
1283,743,2026
1229,797,2026
1217,809,2026
1187,839,2026
1163,863,2026
1097,929,2026
1049,977,2026
1013,1013,2026
2017,11,2028
2011,17,2028
1999,29,2028
1997,31,2028
1987,41,2028
1949,79,2028
1931,97,2028
1901,127,2028
1889,139,2028
1879,149,2028
1877,151,2028
1871,157,2028
1861,167,2028
1847,181,2028
1831,197,2028
1801,227,2028
1789,239,2028
1787,241,2028
1777,251,2028
1759,269,2028
1747,281,2028
1721,307,2028
1697,331,2028
1669,359,2028
1627,401,2028
1619,409,2028
1609,419,2028
1607,421,2028
1597,431,2028
1579,449,2028
1571,457,2028
1567,461,2028
1549,479,2028
1487,541,2028
1481,547,2028
1471,557,2028
1459,569,2028
1451,577,2028
1429,599,2028
1427,601,2028
1409,619,2028
1381,647,2028
1367,661,2028
1327,701,2028
1319,709,2028
1301,727,2028
1289,739,2028
1277,751,2028
1259,769,2028
1231,797,2028
1217,811,2028
1201,827,2028
1171,857,2028
1151,877,2028
1117,911,2028
1109,919,2028
1091,937,2028
1087,941,2028
1061,967,2028
1051,977,2028
1031,997,2028
1019,1009,2028
2027,3,2030
2017,13,2030
2011,19,2030
1999,31,2030
1993,37,2030
1987,43,2030
1951,79,2030
1933,97,2030
1879,151,2030
1873,157,2030
1867,163,2030
1831,199,2030
1801,229,2030
1789,241,2030
1759,271,2030
1753,277,2030
1747,283,2030
1723,307,2030
1699,331,2030
1693,337,2030
1663,367,2030
1657,373,2030
1621,409,2030
1609,421,2030
1597,433,2030
1567,463,2030
1543,487,2030
1531,499,2030
1489,541,2030
1483,547,2030
1459,571,2030
1453,577,2030
1429,601,2030
1423,607,2030
1399,631,2030
1321,709,2030
1303,727,2030
1297,733,2030
1291,739,2030
1279,751,2030
1201,829,2030
1171,859,2030
1153,877,2030
1123,907,2030
1093,937,2030
1063,967,2030
1039,991,2030
1033,997,2030
1021,1009,2030
2029,3,2032
2027,5,2032
2003,29,2032
1979,53,2032
1973,59,2032
1949,83,2032
1931,101,2032
1901,131,2032
1721,311,2032
1613,419,2032
1601,431,2032
1583,449,2032
1571,461,2032
1553,479,2032
1523,509,2032
1511,521,2032
1439,593,2032
1433,599,2032
1373,659,2032
1289,743,2032
1259,773,2032
1223,809,2032
1193,839,2032
1151,881,2032
1103,929,2032
1091,941,2032
1061,971,2032
1049,983,2032
1019,1013,2032
2029,5,2034
2027,7,2034
2017,17,2034
2011,23,2034
2003,31,2034
1997,37,2034
1993,41,2034
1987,47,2034
1973,61,2034
1951,83,2034
1933,101,2034
1931,103,2034
1907,127,2034
1877,157,2034
1871,163,2034
1867,167,2034
1861,173,2034
1823,211,2034
1811,223,2034
1801,233,2034
1783,251,2034
1777,257,2034
1753,281,2034
1741,293,2034
1723,311,2034
1721,313,2034
1697,337,2034
1667,367,2034
1637,397,2034
1613,421,2034
1601,433,2034
1571,463,2034
1567,467,2034
1543,491,2034
1531,503,2034
1511,523,2034
1493,541,2034
1487,547,2034
1471,563,2034
1447,587,2034
1433,601,2034
1427,607,2034
1381,653,2034
1373,661,2034
1361,673,2034
1307,727,2034
1301,733,2034
1291,743,2034
1283,751,2034
1277,757,2034
1237,797,2034
1223,811,2034
1213,821,2034
1181,853,2034
1171,863,2034
1153,881,2034
1151,883,2034
1123,911,2034
1097,937,2034
1093,941,2034
1087,947,2034
1063,971,2034
1051,983,2034
1021,1013,2034
2029,7,2036
2017,19,2036
1999,37,2036
1993,43,2036
1933,103,2036
1879,157,2036
1873,163,2036
1759,277,2036
1753,283,2036
1723,313,2036
1699,337,2036
1669,367,2036
1663,373,2036
1657,379,2036
1627,409,2036
1597,439,2036
1579,457,2036
1549,487,2036
1489,547,2036
1459,577,2036
1429,607,2036
1423,613,2036
1327,709,2036
1303,733,2036
1297,739,2036
1279,757,2036
1249,787,2036
1213,823,2036
1153,883,2036
1129,907,2036
1117,919,2036
1069,967,2036
1039,997,2036
2027,11,2038
1997,41,2038
1979,59,2038
1949,89,2038
1931,107,2038
1907,131,2038
1901,137,2038
1889,149,2038
1871,167,2038
1847,191,2038
1811,227,2038
1787,251,2038
1721,317,2038
1637,401,2038
1619,419,2038
1607,431,2038
1571,467,2038
1559,479,2038
1481,557,2038
1451,587,2038
1439,599,2038
1361,677,2038
1319,719,2038
1277,761,2038
1229,809,2038
1217,821,2038
1181,857,2038
1151,887,2038
1109,929,2038
1097,941,2038
1091,947,2038
1061,977,2038
1019,1019,2038
2029,11,2040
2027,13,2040
2017,23,2040
2011,29,2040
2003,37,2040
1999,41,2040
1997,43,2040
1993,47,2040
1987,53,2040
1979,61,2040
1973,67,2040
1951,89,2040
1933,107,2040
1931,109,2040
1913,127,2040
1901,139,2040
1889,151,2040
1877,163,2040
1873,167,2040
1867,173,2040
1861,179,2040
1847,193,2040
1811,229,2040
1801,239,2040
1789,251,2040
1783,257,2040
1777,263,2040
1759,281,2040
1747,293,2040
1733,307,2040
1723,317,2040
1709,331,2040
1693,347,2040
1667,373,2040
1657,383,2040
1621,419,2040
1619,421,2040
1609,431,2040
1607,433,2040
1601,439,2040
1597,443,2040
1583,457,2040
1579,461,2040
1553,487,2040
1549,491,2040
1531,509,2040
1499,541,2040
1493,547,2040
1483,557,2040
1471,569,2040
1453,587,2040
1447,593,2040
1439,601,2040
1433,607,2040
1427,613,2040
1423,617,2040
1409,631,2040
1399,641,2040
1381,659,2040
1367,673,2040
1321,719,2040
1307,733,2040
1301,739,2040
1297,743,2040
1289,751,2040
1283,757,2040
1279,761,2040
1231,809,2040
1229,811,2040
1217,823,2040
1213,827,2040
1201,839,2040
1187,853,2040
1181,859,2040
1163,877,2040
1153,887,2040
1129,911,2040
1103,937,2040
1093,947,2040
1087,953,2040
1069,971,2040
1063,977,2040
1049,991,2040
1031,1009,2040
1021,1019,2040
2039,3,2042
2029,13,2042
2011,31,2042
1999,43,2042
1933,109,2042
1879,163,2042
1861,181,2042
1831,211,2042
1801,241,2042
1759,283,2042
1693,349,2042
1669,373,2042
1663,379,2042
1621,421,2042
1609,433,2042
1579,463,2042
1543,499,2042
1471,571,2042
1429,613,2042
1423,619,2042
1399,643,2042
1381,661,2042
1303,739,2042
1291,751,2042
1231,811,2042
1213,829,2042
1123,919,2042
1051,991,2042
1033,1009,2042
1021,1021,2042
2039,5,2044
2027,17,2044
2003,41,2044
1997,47,2044
1973,71,2044
1931,113,2044
1913,131,2044
1907,137,2044
1877,167,2044
1871,173,2044
1847,197,2044
1811,233,2044
1787,257,2044
1733,311,2044
1697,347,2044
1613,431,2044
1601,443,2044
1583,461,2044
1553,491,2044
1523,521,2044
1487,557,2044
1481,563,2044
1451,593,2044
1427,617,2044
1367,677,2044
1361,683,2044
1301,743,2044
1283,761,2044
1223,821,2044
1217,827,2044
1187,857,2044
1181,863,2044
1163,881,2044
1103,941,2044
1097,947,2044
1091,953,2044
1061,983,2044
1031,1013,2044
2039,7,2046
2029,17,2046
2027,19,2046
2017,29,2046
2003,43,2046
1999,47,2046
1993,53,2046
1987,59,2046
1979,67,2046
1973,73,2046
1949,97,2046
1933,113,2046
1907,139,2046
1889,157,2046
1879,167,2046
1873,173,2046
1867,179,2046
1847,199,2046
1823,223,2046
1789,257,2046
1783,263,2046
1777,269,2046
1753,293,2046
1733,313,2046
1709,337,2046
1699,347,2046
1697,349,2046
1693,353,2046
1667,379,2046
1663,383,2046
1657,389,2046
1637,409,2046
1627,419,2046
1613,433,2046
1607,439,2046
1597,449,2046
1583,463,2046
1579,467,2046
1567,479,2046
1559,487,2046
1543,503,2046
1523,523,2046
1499,547,2046
1489,557,2046
1483,563,2046
1459,587,2046
1453,593,2046
1447,599,2046
1439,607,2046
1433,613,2046
1429,617,2046
1427,619,2046
1399,647,2046
1373,673,2046
1327,719,2046
1319,727,2046
1307,739,2046
1303,743,2046
1289,757,2046
1277,769,2046
1259,787,2046
1249,797,2046
1237,809,2046
1223,823,2046
1217,829,2046
1193,853,2046
1187,859,2046
1163,883,2046
1117,929,2046
1109,937,2046
1093,953,2046
1069,977,2046
1063,983,2046
1049,997,2046
1033,1013,2046
2029,19,2048
2017,31,2048
2011,37,2048
1987,61,2048
1951,97,2048
1867,181,2048
1777,271,2048
1741,307,2048
1699,349,2048
1669,379,2048
1627,421,2048
1609,439,2048
1549,499,2048
1471,577,2048
1447,601,2048
1429,619,2048
1321,727,2048
1297,751,2048
1291,757,2048
1279,769,2048
1237,811,2048
1171,877,2048
1129,919,2048
1051,997,2048
1039,1009,2048
2039,11,2050
2027,23,2050
2003,47,2050
1997,53,2050
1979,71,2050
1949,101,2050
1913,137,2050
1901,149,2050
1877,173,2050
1871,179,2050
1823,227,2050
1811,239,2050
1787,263,2050
1733,317,2050
1697,353,2050
1667,383,2050
1619,431,2050
1607,443,2050
1601,449,2050
1583,467,2050
1571,479,2050
1559,491,2050
1493,557,2050
1487,563,2050
1481,569,2050
1451,599,2050
1433,617,2050
1409,641,2050
1373,677,2050
1367,683,2050
1307,743,2050
1289,761,2050
1277,773,2050
1229,821,2050
1223,827,2050
1193,857,2050
1187,863,2050
1163,887,2050
1109,941,2050
1103,947,2050
1097,953,2050
1031,1019,2050
2039,13,2052
2029,23,2052
2011,41,2052
1999,53,2052
1993,59,2052
1979,73,2052
1973,79,2052
1951,101,2052
1949,103,2052
1913,139,2052
1901,151,2052
1889,163,2052
1879,173,2052
1873,179,2052
1871,181,2052
1861,191,2052
1823,229,2052
1811,241,2052
1801,251,2052
1789,263,2052
1783,269,2052
1759,293,2052
1741,311,2052
1721,331,2052
1699,353,2052
1693,359,2052
1669,383,2052
1663,389,2052
1621,431,2052
1619,433,2052
1613,439,2052
1609,443,2052
1553,499,2052
1549,503,2052
1543,509,2052
1531,521,2052
1511,541,2052
1489,563,2052
1483,569,2052
1481,571,2052
1459,593,2052
1453,599,2052
1451,601,2052
1439,613,2052
1433,619,2052
1409,643,2052
1399,653,2052
1361,691,2052
1319,733,2052
1301,751,2052
1291,761,2052
1283,769,2052
1279,773,2052
1231,821,2052
1229,823,2052
1223,829,2052
1213,839,2052
1193,859,2052
1171,881,2052
1123,929,2052
1069,983,2052
1061,991,2052
1039,1013,2052
1033,1019,2052
1031,1021,2052
2017,37,2054
2011,43,2054
1993,61,2054
1987,67,2054
1951,103,2054
1873,181,2054
1861,193,2054
1831,223,2054
1783,271,2054
1777,277,2054
1747,307,2054
1741,313,2054
1723,331,2054
1657,397,2054
1621,433,2054
1597,457,2054
1567,487,2054
1531,523,2054
1483,571,2054
1453,601,2054
1447,607,2054
1423,631,2054
1381,673,2054
1327,727,2054
1321,733,2054
1303,751,2054
1297,757,2054
1231,823,2054
1201,853,2054
1171,883,2054
1117,937,2054
1087,967,2054
1063,991,2054
1033,1021,2054
2053,3,2056
2039,17,2056
2027,29,2056
2003,53,2056
1997,59,2056
1973,83,2056
1949,107,2056
1907,149,2056
1889,167,2056
1877,179,2056
1823,233,2056
1787,269,2056
1709,347,2056
1697,359,2056
1667,389,2056
1637,419,2056
1613,443,2056
1607,449,2056
1553,503,2056
1499,557,2056
1493,563,2056
1487,569,2056
1439,617,2056
1409,647,2056
1373,683,2056
1283,773,2056
1259,797,2056
1229,827,2056
1217,839,2056
1193,863,2056
1109,947,2056
1103,953,2056
2053,5,2058
2039,19,2058
2029,29,2058
2027,31,2058
2017,41,2058
2011,47,2058
1999,59,2058
1997,61,2058
1987,71,2058
1979,79,2058
1951,107,2058
1949,109,2058
1931,127,2058
1907,151,2058
1901,157,2058
1879,179,2058
1877,181,2058
1867,191,2058
1861,197,2058
1847,211,2058
1831,227,2058
1801,257,2058
1789,269,2058
1787,271,2058
1777,281,2058
1747,311,2058
1741,317,2058
1721,337,2058
1709,349,2058
1699,359,2058
1669,389,2058
1657,401,2058
1637,421,2058
1627,431,2058
1619,439,2058
1609,449,2058
1601,457,2058
1597,461,2058
1579,479,2058
1571,487,2058
1567,491,2058
1559,499,2058
1549,509,2058
1511,547,2058
1489,569,2058
1487,571,2058
1481,577,2058
1471,587,2058
1459,599,2058
1451,607,2058
1439,619,2058
1427,631,2058
1399,659,2058
1381,677,2058
1367,691,2058
1319,739,2058
1307,751,2058
1301,757,2058
1297,761,2058
1289,769,2058
1249,809,2058
1237,821,2058
1231,827,2058
1229,829,2058
1201,857,2058
1181,877,2058
1171,887,2058
1151,907,2058
1129,929,2058
1117,941,2058
1091,967,2058
1087,971,2058
1061,997,2058
1049,1009,2058
1039,1019,2058
2053,7,2060
2029,31,2060
2017,43,2060
1999,61,2060
1993,67,2060
1987,73,2060
1951,109,2060
1933,127,2060
1879,181,2060
1867,193,2060
1861,199,2060
1831,229,2060
1789,271,2060
1783,277,2060
1777,283,2060
1753,307,2060
1747,313,2060
1723,337,2060
1693,367,2060
1663,397,2060
1627,433,2060
1621,439,2060
1597,463,2060
1489,571,2060
1483,577,2060
1459,601,2060
1453,607,2060
1447,613,2060
1429,631,2060
1399,661,2060
1327,733,2060
1321,739,2060
1303,757,2060
1291,769,2060
1249,811,2060
1237,823,2060
1231,829,2060
1201,859,2060
1153,907,2060
1123,937,2060
1093,967,2060
1069,991,2060
1063,997,2060
1051,1009,2060
1039,1021,2060
2039,23,2062
2003,59,2062
1979,83,2062
1973,89,2062
1949,113,2062
1931,131,2062
1913,149,2062
1889,173,2062
1871,191,2062
1823,239,2062
1811,251,2062
1709,353,2062
1619,443,2062
1613,449,2062
1601,461,2062
1583,479,2062
1571,491,2062
1559,503,2062
1553,509,2062
1499,563,2062
1493,569,2062
1409,653,2062
1361,701,2062
1319,743,2062
1301,761,2062
1289,773,2062
1223,839,2062
1181,881,2062
1151,911,2062
1109,953,2062
1091,971,2062
1049,1013,2062
1031,1031,2062
2053,11,2064
2027,37,2064
2017,47,2064
2011,53,2064
2003,61,2064
1997,67,2064
1993,71,2064
1951,113,2064
1933,131,2064
1913,151,2064
1907,157,2064
1901,163,2064
1873,191,2064
1871,193,2064
1867,197,2064
1831,233,2064
1823,241,2064
1801,263,2064
1787,277,2064
1783,281,2064
1753,311,2064
1747,317,2064
1733,331,2064
1697,367,2064
1667,397,2064
1663,401,2064
1621,443,2064
1607,457,2064
1601,463,2064
1597,467,2064
1543,521,2064
1523,541,2064
1493,571,2064
1487,577,2064
1471,593,2064
1451,613,2064
1447,617,2064
1433,631,2064
1423,641,2064
1381,683,2064
1373,691,2064
1321,743,2064
1307,757,2064
1303,761,2064
1291,773,2064
1277,787,2064
1237,827,2064
1201,863,2064
1187,877,2064
1181,883,2064
1153,911,2064
1123,941,2064
1117,947,2064
1097,967,2064
1093,971,2064
1087,977,2064
1051,1013,2064
1033,1031,2064
2063,3,2066
2053,13,2066
2029,37,2066
1999,67,2066
1993,73,2066
1987,79,2066
1873,193,2066
1867,199,2066
1789,277,2066
1783,283,2066
1759,307,2066
1753,313,2066
1699,367,2066
1693,373,2066
1669,397,2066
1657,409,2066
1627,439,2066
1609,457,2066
1579,487,2066
1567,499,2066
1543,523,2066
1489,577,2066
1459,607,2066
1453,613,2066
1447,619,2066
1423,643,2066
1327,739,2066
1297,769,2066
1279,787,2066
1237,829,2066
1213,853,2066
1129,937,2066
1069,997,2066
1033,1033,2066
2063,5,2068
2039,29,2068
2027,41,2068
1997,71,2068
1979,89,2068
1931,137,2068
1901,167,2068
1889,179,2068
1877,191,2068
1871,197,2068
1811,257,2068
1787,281,2068
1721,347,2068
1709,359,2068
1667,401,2068
1637,431,2068
1619,449,2068
1607,461,2068
1601,467,2068
1559,509,2068
1511,557,2068
1499,569,2068
1481,587,2068
1451,617,2068
1427,641,2068
1409,659,2068
1367,701,2068
1307,761,2068
1259,809,2068
1229,839,2068
1187,881,2068
1181,887,2068
1097,971,2068
1091,977,2068
1049,1019,2068
2063,7,2070
2053,17,2070
2039,31,2070
2029,41,2070
2027,43,2070
2017,53,2070
2011,59,2070
2003,67,2070
1999,71,2070
1997,73,2070
1987,83,2070
1973,97,2070
1933,137,2070
1931,139,2070
1913,157,2070
1907,163,2070
1889,181,2070
1879,191,2070
1877,193,2070
1873,197,2070
1871,199,2070
1847,223,2070
1831,239,2070
1801,269,2070
1789,281,2070
1787,283,2070
1777,293,2070
1759,311,2070
1753,317,2070
1733,337,2070
1723,347,2070
1721,349,2070
1697,373,2070
1669,401,2070
1637,433,2070
1627,443,2070
1621,449,2070
1613,457,2070
1609,461,2070
1607,463,2070
1583,487,2070
1579,491,2070
1571,499,2070
1567,503,2070
1549,521,2070
1523,547,2070
1499,571,2070
1493,577,2070
1483,587,2070
1471,599,2070
1453,617,2070
1451,619,2070
1439,631,2070
1429,641,2070
1427,643,2070
1423,647,2070
1409,661,2070
1361,709,2070
1327,743,2070
1319,751,2070
1301,769,2070
1297,773,2070
1283,787,2070
1259,811,2070
1249,821,2070
1231,839,2070
1217,853,2070
1213,857,2070
1193,877,2070
1187,883,2070
1163,907,2070
1151,919,2070
1129,941,2070
1123,947,2070
1117,953,2070
1103,967,2070
1093,977,2070
1087,983,2070
1061,1009,2070
1051,1019,2070
1049,1021,2070
1039,1031,2070
2069,3,2072
2053,19,2072
2029,43,2072
2011,61,2072
1999,73,2072
1993,79,2072
1933,139,2072
1879,193,2072
1873,199,2072
1861,211,2072
1831,241,2072
1801,271,2072
1789,283,2072
1759,313,2072
1741,331,2072
1723,349,2072
1699,373,2072
1693,379,2072
1663,409,2072
1609,463,2072
1549,523,2072
1531,541,2072
1471,601,2072
1459,613,2072
1453,619,2072
1429,643,2072
1399,673,2072
1381,691,2072
1321,751,2072
1303,769,2072
1249,823,2072
1213,859,2072
1153,919,2072
1063,1009,2072
1051,1021,2072
1039,1033,2072
2069,5,2074
2063,11,2074
2027,47,2074
2003,71,2074
1973,101,2074
1907,167,2074
1901,173,2074
1877,197,2074
1847,227,2074
1823,251,2074
1811,263,2074
1721,353,2074
1613,461,2074
1607,467,2074
1583,491,2074
1571,503,2074
1553,521,2074
1511,563,2074
1487,587,2074
1481,593,2074
1433,641,2074
1427,647,2074
1373,701,2074
1301,773,2074
1277,797,2074
1217,857,2074
1193,881,2074
1187,887,2074
1163,911,2074
1103,971,2074
1097,977,2074
1091,983,2074
1061,1013,2074
2069,7,2076
2063,13,2076
2053,23,2076
2039,37,2076
2029,47,2076
2017,59,2076
2003,73,2076
1997,79,2076
1993,83,2076
1987,89,2076
1979,97,2076
1973,103,2076
1949,127,2076
1913,163,2076
1879,197,2076
1877,199,2076
1847,229,2076
1783,293,2076
1759,317,2076
1723,353,2076
1709,367,2076
1697,379,2076
1693,383,2076
1667,409,2076
1657,419,2076
1637,439,2076
1627,449,2076
1619,457,2076
1613,463,2076
1609,467,2076
1597,479,2076
1567,509,2076
1553,523,2076
1499,577,2076
1489,587,2076
1483,593,2076
1459,617,2076
1433,643,2076
1429,647,2076
1423,653,2076
1399,677,2076
1367,709,2076
1319,757,2076
1307,769,2076
1303,773,2076
1289,787,2076
1279,797,2076
1249,827,2076
1237,839,2076
1223,853,2076
1217,859,2076
1213,863,2076
1193,883,2076
1129,947,2076
1123,953,2076
1109,967,2076
1093,983,2076
1063,1013,2076
2017,61,2078
2011,67,2078
1999,79,2078
1951,127,2078
1879,199,2078
1867,211,2078
1801,277,2078
1747,331,2078
1741,337,2078
1699,379,2078
1669,409,2078
1657,421,2078
1621,457,2078
1579,499,2078
1531,547,2078
1471,607,2078
1459,619,2078
1447,631,2078
1327,751,2078
1321,757,2078
1291,787,2078
1249,829,2078
1201,877,2078
1171,907,2078
1087,991,2078
1069,1009,2078
1039,1039,2078
2069,11,2080
2063,17,2080
2039,41,2080
2027,53,2080
1997,83,2080
1979,101,2080
1973,107,2080
1949,131,2080
1931,149,2080
1913,167,2080
1907,173,2080
1901,179,2080
1889,191,2080
1847,233,2080
1823,257,2080
1811,269,2080
1787,293,2080
1733,347,2080
1721,359,2080
1697,383,2080
1637,443,2080
1619,461,2080
1613,467,2080
1601,479,2080
1571,509,2080
1559,521,2080
1523,557,2080
1511,569,2080
1493,587,2080
1487,593,2080
1481,599,2080
1439,641,2080
1433,647,2080
1427,653,2080
1361,719,2080
1319,761,2080
1307,773,2080
1283,797,2080
1259,821,2080
1223,857,2080
1217,863,2080
1193,887,2080
1151,929,2080
1109,971,2080
1103,977,2080
1097,983,2080
1061,1019,2080
1049,1031,2080
2069,13,2082
2063,19,2082
2053,29,2082
2039,43,2082
2029,53,2082
2011,71,2082
2003,79,2082
1999,83,2082
1993,89,2082
1979,103,2082
1973,109,2082
1951,131,2082
1933,149,2082
1931,151,2082
1901,181,2082
1889,193,2082
1871,211,2082
1831,251,2082
1811,271,2082
1801,281,2082
1789,293,2082
1733,349,2082
1723,359,2082
1709,373,2082
1699,383,2082
1693,389,2082
1663,419,2082
1621,461,2082
1619,463,2082
1583,499,2082
1579,503,2082
1559,523,2082
1511,571,2082
1489,593,2082
1483,599,2082
1481,601,2082
1451,631,2082
1439,643,2082
1429,653,2082
1423,659,2082
1409,673,2082
1399,683,2082
1381,701,2082
1373,709,2082
1321,761,2082
1259,823,2082
1229,853,2082
1223,859,2082
1201,881,2082
1171,911,2082
1163,919,2082
1153,929,2082
1129,953,2082
1091,991,2082
1069,1013,2082
1063,1019,2082
1061,1021,2082
1051,1031,2082
1049,1033,2082
2081,3,2084
2053,31,2084
2017,67,2084
2011,73,2084
1987,97,2084
1933,151,2084
1873,211,2084
1861,223,2084
1801,283,2084
1777,307,2084
1753,331,2084
1747,337,2084
1663,421,2084
1627,457,2084
1621,463,2084
1597,487,2084
1543,541,2084
1483,601,2084
1471,613,2084
1453,631,2084
1423,661,2084
1327,757,2084
1297,787,2084
1231,853,2084
1201,883,2084
1117,967,2084
1093,991,2084
1087,997,2084
1063,1021,2084
1051,1033,2084
2083,3,2086
2081,5,2086
2069,17,2086
2063,23,2086
2039,47,2086
2027,59,2086
2003,83,2086
1997,89,2086
1979,107,2086
1973,113,2086
1949,137,2086
1913,173,2086
1907,179,2086
1889,197,2086
1847,239,2086
1823,263,2086
1733,353,2086
1697,389,2086
1667,419,2086
1637,449,2086
1619,467,2086
1607,479,2086
1583,503,2086
1523,563,2086
1499,587,2086
1493,593,2086
1487,599,2086
1439,647,2086
1433,653,2086
1427,659,2086
1409,677,2086
1367,719,2086
1289,797,2086
1277,809,2086
1259,827,2086
1229,857,2086
1223,863,2086
1109,977,2086
1103,983,2086
2083,5,2088
2081,7,2088
2069,19,2088
2029,59,2088
2027,61,2088
2017,71,2088
1999,89,2088
1987,101,2088
1979,109,2088
1951,137,2088
1949,139,2088
1931,157,2088
1907,181,2088
1889,199,2088
1877,211,2088
1861,227,2088
1847,241,2088
1831,257,2088
1811,277,2088
1777,311,2088
1741,347,2088
1721,367,2088
1709,379,2088
1699,389,2088
1669,419,2088
1667,421,2088
1657,431,2088
1627,461,2088
1621,467,2088
1609,479,2088
1601,487,2088
1597,491,2088
1579,509,2088
1567,521,2088
1531,557,2088
1511,577,2088
1489,599,2088
1487,601,2088
1481,607,2088
1471,617,2088
1447,641,2088
1429,659,2088
1427,661,2088
1361,727,2088
1327,761,2088
1319,769,2088
1301,787,2088
1291,797,2088
1279,809,2088
1277,811,2088
1259,829,2088
1249,839,2088
1231,857,2088
1229,859,2088
1201,887,2088
1181,907,2088
1151,937,2088
1117,971,2088
1097,991,2088
1091,997,2088
1069,1019,2088
1049,1039,2088
2087,3,2090
2083,7,2090
2053,37,2090
2029,61,2090
2017,73,2090
2011,79,2090
1993,97,2090
1987,103,2090
1951,139,2090
1933,157,2090
1879,211,2090
1867,223,2090
1861,229,2090
1783,307,2090
1777,313,2090
1759,331,2090
1753,337,2090
1741,349,2090
1723,367,2090
1693,397,2090
1669,421,2090
1657,433,2090
1627,463,2090
1567,523,2090
1549,541,2090
1543,547,2090
1489,601,2090
1483,607,2090
1471,619,2090
1459,631,2090
1447,643,2090
1429,661,2090
1399,691,2090
1381,709,2090
1321,769,2090
1303,787,2090
1279,811,2090
1237,853,2090
1231,859,2090
1213,877,2090
1171,919,2090
1153,937,2090
1123,967,2090
1093,997,2090
1069,1021,2090
1051,1039,2090
2089,3,2092
2087,5,2092
2081,11,2092
2069,23,2092
2063,29,2092
2039,53,2092
2003,89,2092
1979,113,2092
1913,179,2092
1901,191,2092
1823,269,2092
1811,281,2092
1733,359,2092
1709,383,2092
1613,479,2092
1601,491,2092
1583,509,2092
1571,521,2092
1523,569,2092
1499,593,2092
1493,599,2092
1451,641,2092
1439,653,2092
1433,659,2092
1409,683,2092
1373,719,2092
1319,773,2092
1283,809,2092
1229,863,2092
1181,911,2092
1163,929,2092
1151,941,2092
1109,983,2092
1061,1031,2092
2089,5,2094
2087,7,2094
2083,11,2094
2081,13,2094
2063,31,2094
2053,41,2094
2027,67,2094
2011,83,2094
1997,97,2094
1993,101,2094
1987,107,2094
1931,163,2094
1913,181,2094
1901,193,2094
1871,223,2094
1867,227,2094
1861,233,2094
1831,263,2094
1823,271,2094
1811,283,2094
1801,293,2094
1787,307,2094
1783,311,2094
1777,317,2094
1747,347,2094
1741,353,2094
1721,373,2094
1697,397,2094
1693,401,2094
1663,431,2094
1637,457,2094
1627,467,2094
1607,487,2094
1571,523,2094
1553,541,2094
1531,563,2094
1523,571,2094
1493,601,2094
1487,607,2094
1481,613,2094
1453,641,2094
1451,643,2094
1447,647,2094
1433,661,2094
1367,727,2094
1361,733,2094
1321,773,2094
1307,787,2094
1297,797,2094
1283,811,2094
1237,857,2094
1231,863,2094
1217,877,2094
1213,881,2094
1187,907,2094
1153,941,2094
1123,971,2094
1117,977,2094
1103,991,2094
1097,997,2094
1063,1031,2094
1061,1033,2094
2089,7,2096
2083,13,2096
2053,43,2096
2029,67,2096
2017,79,2096
1999,97,2096
1993,103,2096
1987,109,2096
1933,163,2096
1873,223,2096
1867,229,2096
1789,307,2096
1783,313,2096
1759,337,2096
1747,349,2096
1723,373,2096
1699,397,2096
1663,433,2096
1657,439,2096
1609,487,2096
1597,499,2096
1549,547,2096
1489,607,2096
1483,613,2096
1453,643,2096
1423,673,2096
1327,769,2096
1237,859,2096
1213,883,2096
1129,967,2096
1087,1009,2096
1063,1033,2096
2087,11,2098
2081,17,2098
2069,29,2098
2039,59,2098
2027,71,2098
1997,101,2098
1949,149,2098
1931,167,2098
1907,191,2098
1901,197,2098
1871,227,2098
1847,251,2098
1787,311,2098
1709,389,2098
1697,401,2098
1667,431,2098
1637,461,2098
1619,479,2098
1607,491,2098
1511,587,2098
1499,599,2098
1481,617,2098
1451,647,2098
1439,659,2098
1301,797,2098
1289,809,2098
1277,821,2098
1259,839,2098
1217,881,2098
1187,911,2098
1151,947,2098
1049,1049,2098
2089,11,2100
2087,13,2100
2083,17,2100
2081,19,2100
2069,31,2100
2063,37,2100
2053,47,2100
2039,61,2100
2029,71,2100
2027,73,2100
2017,83,2100
2011,89,2100
2003,97,2100
1999,101,2100
1997,103,2100
1993,107,2100
1987,113,2100
1973,127,2100
1951,149,2100
1949,151,2100
1933,167,2100
1907,193,2100
1901,199,2100
1889,211,2100
1877,223,2100
1873,227,2100
1871,229,2100
1867,233,2100
1861,239,2100
1831,269,2100
1823,277,2100
1789,311,2100
1787,313,2100
1783,317,2100
1753,347,2100
1747,353,2100
1741,359,2100
1733,367,2100
1721,379,2100
1699,401,2100
1669,431,2100
1667,433,2100
1657,443,2100
1637,463,2100
1621,479,2100
1613,487,2100
1609,491,2100
1601,499,2100
1597,503,2100
1579,521,2100
1559,541,2100
1553,547,2100
1543,557,2100
1531,569,2100
1523,577,2100
1499,601,2100
1493,607,2100
1487,613,2100
1483,617,2100
1481,619,2100
1459,641,2100
1453,647,2100
1447,653,2100
1439,661,2100
1427,673,2100
1423,677,2100
1409,691,2100
1399,701,2100
1381,719,2100
1373,727,2100
1367,733,2100
1361,739,2100
1327,773,2100
1303,797,2100
1291,809,2100
1289,811,2100
1279,821,2100
1277,823,2100
1237,863,2100
1223,877,2100
1217,883,2100
1213,887,2100
1193,907,2100
1181,919,2100
1171,929,2100
1163,937,2100
1153,947,2100
1129,971,2100
1123,977,2100
1117,983,2100
1109,991,2100
1103,997,2100
1091,1009,2100
1087,1013,2100
1069,1031,2100
1061,1039,2100
1051,1049,2100
2099,3,2102
2089,13,2102
2083,19,2102
2029,73,2102
1999,103,2102
1993,109,2102
1951,151,2102
1879,223,2102
1873,229,2102
1861,241,2102
1831,271,2102
1789,313,2102
1753,349,2102
1723,379,2102
1693,409,2102
1669,433,2102
1663,439,2102
1579,523,2102
1531,571,2102
1489,613,2102
1483,619,2102
1471,631,2102
1459,643,2102
1429,673,2102
1291,811,2102
1279,823,2102
1249,853,2102
1093,1009,2102
1069,1033,2102
1063,1039,2102
1051,1051,2102
2099,5,2104
2087,17,2104
2081,23,2104
2063,41,2104
2003,101,2104
1997,107,2104
1973,131,2104
1931,173,2104
1913,191,2104
1907,197,2104
1877,227,2104
1871,233,2104
1847,257,2104
1823,281,2104
1811,293,2104
1787,317,2104
1721,383,2104
1637,467,2104
1613,491,2104
1601,503,2104
1583,521,2104
1511,593,2104
1487,617,2104
1451,653,2104
1427,677,2104
1361,743,2104
1307,797,2104
1283,821,2104
1277,827,2104
1223,881,2104
1217,887,2104
1193,911,2104
1163,941,2104
1151,953,2104
1091,1013,2104
2099,7,2106
2089,17,2106
2087,19,2106
2083,23,2106
2069,37,2106
2063,43,2106
2053,53,2106
2039,67,2106
2027,79,2106
2017,89,2106
2003,103,2106
1999,107,2106
1997,109,2106
1993,113,2106
1979,127,2106
1949,157,2106
1933,173,2106
1913,193,2106
1907,199,2106
1879,227,2106
1877,229,2106
1873,233,2106
1867,239,2106
1823,283,2106
1789,317,2106
1759,347,2106
1753,353,2106
1747,359,2106
1733,373,2106
1723,383,2106
1709,397,2106
1697,409,2106
1667,439,2106
1663,443,2106
1657,449,2106
1627,479,2106
1619,487,2106
1607,499,2106
1597,509,2106
1583,523,2106
1559,547,2106
1549,557,2106
1543,563,2106
1499,607,2106
1493,613,2106
1489,617,2106
1487,619,2106
1459,647,2106
1453,653,2106
1447,659,2106
1433,673,2106
1429,677,2106
1423,683,2106
1373,733,2106
1367,739,2106
1319,787,2106
1297,809,2106
1283,823,2106
1279,827,2106
1277,829,2106
1249,857,2106
1229,877,2106
1223,883,2106
1187,919,2106
1153,953,2106
1129,977,2106
1123,983,2106
1109,997,2106
1097,1009,2106
1093,1013,2106
1087,1019,2106
2089,19,2108
2029,79,2108
2011,97,2108
1999,109,2108
1951,157,2108
1879,229,2108
1867,241,2108
1831,277,2108
1801,307,2108
1777,331,2108
1759,349,2108
1741,367,2108
1699,409,2108
1669,439,2108
1621,487,2108
1609,499,2108
1567,541,2108
1531,577,2108
1489,619,2108
1447,661,2108
1399,709,2108
1381,727,2108
1321,787,2108
1297,811,2108
1279,829,2108
1249,859,2108
1231,877,2108
1201,907,2108
1171,937,2108
1117,991,2108
1087,1021,2108
1069,1039,2108
2099,11,2110
2087,23,2110
2081,29,2110
2069,41,2110
2063,47,2110
2039,71,2110
2027,83,2110
2003,107,2110
1997,113,2110
1979,131,2110
1973,137,2110
1931,179,2110
1913,197,2110
1877,233,2110
1871,239,2110
1847,263,2110
1721,389,2110
1709,401,2110
1667,443,2110
1619,491,2110
1607,503,2110
1601,509,2110
1553,557,2110
1523,587,2110
1511,599,2110
1493,617,2110
1451,659,2110
1433,677,2110
1427,683,2110
1409,701,2110
1367,743,2110
1301,809,2110
1289,821,2110
1283,827,2110
1229,881,2110
1223,887,2110
1181,929,2110
1163,947,2110
1097,1013,2110
1091,1019,2110
1061,1049,2110
2099,13,2112
2089,23,2112
2083,29,2112
2081,31,2112
2069,43,2112
2053,59,2112
2039,73,2112
2029,83,2112
2011,101,2112
2003,109,2112
1999,113,2112
1973,139,2112
1949,163,2112
1933,179,2112
1931,181,2112
1913,199,2112
1901,211,2112
1889,223,2112
1879,233,2112
1873,239,2112
1871,241,2112
1861,251,2112
1831,281,2112
1801,311,2112
1759,353,2112
1753,359,2112
1733,379,2112
1723,389,2112
1693,419,2112
1669,443,2112
1663,449,2112
1621,491,2112
1613,499,2112
1609,503,2112
1571,541,2112
1549,563,2112
1543,569,2112
1511,601,2112
1499,613,2112
1493,619,2112
1481,631,2112
1471,641,2112
1459,653,2112
1453,659,2112
1451,661,2112
1439,673,2112
1429,683,2112
1373,739,2112
1361,751,2112
1303,809,2112
1301,811,2112
1291,821,2112
1289,823,2112
1283,829,2112
1259,853,2112
1249,863,2112
1231,881,2112
1229,883,2112
1201,911,2112
1193,919,2112
1171,941,2112
1129,983,2112
1103,1009,2112
1093,1019,2112
1091,1021,2112
1063,1049,2112
1061,1051,2112
2111,3,2114
2083,31,2114
2053,61,2114
2017,97,2114
2011,103,2114
1987,127,2114
1951,163,2114
1933,181,2114
1873,241,2114
1831,283,2114
1801,313,2114
1783,331,2114
1777,337,2114
1747,367,2114
1741,373,2114
1693,421,2114
1657,457,2114
1627,487,2114
1567,547,2114
1543,571,2114
1483,631,2114
1471,643,2114
1453,661,2114
1423,691,2114
1381,733,2114
1327,787,2114
1303,811,2114
1291,823,2114
1237,877,2114
1231,883,2114
1123,991,2114
1117,997,2114
1093,1021,2114
1063,1051,2114
2113,3,2116
2111,5,2116
2099,17,2116
2087,29,2116
2069,47,2116
2063,53,2116
2027,89,2116
2003,113,2116
1979,137,2116
1949,167,2116
1889,227,2116
1877,239,2116
1847,269,2116
1823,293,2116
1733,383,2116
1697,419,2116
1667,449,2116
1637,479,2116
1613,503,2116
1607,509,2116
1559,557,2116
1553,563,2116
1523,593,2116
1499,617,2116
1439,677,2116
1433,683,2116
1373,743,2116
1319,797,2116
1307,809,2116
1289,827,2116
1277,839,2116
1259,857,2116
1229,887,2116
1187,929,2116
1163,953,2116
1103,1013,2116
1097,1019,2116
2113,5,2118
2111,7,2118
2099,19,2118
2089,29,2118
2087,31,2118
2081,37,2118
2039,79,2118
2029,89,2118
2017,101,2118
2011,107,2118
1987,131,2118
1979,139,2118
1951,167,2118
1907,211,2118
1889,229,2118
1879,239,2118
1877,241,2118
1867,251,2118
1861,257,2118
1847,271,2118
1811,307,2118
1801,317,2118
1787,331,2118
1759,359,2118
1721,397,2118
1709,409,2118
1699,419,2118
1697,421,2118
1669,449,2118
1657,461,2118
1627,491,2118
1619,499,2118
1609,509,2118
1597,521,2118
1571,547,2118
1549,569,2118
1531,587,2118
1511,607,2118
1499,619,2118
1487,631,2118
1471,647,2118
1459,659,2118
1427,691,2118
1409,709,2118
1399,719,2118
1367,751,2118
1361,757,2118
1321,797,2118
1307,811,2118
1297,821,2118
1291,827,2118
1289,829,2118
1279,839,2118
1259,859,2118
1237,881,2118
1231,887,2118
1181,937,2118
1171,947,2118
1151,967,2118
1109,1009,2118
1097,1021,2118
1087,1031,2118
1069,1049,2118
2113,7,2120
2089,31,2120
2083,37,2120
2053,67,2120
2017,103,2120
2011,109,2120
1993,127,2120
1879,241,2120
1789,331,2120
1783,337,2120
1753,367,2120
1747,373,2120
1741,379,2120
1723,397,2120
1699,421,2120
1663,457,2120
1657,463,2120
1621,499,2120
1597,523,2120
1579,541,2120
1549,571,2120
1543,577,2120
1489,631,2120
1459,661,2120
1447,673,2120
1429,691,2120
1381,739,2120
1297,823,2120
1291,829,2120
1237,883,2120
1213,907,2120
1201,919,2120
1153,967,2120
1129,991,2120
1123,997,2120
1087,1033,2120
1069,1051,2120
2111,11,2122
2099,23,2122
2081,41,2122
2069,53,2122
2063,59,2122
2039,83,2122
1973,149,2122
1949,173,2122
1931,191,2122
1889,233,2122
1871,251,2122
1811,311,2122
1733,389,2122
1721,401,2122
1619,503,2122
1613,509,2122
1601,521,2122
1559,563,2122
1553,569,2122
1523,599,2122
1481,641,2122
1439,683,2122
1361,761,2122
1301,821,2122
1283,839,2122
1259,863,2122
1193,929,2122
1181,941,2122
1151,971,2122
1109,1013,2122
1103,1019,2122
1091,1031,2122
1061,1061,2122
2113,11,2124
2111,13,2124
2087,37,2124
2083,41,2124
2081,43,2124
2063,61,2124
2053,71,2124
2027,97,2124
2017,107,2124
2011,113,2124
1997,127,2124
1993,131,2124
1987,137,2124
1973,151,2124
1951,173,2124
1933,191,2124
1931,193,2124
1913,211,2124
1901,223,2124
1873,251,2124
1867,257,2124
1861,263,2124
1847,277,2124
1831,293,2124
1811,313,2124
1787,337,2124
1777,347,2124
1741,383,2124
1723,401,2124
1693,431,2124
1667,457,2124
1663,461,2124
1657,467,2124
1637,487,2124
1621,503,2124
1601,523,2124
1583,541,2124
1567,557,2124
1553,571,2124
1531,593,2124
1523,601,2124
1511,613,2124
1493,631,2124
1483,641,2124
1481,643,2124
1471,653,2124
1451,673,2124
1447,677,2124
1433,691,2124
1423,701,2124
1381,743,2124
1373,751,2124
1367,757,2124
1327,797,2124
1303,821,2124
1301,823,2124
1297,827,2124
1237,887,2124
1217,907,2124
1213,911,2124
1187,937,2124
1171,953,2124
1153,971,2124
1103,1021,2124
1093,1031,2124
1091,1033,2124
1063,1061,2124
2113,13,2126
2089,37,2126
2083,43,2126
2053,73,2126
2029,97,2126
2017,109,2126
1999,127,2126
1987,139,2126
1933,193,2126
1789,337,2126
1777,349,2126
1759,367,2126
1753,373,2126
1747,379,2126
1693,433,2126
1669,457,2126
1663,463,2126
1627,499,2126
1579,547,2126
1549,577,2126
1483,643,2126
1453,673,2126
1399,727,2126
1303,823,2126
1297,829,2126
1249,877,2126
1129,997,2126
1117,1009,2126
1093,1033,2126
1087,1039,2126
1063,1063,2126
2111,17,2128
2099,29,2128
2087,41,2128
2081,47,2128
2069,59,2128
2039,89,2128
2027,101,2128
1997,131,2128
1979,149,2128
1949,179,2128
1931,197,2128
1901,227,2128
1889,239,2128
1877,251,2128
1871,257,2128
1847,281,2128
1811,317,2128
1709,419,2128
1697,431,2128
1667,461,2128
1637,491,2128
1619,509,2128
1607,521,2128
1571,557,2128
1559,569,2128
1511,617,2128
1487,641,2128
1481,647,2128
1451,677,2128
1427,701,2128
1409,719,2128
1367,761,2128
1319,809,2128
1307,821,2128
1301,827,2128
1289,839,2128
1217,911,2128
1187,941,2128
1181,947,2128
1151,977,2128
1109,1019,2128
1097,1031,2128
2113,17,2130
2111,19,2130
2099,31,2130
2089,41,2130
2087,43,2130
2083,47,2130
2069,61,2130
2063,67,2130
2029,101,2130
2027,103,2130
2017,113,2130
2003,127,2130
1999,131,2130
1993,137,2130
1979,151,2130
1973,157,2130
1951,179,2130
1949,181,2130
1933,197,2130
1931,199,2130
1907,223,2130
1901,229,2130
1889,241,2130
1879,251,2130
1873,257,2130
1867,263,2130
1861,269,2130
1847,283,2130
1823,307,2130
1783,347,2130
1777,353,2130
1747,383,2130
1741,389,2130
1733,397,2130
1721,409,2130
1709,421,2130
1699,431,2130
1697,433,2130
1669,461,2130
1667,463,2130
1663,467,2130
1627,503,2130
1621,509,2130
1609,521,2130
1607,523,2130
1583,547,2130
1567,563,2130
1559,571,2130
1553,577,2130
1543,587,2130
1531,599,2130
1523,607,2130
1511,619,2130
1499,631,2130
1489,641,2130
1487,643,2130
1483,647,2130
1471,659,2130
1453,677,2130
1447,683,2130
1439,691,2130
1429,701,2130
1373,757,2130
1361,769,2130
1321,809,2130
1319,811,2130
1307,823,2130
1303,827,2130
1301,829,2130
1291,839,2130
1277,853,2130
1249,881,2130
1223,907,2130
1201,929,2130
1193,937,2130
1163,967,2130
1153,977,2130
1117,1013,2130
1109,1021,2130
1097,1033,2130
1091,1039,2130
1069,1061,2130
2129,3,2132
2113,19,2132
2089,43,2132
2053,79,2132
2029,103,2132
1993,139,2132
1951,181,2132
1933,199,2132
1861,271,2132
1801,331,2132
1783,349,2132
1759,373,2132
1753,379,2132
1723,409,2132
1699,433,2132
1693,439,2132
1669,463,2132
1609,523,2132
1531,601,2132
1489,643,2132
1471,661,2132
1459,673,2132
1423,709,2132
1399,733,2132
1381,751,2132
1321,811,2132
1303,829,2132
1279,853,2132
1249,883,2132
1213,919,2132
1123,1009,2132
1093,1039,2132
1069,1063,2132
2131,3,2134
2129,5,2134
2111,23,2134
2087,47,2134
2081,53,2134
2063,71,2134
2027,107,2134
2003,131,2134
1997,137,2134
1907,227,2134
1901,233,2134
1877,257,2134
1871,263,2134
1823,311,2134
1787,347,2134
1733,401,2134
1667,467,2134
1613,521,2134
1571,563,2134
1493,641,2134
1487,647,2134
1481,653,2134
1451,683,2134
1433,701,2134
1373,761,2134
1361,773,2134
1307,827,2134
1277,857,2134
1223,911,2134
1193,941,2134
1187,947,2134
1181,953,2134
1163,971,2134
1151,983,2134
1103,1031,2134
2131,5,2136
2129,7,2136
2113,23,2136
2099,37,2136
2089,47,2136
2083,53,2136
2069,67,2136
2063,73,2136
2053,83,2136
2039,97,2136
2029,107,2136
2027,109,2136
1999,137,2136
1997,139,2136
1987,149,2136
1979,157,2136
1973,163,2136
1913,223,2136
1907,229,2136
1879,257,2136
1873,263,2136
1867,269,2136
1823,313,2136
1789,347,2136
1787,349,2136
1783,353,2136
1777,359,2136
1753,383,2136
1747,389,2136
1697,439,2136
1693,443,2136
1669,467,2136
1657,479,2136
1637,499,2136
1627,509,2136
1613,523,2136
1579,557,2136
1567,569,2136
1559,577,2136
1549,587,2136
1543,593,2136
1523,613,2136
1493,643,2136
1489,647,2136
1483,653,2136
1459,677,2136
1453,683,2136
1427,709,2136
1409,727,2136
1367,769,2136
1327,809,2136
1307,829,2136
1297,839,2136
1283,853,2136
1279,857,2136
1277,859,2136
1259,877,2136
1249,887,2136
1229,907,2136
1217,919,2136
1153,983,2136
1123,1013,2136
1117,1019,2136
1103,1033,2136
1097,1039,2136
1087,1049,2136
2131,7,2138
2029,109,2138
2011,127,2138
1999,139,2138
1987,151,2138
1867,271,2138
1861,277,2138
1831,307,2138
1801,337,2138
1789,349,2138
1759,379,2138
1741,397,2138
1699,439,2138
1597,541,2138
1567,571,2138
1531,607,2138
1447,691,2138
1429,709,2138
1399,739,2138
1381,757,2138
1327,811,2138
1279,859,2138
1231,907,2138
1201,937,2138
1171,967,2138
1129,1009,2138
1117,1021,2138
1087,1051,2138
1069,1069,2138
2137,3,2140
2129,11,2140
2111,29,2140
2099,41,2140
2087,53,2140
2081,59,2140
2069,71,2140
2039,101,2140
2027,113,2140
2003,137,2140
1973,167,2140
1949,191,2140
1913,227,2140
1907,233,2140
1901,239,2140
1889,251,2140
1877,263,2140
1871,269,2140
1847,293,2140
1823,317,2140
1787,353,2140
1721,419,2140
1709,431,2140
1697,443,2140
1637,503,2140
1619,521,2140
1583,557,2140
1571,569,2140
1553,587,2140
1523,617,2140
1499,641,2140
1493,647,2140
1487,653,2140
1481,659,2140
1439,701,2140
1367,773,2140
1319,821,2140
1301,839,2140
1283,857,2140
1277,863,2140
1259,881,2140
1229,911,2140
1193,947,2140
1187,953,2140
1163,977,2140
1109,1031,2140
1091,1049,2140
2137,5,2142
2131,11,2142
2129,13,2142
2113,29,2142
2111,31,2142
2099,43,2142
2089,53,2142
2083,59,2142
2081,61,2142
2069,73,2142
2063,79,2142
2053,89,2142
2039,103,2142
2029,113,2142
2011,131,2142
2003,139,2142
1993,149,2142
1979,163,2142
1951,191,2142
1949,193,2142
1931,211,2142
1913,229,2142
1901,241,2142
1879,263,2142
1873,269,2142
1871,271,2142
1861,281,2142
1831,311,2142
1811,331,2142
1789,353,2142
1783,359,2142
1759,383,2142
1753,389,2142
1741,401,2142
1733,409,2142
1723,419,2142
1721,421,2142
1709,433,2142
1699,443,2142
1693,449,2142
1663,479,2142
1621,521,2142
1619,523,2142
1601,541,2142
1579,563,2142
1571,571,2142
1549,593,2142
1543,599,2142
1523,619,2142
1511,631,2142
1499,643,2142
1489,653,2142
1483,659,2142
1481,661,2142
1459,683,2142
1451,691,2142
1433,709,2142
1423,719,2142
1409,733,2142
1399,743,2142
1381,761,2142
1373,769,2142
1321,821,2142
1319,823,2142
1303,839,2142
1289,853,2142
1283,859,2142
1279,863,2142
1259,883,2142
1231,911,2142
1223,919,2142
1213,929,2142
1201,941,2142
1171,971,2142
1151,991,2142
1129,1013,2142
1123,1019,2142
1109,1033,2142
1103,1039,2142
1093,1049,2142
1091,1051,2142
2141,3,2144
2137,7,2144
2131,13,2144
2113,31,2144
2083,61,2144
2017,127,2144
1993,151,2144
1987,157,2144
1951,193,2144
1933,211,2144
1873,271,2144
1867,277,2144
1861,283,2144
1831,313,2144
1777,367,2144
1747,397,2144
1723,421,2144
1657,487,2144
1621,523,2144
1597,547,2144
1567,577,2144
1543,601,2144
1531,613,2144
1483,661,2144
1471,673,2144
1453,691,2144
1321,823,2144
1291,853,2144
1237,907,2144
1153,991,2144
1123,1021,2144
1093,1051,2144
2143,3,2146
2141,5,2146
2129,17,2146
2099,47,2146
2087,59,2146
2063,83,2146
2039,107,2146
1997,149,2146
1979,167,2146
1973,173,2146
1949,197,2146
1913,233,2146
1907,239,2146
1889,257,2146
1877,269,2146
1787,359,2146
1697,449,2146
1667,479,2146
1637,509,2146
1583,563,2146
1559,587,2146
1553,593,2146
1499,647,2146
1493,653,2146
1487,659,2146
1427,719,2146
1373,773,2146
1319,827,2146
1307,839,2146
1289,857,2146
1283,863,2146
1259,887,2146
1217,929,2146
1193,953,2146
1163,983,2146
1097,1049,2146
2143,5,2148
2141,7,2148
2137,11,2148
2131,17,2148
2129,19,2148
2111,37,2148
2089,59,2148
2087,61,2148
2081,67,2148
2069,79,2148
2039,109,2148
2017,131,2148
2011,137,2148
1999,149,2148
1997,151,2148
1951,197,2148
1949,199,2148
1907,241,2148
1879,269,2148
1877,271,2148
1871,277,2148
1867,281,2148
1831,317,2148
1811,337,2148
1801,347,2148
1789,359,2148
1759,389,2148
1747,401,2148
1709,439,2148
1699,449,2148
1669,479,2148
1657,491,2148
1627,521,2148
1607,541,2148
1601,547,2148
1579,569,2148
1571,577,2148
1549,599,2148
1531,617,2148
1489,659,2148
1487,661,2148
1471,677,2148
1447,701,2148
1439,709,2148
1429,719,2148
1409,739,2148
1361,787,2148
1327,821,2148
1321,827,2148
1319,829,2148
1291,857,2148
1289,859,2148
1237,911,2148
1229,919,2148
1201,947,2148
1181,967,2148
1171,977,2148
1151,997,2148
1129,1019,2148
1117,1031,2148
1109,1039,2148
1097,1051,2148
1087,1061,2148
2143,7,2150
2137,13,2150
2131,19,2150
2113,37,2150
2089,61,2150
2083,67,2150
2053,97,2150
2011,139,2150
1999,151,2150
1993,157,2150
1987,163,2150
1951,199,2150
1879,271,2150
1873,277,2150
1867,283,2150
1801,349,2150
1783,367,2150
1777,373,2150
1753,397,2150
1741,409,2150
1693,457,2150
1663,487,2150
1627,523,2150
1609,541,2150
1579,571,2150
1549,601,2150
1543,607,2150
1531,619,2150
1489,661,2150
1459,691,2150
1423,727,2150
1399,751,2150
1381,769,2150
1327,823,2150
1321,829,2150
1297,853,2150
1291,859,2150
1231,919,2150
1213,937,2150
1153,997,2150
1129,1021,2150
1117,1033,2150
1087,1063,2150
2141,11,2152
2129,23,2152
2111,41,2152
2099,53,2152
2081,71,2152
2069,83,2152
2063,89,2152
2039,113,2152
2003,149,2152
1979,173,2152
1973,179,2152
1913,239,2152
1901,251,2152
1889,263,2152
1871,281,2152
1733,419,2152
1721,431,2152
1709,443,2152
1583,569,2152
1559,593,2152
1553,599,2152
1511,641,2152
1499,653,2152
1493,659,2152
1451,701,2152
1433,719,2152
1409,743,2152
1289,863,2152
1223,929,2152
1181,971,2152
1103,1049,2152
1091,1061,2152
2143,11,2154
2141,13,2154
2137,17,2154
2131,23,2154
2113,41,2154
2111,43,2154
2087,67,2154
2083,71,2154
2081,73,2154
2053,101,2154
2027,127,2154
2017,137,2154
2003,151,2154
1997,157,2154
1987,167,2154
1973,181,2154
1931,223,2154
1913,241,2154
1877,277,2154
1873,281,2154
1871,283,2154
1861,293,2154
1847,307,2154
1823,331,2154
1801,353,2154
1787,367,2154
1753,401,2154
1733,421,2154
1723,431,2154
1721,433,2154
1697,457,2154
1693,461,2154
1667,487,2154
1663,491,2154
1613,541,2154
1607,547,2154
1597,557,2154
1583,571,2154
1567,587,2154
1553,601,2154
1523,631,2154
1511,643,2154
1493,661,2154
1481,673,2154
1471,683,2154
1453,701,2154
1427,727,2154
1381,773,2154
1367,787,2154
1327,827,2154
1301,853,2154
1297,857,2154
1291,863,2154
1277,877,2154
1217,937,2154
1213,941,2154
1201,953,2154
1187,967,2154
1171,983,2154
1163,991,2154
1123,1031,2154
1103,1051,2154
1093,1061,2154
1091,1063,2154
2153,3,2156
2143,13,2156
2137,19,2156
2113,43,2156
2089,67,2156
2083,73,2156
2053,103,2156
2029,127,2156
2017,139,2156
1999,157,2156
1993,163,2156
1933,223,2156
1879,277,2156
1873,283,2156
1789,367,2156
1783,373,2156
1777,379,2156
1759,397,2156
1747,409,2156
1723,433,2156
1699,457,2156
1693,463,2156
1669,487,2156
1657,499,2156
1609,547,2156
1579,577,2156
1549,607,2156
1543,613,2156
1483,673,2156
1447,709,2156
1429,727,2156
1423,733,2156
1399,757,2156
1327,829,2156
1303,853,2156
1297,859,2156
1279,877,2156
1249,907,2156
1237,919,2156
1123,1033,2156
1117,1039,2156
1093,1063,2156
1087,1069,2156
2153,5,2158
2141,17,2158
2129,29,2158
2111,47,2158
2099,59,2158
2087,71,2158
2069,89,2158
2027,131,2158
1979,179,2158
1931,227,2158
1907,251,2158
1901,257,2158
1889,269,2158
1877,281,2158
1847,311,2158
1811,347,2158
1709,449,2158
1697,461,2158
1667,491,2158
1637,521,2158
1601,557,2158
1571,587,2158
1559,599,2158
1511,647,2158
1499,659,2158
1481,677,2158
1439,719,2158
1361,797,2158
1319,839,2158
1301,857,2158
1277,881,2158
1229,929,2158
1217,941,2158
1187,971,2158
1181,977,2158
1109,1049,2158
1097,1061,2158
2153,7,2160
2143,17,2160
2141,19,2160
2137,23,2160
2131,29,2160
2129,31,2160
2113,47,2160
2099,61,2160
2089,71,2160
2087,73,2160
2081,79,2160
2063,97,2160
2053,107,2160
2029,131,2160
2011,149,2160
2003,157,2160
1997,163,2160
1993,167,2160
1987,173,2160
1979,181,2160
1949,211,2160
1933,227,2160
1931,229,2160
1889,271,2160
1879,281,2160
1877,283,2160
1867,293,2160
1847,313,2160
1823,337,2160
1811,349,2160
1801,359,2160
1787,373,2160
1777,383,2160
1759,401,2160
1741,419,2160
1721,439,2160
1699,461,2160
1697,463,2160
1693,467,2160
1669,491,2160
1657,503,2160
1637,523,2160
1619,541,2160
1613,547,2160
1597,563,2160
1583,577,2160
1567,593,2160
1559,601,2160
1553,607,2160
1543,617,2160
1499,661,2160
1487,673,2160
1483,677,2160
1459,701,2160
1451,709,2160
1433,727,2160
1427,733,2160
1409,751,2160
1399,761,2160
1373,787,2160
1321,839,2160
1307,853,2160
1303,857,2160
1301,859,2160
1297,863,2160
1283,877,2160
1279,881,2160
1277,883,2160
1249,911,2160
1231,929,2160
1223,937,2160
1213,947,2160
1193,967,2160
1163,997,2160
1151,1009,2160
1129,1031,2160
1109,1051,2160
1097,1063,2160
1091,1069,2160
2143,19,2162
2131,31,2162
2089,73,2162
2083,79,2162
2053,109,2162
2011,151,2162
1999,163,2162
1951,211,2162
1933,229,2162
1879,283,2162
1831,331,2162
1789,373,2162
1783,379,2162
1753,409,2162
1741,421,2162
1723,439,2162
1699,463,2162
1663,499,2162
1621,541,2162
1549,613,2162
1543,619,2162
1531,631,2162
1489,673,2162
1471,691,2162
1453,709,2162
1429,733,2162
1423,739,2162
1303,859,2162
1279,883,2162
1171,991,2162
1153,1009,2162
1129,1033,2162
1123,1039,2162
1093,1069,2162
2161,3,2164
2153,11,2164
2141,23,2164
2111,53,2164
2081,83,2164
2063,101,2164
2027,137,2164
1997,167,2164
1973,191,2164
1931,233,2164
1913,251,2164
1907,257,2164
1901,263,2164
1871,293,2164
1847,317,2164
1811,353,2164
1733,431,2164
1721,443,2164
1697,467,2164
1607,557,2164
1601,563,2164
1571,593,2164
1523,641,2164
1511,653,2164
1487,677,2164
1481,683,2164
1367,797,2164
1307,857,2164
1301,863,2164
1283,881,2164
1277,887,2164
1223,941,2164
1217,947,2164
1193,971,2164
1187,977,2164
1181,983,2164
1151,1013,2164
1103,1061,2164
2161,5,2166
2153,13,2166
2143,23,2166
2137,29,2166
2129,37,2166
2113,53,2166
2099,67,2166
2087,79,2166
2083,83,2166
2069,97,2166
2063,103,2166
2053,113,2166
2039,127,2166
2029,137,2166
2027,139,2166
2017,149,2166
2003,163,2166
1999,167,2166
1993,173,2166
1987,179,2166
1973,193,2166
1933,233,2166
1889,277,2166
1873,293,2166
1787,379,2166
1783,383,2166
1777,389,2166
1747,419,2166
1733,433,2166
1723,443,2166
1709,457,2166
1699,467,2166
1667,499,2166
1663,503,2166
1657,509,2166
1619,547,2166
1609,557,2166
1597,569,2166
1579,587,2166
1567,599,2166
1559,607,2166
1553,613,2166
1549,617,2166
1523,643,2166
1493,673,2166
1489,677,2166
1483,683,2166
1447,719,2166
1439,727,2166
1433,733,2166
1427,739,2166
1423,743,2166
1409,757,2166
1327,839,2166
1307,859,2166
1303,863,2166
1289,877,2166
1283,883,2166
1279,887,2166
1259,907,2166
1237,929,2166
1229,937,2166
1213,953,2166
1153,1013,2166
1117,1049,2166
1103,1063,2166
1097,1069,2166
2161,7,2168
2137,31,2168
2131,37,2168
2089,79,2168
2029,139,2168
2017,151,2168
2011,157,2168
1987,181,2168
1861,307,2168
1831,337,2168
1801,367,2168
1789,379,2168
1759,409,2168
1747,421,2168
1669,499,2168
1627,541,2168
1621,547,2168
1597,571,2168
1567,601,2168
1549,619,2168
1459,709,2168
1429,739,2168
1399,769,2168
1381,787,2168
1291,877,2168
1249,919,2168
1231,937,2168
1201,967,2168
1171,997,2168
1129,1039,2168
1117,1051,2168
2153,17,2170
2141,29,2170
2129,41,2170
2111,59,2170
2099,71,2170
2087,83,2170
2081,89,2170
2069,101,2170
2063,107,2170
2039,131,2170
2003,167,2170
1997,173,2170
1979,191,2170
1973,197,2170
1931,239,2170
1913,257,2170
1907,263,2170
1901,269,2170
1889,281,2170
1877,293,2170
1823,347,2170
1811,359,2170
1787,383,2170
1721,449,2170
1709,461,2170
1667,503,2170
1613,557,2170
1607,563,2170
1601,569,2170
1583,587,2170
1571,599,2170
1553,617,2170
1523,647,2170
1511,659,2170
1493,677,2170
1487,683,2170
1451,719,2170
1427,743,2170
1409,761,2170
1373,797,2170
1361,809,2170
1307,863,2170
1289,881,2170
1283,887,2170
1259,911,2170
1229,941,2170
1223,947,2170
1217,953,2170
1193,977,2170
1187,983,2170
1151,1019,2170
1109,1061,2170
2161,11,2172
2153,19,2172
2143,29,2172
2141,31,2172
2131,41,2172
2129,43,2172
2113,59,2172
2111,61,2172
2099,73,2172
2089,83,2172
2083,89,2172
2069,103,2172
2063,109,2172
1999,173,2172
1993,179,2172
1979,193,2172
1973,199,2172
1949,223,2172
1933,239,2172
1931,241,2172
1901,271,2172
1889,283,2172
1879,293,2172
1861,311,2172
1823,349,2172
1789,383,2172
1783,389,2172
1753,419,2172
1741,431,2172
1733,439,2172
1723,449,2172
1709,463,2172
1693,479,2172
1669,503,2172
1663,509,2172
1609,563,2172
1601,571,2172
1579,593,2172
1571,601,2172
1559,613,2172
1553,619,2172
1531,641,2172
1511,661,2172
1499,673,2172
1489,683,2172
1481,691,2172
1471,701,2172
1453,719,2172
1439,733,2172
1433,739,2172
1429,743,2172
1399,773,2172
1361,811,2172
1319,853,2172
1291,881,2172
1289,883,2172
1231,941,2172
1201,971,2172
1181,991,2172
1163,1009,2172
1153,1019,2172
1151,1021,2172
1123,1049,2172
1109,1063,2172
1103,1069,2172
2161,13,2174
2143,31,2174
2137,37,2174
2131,43,2174
2113,61,2174
2017,157,2174
2011,163,2174
1993,181,2174
1951,223,2174
1933,241,2174
1867,307,2174
1861,313,2174
1801,373,2174
1777,397,2174
1753,421,2174
1741,433,2174
1627,547,2174
1597,577,2174
1567,607,2174
1543,631,2174
1531,643,2174
1483,691,2174
1447,727,2174
1423,751,2174
1321,853,2174
1297,877,2174
1291,883,2174
1237,937,2174
1153,1021,2174
1123,1051,2174
1087,1087,2174
2153,23,2176
2129,47,2176
2087,89,2176
2069,107,2176
2063,113,2176
2039,137,2176
2027,149,2176
2003,173,2176
1997,179,2176
1979,197,2176
1949,227,2176
1913,263,2176
1907,269,2176
1823,353,2176
1787,389,2176
1733,443,2176
1709,467,2176
1697,479,2176
1667,509,2176
1619,557,2176
1613,563,2176
1607,569,2176
1583,593,2176
1559,617,2176
1523,653,2176
1499,677,2176
1493,683,2176
1433,743,2176
1367,809,2176
1319,857,2176
1289,887,2176
1229,947,2176
1223,953,2176
1193,983,2176
1163,1013,2176
2161,17,2178
2141,37,2178
2137,41,2178
2131,47,2178
2111,67,2178
2099,79,2178
2089,89,2178
2081,97,2178
2069,109,2178
2039,139,2178
2029,149,2178
2027,151,2178
2011,167,2178
1999,179,2178
1997,181,2178
1987,191,2178
1979,199,2178
1951,227,2178
1949,229,2178
1907,271,2178
1901,277,2178
1871,307,2178
1867,311,2178
1861,317,2178
1847,331,2178
1831,347,2178
1811,367,2178
1789,389,2178
1777,401,2178
1759,419,2178
1747,431,2178
1721,457,2178
1699,479,2178
1669,509,2178
1657,521,2178
1637,541,2178
1621,557,2178
1609,569,2178
1607,571,2178
1601,577,2178
1579,599,2178
1571,607,2178
1559,619,2178
1531,647,2178
1487,691,2178
1459,719,2178
1451,727,2178
1439,739,2178
1427,751,2178
1409,769,2178
1381,797,2178
1367,811,2178
1321,857,2178
1319,859,2178
1301,877,2178
1297,881,2178
1291,887,2178
1259,919,2178
1249,929,2178
1237,941,2178
1231,947,2178
1201,977,2178
1187,991,2178
1181,997,2178
1129,1049,2178
1117,1061,2178
1109,1069,2178
1091,1087,2178
2161,19,2180
2143,37,2180
2137,43,2180
2113,67,2180
2083,97,2180
2053,127,2180
2029,151,2180
2017,163,2180
1999,181,2180
1987,193,2180
1951,229,2180
1873,307,2180
1867,313,2180
1831,349,2180
1801,379,2180
1783,397,2180
1759,421,2180
1747,433,2180
1741,439,2180
1723,457,2180
1693,487,2180
1657,523,2180
1609,571,2180
1579,601,2180
1567,613,2180
1549,631,2180
1489,691,2180
1471,709,2180
1453,727,2180
1447,733,2180
1429,751,2180
1423,757,2180
1327,853,2180
1321,859,2180
1303,877,2180
1297,883,2180
1213,967,2180
1171,1009,2180
1129,1051,2180
1117,1063,2180
1093,1087,2180
2179,3,2182
2153,29,2182
2141,41,2182
2129,53,2182
2111,71,2182
2099,83,2182
2081,101,2182
2069,113,2182
2003,179,2182
1949,233,2182
1931,251,2182
1913,269,2182
1901,281,2182
1889,293,2182
1871,311,2182
1823,359,2182
1733,449,2182
1721,461,2182
1619,563,2182
1613,569,2182
1583,599,2182
1523,659,2182
1499,683,2182
1481,701,2182
1439,743,2182
1409,773,2182
1373,809,2182
1361,821,2182
1319,863,2182
1301,881,2182
1229,953,2182
1163,1019,2182
1151,1031,2182
1091,1091,2182
2179,5,2184
2161,23,2184
2153,31,2184
2143,41,2184
2141,43,2184
2137,47,2184
2131,53,2184
2113,71,2184
2111,73,2184
2087,97,2184
2083,101,2184
2081,103,2184
2053,131,2184
2027,157,2184
2017,167,2184
2011,173,2184
2003,181,2184
1993,191,2184
1987,197,2184
1973,211,2184
1951,233,2184
1933,251,2184
1913,271,2184
1907,277,2184
1901,283,2184
1877,307,2184
1873,311,2184
1871,313,2184
1867,317,2184
1847,337,2184
1831,353,2184
1811,373,2184
1801,383,2184
1787,397,2184
1783,401,2184
1753,431,2184
1741,443,2184
1723,461,2184
1721,463,2184
1697,487,2184
1693,491,2184
1663,521,2184
1637,547,2184
1627,557,2184
1621,563,2184
1613,571,2184
1607,577,2184
1597,587,2184
1583,601,2184
1571,613,2184
1567,617,2184
1553,631,2184
1543,641,2184
1531,653,2184
1523,661,2184
1511,673,2184
1493,691,2184
1483,701,2184
1451,733,2184
1433,751,2184
1427,757,2184
1423,761,2184
1373,811,2184
1361,823,2184
1327,857,2184
1321,863,2184
1307,877,2184
1303,881,2184
1301,883,2184
1297,887,2184
1277,907,2184
1237,947,2184
1231,953,2184
1217,967,2184
1213,971,2184
1201,983,2184
1193,991,2184
1187,997,2184
1171,1013,2184
1163,1021,2184
1153,1031,2184
1151,1033,2184
1123,1061,2184
1097,1087,2184
1093,1091,2184
2179,7,2186
2143,43,2186
2113,73,2186
2089,97,2186
2083,103,2186
2029,157,2186
1993,193,2186
1987,199,2186
1879,307,2186
1873,313,2186
1789,397,2186
1777,409,2186
1753,433,2186
1747,439,2186
1723,463,2186
1699,487,2186
1663,523,2186
1609,577,2186
1579,607,2186
1567,619,2186
1543,643,2186
1459,727,2186
1453,733,2186
1447,739,2186
1429,757,2186
1399,787,2186
1327,859,2186
1303,883,2186
1279,907,2186
1249,937,2186
1153,1033,2186
1123,1063,2186
1117,1069,2186
1093,1093,2186
2141,47,2188
2129,59,2188
2099,89,2188
2087,101,2188
2081,107,2188
2039,149,2188
1997,191,2188
1949,239,2188
1931,257,2188
1907,281,2188
1877,311,2188
1871,317,2188
1787,401,2188
1721,467,2188
1709,479,2188
1697,491,2188
1667,521,2188
1619,569,2188
1601,587,2188
1571,617,2188
1511,677,2188
1487,701,2188
1427,761,2188
1367,821,2188
1361,827,2188
1307,881,2188
1301,887,2188
1277,911,2188
1259,929,2188
1217,971,2188
1097,1091,2188
2179,11,2190
2161,29,2190
2153,37,2190
2143,47,2190
2137,53,2190
2131,59,2190
2129,61,2190
2111,79,2190
2089,101,2190
2087,103,2190
2083,107,2190
2081,109,2190
2063,127,2190
2053,137,2190
2039,151,2190
2027,163,2190
2017,173,2190
2011,179,2190
1999,191,2190
1997,193,2190
1993,197,2190
1979,211,2190
1951,239,2190
1949,241,2190
1933,257,2190
1913,277,2190
1907,283,2190
1879,311,2190
1877,313,2190
1873,317,2190
1831,359,2190
1823,367,2190
1811,379,2190
1801,389,2190
1789,401,2190
1759,431,2190
1747,443,2190
1741,449,2190
1733,457,2190
1723,467,2190
1699,491,2190
1669,521,2190
1667,523,2190
1627,563,2190
1621,569,2190
1619,571,2190
1613,577,2190
1597,593,2190
1583,607,2190
1571,619,2190
1559,631,2190
1549,641,2190
1543,647,2190
1531,659,2190
1499,691,2190
1489,701,2190
1481,709,2190
1471,719,2190
1451,739,2190
1447,743,2190
1439,751,2190
1433,757,2190
1429,761,2190
1381,809,2190
1367,823,2190
1361,829,2190
1327,863,2190
1307,883,2190
1303,887,2190
1283,907,2190
1279,911,2190
1249,941,2190
1237,953,2190
1223,967,2190
1213,977,2190
1193,997,2190
1181,1009,2190
1171,1019,2190
1151,1039,2190
1129,1061,2190
1103,1087,2190
1097,1093,2190
2179,13,2192
2161,31,2192
2131,61,2192
2113,79,2192
2089,103,2192
2083,109,2192
2053,139,2192
2029,163,2192
2011,181,2192
1999,193,2192
1993,199,2192
1951,241,2192
1879,313,2192
1861,331,2192
1783,409,2192
1759,433,2192
1753,439,2192
1693,499,2192
1669,523,2192
1621,571,2192
1579,613,2192
1549,643,2192
1531,661,2192
1483,709,2192
1459,733,2192
1453,739,2192
1423,769,2192
1381,811,2192
1201,991,2192
1171,1021,2192
1153,1039,2192
1129,1063,2192
1123,1069,2192
2153,41,2194
2141,53,2194
2111,83,2194
2087,107,2194
2081,113,2194
2063,131,2194
2027,167,2194
2003,191,2194
1997,197,2194
1931,263,2194
1913,281,2194
1901,293,2194
1877,317,2194
1847,347,2194
1811,383,2194
1733,461,2194
1637,557,2194
1607,587,2194
1601,593,2194
1553,641,2194
1511,683,2194
1493,701,2194
1451,743,2194
1433,761,2194
1373,821,2194
1367,827,2194
1307,887,2194
1283,911,2194
1223,971,2194
1217,977,2194
1181,1013,2194
1163,1031,2194
1103,1091,2194
1097,1097,2194
2179,17,2196
2153,43,2196
2143,53,2196
2137,59,2196
2129,67,2196
2113,83,2196
2099,97,2196
2089,107,2196
2087,109,2196
2083,113,2196
2069,127,2196
2039,157,2196
2029,167,2196
2017,179,2196
2003,193,2196
1999,197,2196
1997,199,2196
1973,223,2196
1933,263,2196
1913,283,2196
1889,307,2196
1879,317,2196
1847,349,2196
1823,373,2196
1787,409,2196
1777,419,2196
1753,443,2196
1747,449,2196
1733,463,2196
1709,487,2196
1697,499,2196
1693,503,2196
1627,569,2196
1619,577,2196
1609,587,2196
1597,599,2196
1583,613,2196
1579,617,2196
1553,643,2196
1549,647,2196
1543,653,2196
1523,673,2196
1487,709,2196
1453,743,2196
1439,757,2196
1427,769,2196
1423,773,2196
1409,787,2196
1399,797,2196
1373,823,2196
1367,829,2196
1319,877,2196
1289,907,2196
1277,919,2196
1259,937,2196
1249,947,2196
1229,967,2196
1213,983,2196
1187,1009,2196
1163,1033,2196
1109,1087,2196
1103,1093,2196
2179,19,2198
2161,37,2198
2137,61,2198
2131,67,2198
2089,109,2198
2017,181,2198
1999,199,2198
1987,211,2198
1867,331,2198
1861,337,2198
1831,367,2198
1801,397,2198
1789,409,2198
1777,421,2198
1759,439,2198
1741,457,2198
1699,499,2198
1657,541,2198
1627,571,2198
1621,577,2198
1597,601,2198
1579,619,2198
1567,631,2198
1489,709,2198
1471,727,2198
1459,739,2198
1447,751,2198
1429,769,2198
1321,877,2198
1291,907,2198
1279,919,2198
1231,967,2198
1201,997,2198
1129,1069,2198
2153,47,2200
2141,59,2200
2129,71,2200
2111,89,2200
2099,101,2200
2087,113,2200
2069,131,2200
2063,137,2200
2027,173,2200
2003,197,2200
1973,227,2200
1949,251,2200
1931,269,2200
1907,293,2200
1889,311,2200
1847,353,2200
1811,389,2200
1733,467,2200
1721,479,2200
1709,491,2200
1697,503,2200
1637,563,2200
1613,587,2200
1607,593,2200
1601,599,2200
1583,617,2200
1559,641,2200
1553,647,2200
1523,677,2200
1499,701,2200
1481,719,2200
1439,761,2200
1427,773,2200
1373,827,2200
1361,839,2200
1319,881,2200
1289,911,2200
1259,941,2200
1229,971,2200
1223,977,2200
1217,983,2200
1187,1013,2200
1181,1019,2200
1151,1049,2200
1109,1091,2200
1103,1097,2200
2179,23,2202
2161,41,2202
2143,59,2202
2141,61,2202
2131,71,2202
2129,73,2202
2113,89,2202
2099,103,2202
2089,113,2202
2063,139,2202
2053,149,2202
2039,163,2202
2029,173,2202
2011,191,2202
2003,199,2202
1979,223,2202
1973,229,2202
1951,251,2202
1933,269,2202
1931,271,2202
1889,313,2202
1871,331,2202
1823,379,2202
1801,401,2202
1783,419,2202
1759,443,2202
1753,449,2202
1741,461,2202
1723,479,2202
1699,503,2202
1693,509,2202
1609,593,2202
1601,601,2202
1583,619,2202
1571,631,2202
1559,643,2202
1549,653,2202
1543,659,2202
1511,691,2202
1493,709,2202
1483,719,2202
1459,743,2202
1451,751,2202
1433,769,2202
1429,773,2202
1381,821,2202
1373,829,2202
1321,881,2202
1319,883,2202
1291,911,2202
1283,919,2202
1249,953,2202
1231,971,2202
1193,1009,2202
1181,1021,2202
1171,1031,2202
1163,1039,2202
1153,1049,2202
1151,1051,2202
1109,1093,2202
2161,43,2204
2143,61,2204
2137,67,2204
2131,73,2204
2053,151,2204
2011,193,2204
1993,211,2204
1933,271,2204
1873,331,2204
1867,337,2204
1831,373,2204
1783,421,2204
1747,457,2204
1741,463,2204
1663,541,2204
1657,547,2204
1627,577,2204
1597,607,2204
1543,661,2204
1531,673,2204
1471,733,2204
1453,751,2204
1447,757,2204
1381,823,2204
1327,877,2204
1321,883,2204
1297,907,2204
1237,967,2204
1213,991,2204
1171,1033,2204
1153,1051,2204
1117,1087,2204
2203,3,2206
2153,53,2206
2099,107,2206
2069,137,2206
2039,167,2206
2027,179,2206
1979,227,2206
1973,233,2206
1949,257,2206
1913,293,2206
1889,317,2206
1847,359,2206
1823,383,2206
1787,419,2206
1697,509,2206
1637,569,2206
1619,587,2206
1613,593,2206
1607,599,2206
1559,647,2206
1553,653,2206
1523,683,2206
1487,719,2206
1433,773,2206
1409,797,2206
1367,839,2206
1319,887,2206
1277,929,2206
1259,947,2206
1229,977,2206
1223,983,2206
1193,1013,2206
1187,1019,2206
1109,1097,2206
1103,1103,2206
2203,5,2208
2179,29,2208
2161,47,2208
2141,67,2208
2137,71,2208
2129,79,2208
2111,97,2208
2099,109,2208
2081,127,2208
2069,139,2208
2029,179,2208
2027,181,2208
2017,191,2208
2011,197,2208
1997,211,2208
1979,229,2208
1951,257,2208
1931,277,2208
1901,307,2208
1877,331,2208
1871,337,2208
1861,347,2208
1811,397,2208
1789,419,2208
1787,421,2208
1777,431,2208
1759,449,2208
1747,461,2208
1741,467,2208
1721,487,2208
1709,499,2208
1699,509,2208
1667,541,2208
1637,571,2208
1621,587,2208
1609,599,2208
1607,601,2208
1601,607,2208
1567,641,2208
1549,659,2208
1531,677,2208
1499,709,2208
1489,719,2208
1481,727,2208
1451,757,2208
1447,761,2208
1439,769,2208
1399,809,2208
1381,827,2208
1327,881,2208
1321,887,2208
1301,907,2208
1297,911,2208
1289,919,2208
1279,929,2208
1237,971,2208
1231,977,2208
1217,991,2208
1187,1021,2208
1117,1091,2208
2207,3,2210
2203,7,2210
2179,31,2210
2143,67,2210
2137,73,2210
2131,79,2210
2113,97,2210
2083,127,2210
2053,157,2210
2029,181,2210
2017,193,2210
2011,199,2210
1999,211,2210
1987,223,2210
1933,277,2210
1879,331,2210
1873,337,2210
1861,349,2210
1831,379,2210
1801,409,2210
1789,421,2210
1777,433,2210
1753,457,2210
1747,463,2210
1723,487,2210
1669,541,2210
1663,547,2210
1609,601,2210
1597,613,2210
1579,631,2210
1567,643,2210
1549,661,2210
1483,727,2210
1471,739,2210
1459,751,2210
1453,757,2210
1423,787,2210
1399,811,2210
1381,829,2210
1327,883,2210
1303,907,2210
1291,919,2210
1213,997,2210
1201,1009,2210
1171,1039,2210
1123,1087,2210
1117,1093,2210
2207,5,2212
2153,59,2212
2141,71,2212
2129,83,2212
2111,101,2212
2099,113,2212
2081,131,2212
2063,149,2212
2039,173,2212
1979,233,2212
1973,239,2212
1949,263,2212
1931,281,2212
1901,311,2212
1823,389,2212
1811,401,2212
1733,479,2212
1721,491,2212
1709,503,2212
1619,593,2212
1613,599,2212
1571,641,2212
1559,653,2212
1553,659,2212
1511,701,2212
1493,719,2212
1451,761,2212
1439,773,2212
1373,839,2212
1301,911,2212
1283,929,2212
1259,953,2212
1229,983,2212
1193,1019,2212
1181,1031,2212
1163,1049,2212
1151,1061,2212
1109,1103,2212
2207,7,2214
2203,11,2214
2161,53,2214
2153,61,2214
2143,71,2214
2141,73,2214
2131,83,2214
2113,101,2214
2111,103,2214
2087,127,2214
2083,131,2214
2063,151,2214
2017,197,2214
2003,211,2214
1987,227,2214
1973,241,2214
1951,263,2214
1933,281,2214
1931,283,2214
1907,307,2214
1901,313,2214
1877,337,2214
1867,347,2214
1861,353,2214
1847,367,2214
1831,383,2214
1783,431,2214
1753,461,2214
1747,467,2214
1723,491,2214
1693,521,2214
1667,547,2214
1657,557,2214
1637,577,2214
1627,587,2214
1621,593,2214
1613,601,2214
1607,607,2214
1601,613,2214
1597,617,2214
1583,631,2214
1571,643,2214
1567,647,2214
1553,661,2214
1531,683,2214
1523,691,2214
1487,727,2214
1481,733,2214
1471,743,2214
1453,761,2214
1427,787,2214
1361,853,2214
1327,887,2214
1307,907,2214
1303,911,2214
1277,937,2214
1237,977,2214
1231,983,2214
1223,991,2214
1217,997,2214
1201,1013,2214
1193,1021,2214
1181,1033,2214
1163,1051,2214
1153,1061,2214
1151,1063,2214
1123,1091,2214
1117,1097,2214
2213,3,2216
2203,13,2216
2179,37,2216
2143,73,2216
2137,79,2216
2113,103,2216
2089,127,2216
2053,163,2216
2017,199,2216
1993,223,2216
1987,229,2216
1933,283,2216
1879,337,2216
1867,349,2216
1783,433,2216
1777,439,2216
1759,457,2216
1753,463,2216
1693,523,2216
1669,547,2216
1609,607,2216
1597,619,2216
1543,673,2216
1489,727,2216
1483,733,2216
1459,757,2216
1447,769,2216
1429,787,2216
1297,919,2216
1279,937,2216
1249,967,2216
1153,1063,2216
1129,1087,2216
1123,1093,2216
2213,5,2218
2207,11,2218
2129,89,2218
2111,107,2218
2087,131,2218
2081,137,2218
2069,149,2218
2039,179,2218
2027,191,2218
1979,239,2218
1949,269,2218
1907,311,2218
1901,317,2218
1871,347,2218
1787,431,2218
1709,509,2218
1697,521,2218
1619,599,2218
1601,617,2218
1571,647,2218
1559,659,2218
1499,719,2218
1409,809,2218
1361,857,2218
1307,911,2218
1289,929,2218
1277,941,2218
1187,1031,2218
1109,1109,2218
2213,7,2220
2207,13,2220
2203,17,2220
2179,41,2220
2161,59,2220
2153,67,2220
2141,79,2220
2137,83,2220
2131,89,2220
2113,107,2220
2111,109,2220
2089,131,2220
2083,137,2220
2081,139,2220
2069,151,2220
2063,157,2220
2053,167,2220
2039,181,2220
2029,191,2220
2027,193,2220
1997,223,2220
1993,227,2220
1987,233,2220
1979,241,2220
1951,269,2220
1949,271,2220
1913,307,2220
1907,313,2220
1889,331,2220
1873,347,2220
1871,349,2220
1867,353,2220
1861,359,2220
1847,373,2220
1831,389,2220
1823,397,2220
1811,409,2220
1801,419,2220
1789,431,2220
1787,433,2220
1777,443,2220
1759,461,2220
1753,467,2220
1741,479,2220
1733,487,2220
1721,499,2220
1699,521,2220
1697,523,2220
1663,557,2220
1657,563,2220
1627,593,2220
1621,599,2220
1619,601,2220
1613,607,2220
1607,613,2220
1601,619,2220
1579,641,2220
1567,653,2220
1559,661,2220
1543,677,2220
1511,709,2220
1493,727,2220
1487,733,2220
1481,739,2220
1459,761,2220
1451,769,2220
1447,773,2220
1433,787,2220
1423,797,2220
1409,811,2220
1399,821,2220
1381,839,2220
1367,853,2220
1361,859,2220
1301,919,2220
1291,929,2220
1283,937,2220
1279,941,2220
1249,971,2220
1237,983,2220
1229,991,2220
1223,997,2220
1201,1019,2220
1187,1033,2220
1181,1039,2220
1171,1049,2220
1151,1069,2220
1129,1091,2220
1123,1097,2220
1117,1103,2220
2203,19,2222
2179,43,2222
2161,61,2222
2143,79,2222
2113,109,2222
2083,139,2222
2029,193,2222
2011,211,2222
1999,223,2222
1993,229,2222
1951,271,2222
1873,349,2222
1801,421,2222
1789,433,2222
1783,439,2222
1759,463,2222
1723,499,2222
1699,523,2222
1621,601,2222
1609,613,2222
1579,643,2222
1549,673,2222
1531,691,2222
1489,733,2222
1483,739,2222
1471,751,2222
1453,769,2222
1399,823,2222
1303,919,2222
1231,991,2222
1213,1009,2222
1201,1021,2222
1171,1051,2222
1153,1069,2222
1129,1093,2222
2221,3,2224
2213,11,2224
2207,17,2224
2153,71,2224
2141,83,2224
2111,113,2224
2087,137,2224
2027,197,2224
1997,227,2224
1973,251,2224
1931,293,2224
1913,311,2224
1907,317,2224
1877,347,2224
1871,353,2224
1823,401,2224
1733,491,2224
1721,503,2224
1667,557,2224
1637,587,2224
1607,617,2224
1583,641,2224
1571,653,2224
1523,701,2224
1481,743,2224
1451,773,2224
1427,797,2224
1367,857,2224
1361,863,2224
1283,941,2224
1277,947,2224
1193,1031,2224
1163,1061,2224
2221,5,2226
2213,13,2226
2207,19,2226
2203,23,2226
2179,47,2226
2153,73,2226
2143,83,2226
2137,89,2226
2129,97,2226
2113,113,2226
2099,127,2226
2089,137,2226
2087,139,2226
2069,157,2226
2063,163,2226
2053,173,2226
2029,197,2226
2027,199,2226
2003,223,2226
1999,227,2226
1997,229,2226
1993,233,2226
1987,239,2226
1949,277,2226
1933,293,2226
1913,313,2226
1889,337,2226
1879,347,2226
1877,349,2226
1873,353,2226
1867,359,2226
1847,379,2226
1787,439,2226
1783,443,2226
1777,449,2226
1759,467,2226
1747,479,2226
1723,503,2226
1669,557,2226
1663,563,2226
1657,569,2226
1627,599,2226
1619,607,2226
1613,613,2226
1609,617,2226
1607,619,2226
1583,643,2226
1579,647,2226
1567,659,2226
1553,673,2226
1549,677,2226
1543,683,2226
1499,727,2226
1493,733,2226
1487,739,2226
1483,743,2226
1453,773,2226
1439,787,2226
1429,797,2226
1399,827,2226
1373,853,2226
1367,859,2226
1319,907,2226
1307,919,2226
1297,929,2226
1289,937,2226
1279,947,2226
1259,967,2226
1249,977,2226
1229,997,2226
1217,1009,2226
1213,1013,2226
1193,1033,2226
1187,1039,2226
1163,1063,2226
1129,1097,2226
1123,1103,2226
1117,1109,2226
2221,7,2228
2161,67,2228
2131,97,2228
2089,139,2228
2029,199,2228
2017,211,2228
1999,229,2228
1987,241,2228
1951,277,2228
1879,349,2228
1861,367,2228
1831,397,2228
1789,439,2228
1741,487,2228
1657,571,2228
1627,601,2228
1621,607,2228
1609,619,2228
1597,631,2228
1567,661,2228
1489,739,2228
1471,757,2228
1459,769,2228
1399,829,2228
1321,907,2228
1291,937,2228
1237,991,2228
1231,997,2228
2213,17,2230
2207,23,2230
2141,89,2230
2129,101,2230
2099,131,2230
2081,149,2230
2063,167,2230
2039,191,2230
2003,227,2230
1997,233,2230
1979,251,2230
1973,257,2230
1949,281,2230
1913,317,2230
1877,353,2230
1871,359,2230
1847,383,2230
1811,419,2230
1787,443,2230
1721,509,2230
1709,521,2230
1667,563,2230
1637,593,2230
1613,617,2230
1583,647,2230
1571,659,2230
1553,677,2230
1511,719,2230
1487,743,2230
1433,797,2230
1409,821,2230
1373,857,2230
1367,863,2230
1319,911,2230
1301,929,2230
1289,941,2230
1283,947,2230
1277,953,2230
1259,971,2230
1217,1013,2230
1181,1049,2230
2221,11,2232
2213,19,2232
2203,29,2232
2179,53,2232
2161,71,2232
2153,79,2232
2143,89,2232
2131,101,2232
2129,103,2232
2083,149,2232
2081,151,2232
2069,163,2232
2053,179,2232
2039,193,2232
2003,229,2232
1999,233,2232
1993,239,2232
1951,281,2232
1949,283,2232
1901,331,2232
1879,353,2232
1873,359,2232
1831,401,2232
1823,409,2232
1811,421,2232
1801,431,2232
1789,443,2232
1783,449,2232
1753,479,2232
1741,491,2232
1733,499,2232
1723,509,2232
1709,523,2232
1669,563,2232
1663,569,2232
1619,613,2232
1613,619,2232
1601,631,2232
1579,653,2232
1571,661,2232
1559,673,2232
1549,683,2232
1531,701,2232
1523,709,2232
1499,733,2232
1493,739,2232
1489,743,2232
1481,751,2232
1471,761,2232
1459,773,2232
1423,809,2232
1409,823,2232
1373,859,2232
1321,911,2232
1303,929,2232
1291,941,2232
1279,953,2232
1249,983,2232
1223,1009,2232
1213,1019,2232
1201,1031,2232
1193,1039,2232
1181,1051,2232
1171,1061,2232
1163,1069,2232
1129,1103,2232
1123,1109,2232
2221,13,2234
2203,31,2234
2161,73,2234
2137,97,2234
2131,103,2234
2083,151,2234
2053,181,2234
2011,223,2234
1993,241,2234
1951,283,2234
1867,367,2234
1861,373,2234
1801,433,2234
1777,457,2234
1747,487,2234
1693,541,2234
1663,571,2234
1657,577,2234
1627,607,2234
1621,613,2234
1543,691,2234
1483,751,2234
1447,787,2234
1423,811,2234
1381,853,2234
1327,907,2234
1297,937,2234
1237,997,2234
1213,1021,2234
1201,1033,2234
1171,1063,2234
1117,1117,2234
2213,23,2236
2207,29,2236
2153,83,2236
2129,107,2236
2099,137,2236
2087,149,2236
2069,167,2236
2063,173,2236
2039,197,2236
2003,233,2236
1997,239,2236
1979,257,2236
1973,263,2236
1889,347,2236
1877,359,2236
1847,389,2236
1787,449,2236
1733,503,2236
1667,569,2236
1637,599,2236
1619,617,2236
1583,653,2236
1559,677,2236
1553,683,2236
1493,743,2236
1439,797,2236
1427,809,2236
1409,827,2236
1373,863,2236
1307,929,2236
1289,947,2236
1283,953,2236
1259,977,2236
1223,1013,2236
1217,1019,2236
1187,1049,2236
2221,17,2238
2207,31,2238
2179,59,2238
2141,97,2238
2137,101,2238
2131,107,2238
2129,109,2238
2111,127,2238
2099,139,2238
2089,149,2238
2087,151,2238
2081,157,2238
2039,199,2238
2027,211,2238
2011,227,2238
1999,239,2238
1997,241,2238
1987,251,2238
1931,307,2238
1907,331,2238
1901,337,2238
1889,349,2238
1879,359,2238
1871,367,2238
1789,449,2238
1777,461,2238
1759,479,2238
1747,491,2238
1697,541,2238
1669,569,2238
1667,571,2238
1637,601,2238
1621,617,2238
1619,619,2238
1607,631,2238
1597,641,2238
1579,659,2238
1511,727,2238
1499,739,2238
1487,751,2238
1481,757,2238
1451,787,2238
1429,809,2238
1427,811,2238
1409,829,2238
1399,839,2238
1381,857,2238
1361,877,2238
1327,911,2238
1319,919,2238
1301,937,2238
1297,941,2238
1291,947,2238
1229,1009,2238
1217,1021,2238
1187,1051,2238
1151,1087,2238
1129,1109,2238
2237,3,2240
2221,19,2240
2203,37,2240
2179,61,2240
2161,79,2240
2143,97,2240
2137,103,2240
2131,109,2240
2113,127,2240
2089,151,2240
2083,157,2240
2029,211,2240
2017,223,2240
2011,229,2240
1999,241,2240
1933,307,2240
1873,367,2240
1867,373,2240
1861,379,2240
1831,409,2240
1801,439,2240
1783,457,2240
1777,463,2240
1753,487,2240
1741,499,2240
1699,541,2240
1693,547,2240
1669,571,2240
1663,577,2240
1627,613,2240
1621,619,2240
1609,631,2240
1597,643,2240
1579,661,2240
1567,673,2240
1549,691,2240
1531,709,2240
1489,751,2240
1483,757,2240
1471,769,2240
1453,787,2240
1429,811,2240
1381,859,2240
1321,919,2240
1303,937,2240
1249,991,2240
1231,1009,2240
1201,1039,2240
1171,1069,2240
1153,1087,2240
1123,1117,2240
2239,3,2242
2237,5,2242
2213,29,2242
2153,89,2242
2141,101,2242
2129,113,2242
2111,131,2242
2069,173,2242
2063,179,2242
2003,239,2242
1979,263,2242
1973,269,2242
1949,293,2242
1931,311,2242
1889,353,2242
1823,419,2242
1811,431,2242
1733,509,2242
1721,521,2242
1601,641,2242
1583,659,2242
1559,683,2242
1523,719,2242
1499,743,2242
1481,761,2242
1433,809,2242
1361,881,2242
1301,941,2242
1289,953,2242
1259,983,2242
1229,1013,2242
1223,1019,2242
1193,1049,2242
1181,1061,2242
1151,1091,2242
2239,5,2244
2237,7,2244
2221,23,2244
2213,31,2244
2207,37,2244
2203,41,2244
2161,83,2244
2143,101,2244
2141,103,2244
2137,107,2244
2131,113,2244
2113,131,2244
2087,157,2244
2081,163,2244
2063,181,2244
2053,191,2244
2017,227,2244
2011,233,2244
2003,241,2244
1993,251,2244
1987,257,2244
1973,271,2244
1951,293,2244
1933,311,2244
1931,313,2244
1913,331,2244
1907,337,2244
1877,367,2244
1871,373,2244
1861,383,2244
1847,397,2244
1823,421,2244
1811,433,2244
1801,443,2244
1787,457,2244
1783,461,2244
1777,467,2244
1753,491,2244
1741,503,2244
1723,521,2244
1721,523,2244
1697,547,2244
1667,577,2244
1657,587,2244
1637,607,2244
1627,617,2244
1613,631,2244
1601,643,2244
1597,647,2244
1583,661,2244
1571,673,2244
1567,677,2244
1553,691,2244
1543,701,2244
1511,733,2244
1493,751,2244
1487,757,2244
1483,761,2244
1471,773,2244
1447,797,2244
1433,811,2244
1423,821,2244
1381,863,2244
1367,877,2244
1361,883,2244
1307,937,2244
1303,941,2244
1297,947,2244
1291,953,2244
1277,967,2244
1231,1013,2244
1223,1021,2244
1213,1031,2244
1193,1051,2244
1181,1063,2244
1153,1091,2244
1151,1093,2244
2243,3,2246
2239,7,2246
2203,43,2246
2179,67,2246
2143,103,2246
2137,109,2246
2089,157,2246
2083,163,2246
2053,193,2246
2017,229,2246
1933,313,2246
1879,367,2246
1873,373,2246
1867,379,2246
1789,457,2246
1783,463,2246
1759,487,2246
1747,499,2246
1723,523,2246
1699,547,2246
1669,577,2246
1627,619,2246
1489,757,2246
1459,787,2246
1423,823,2246
1327,919,2246
1279,967,2246
1249,997,2246
1237,1009,2246
1213,1033,2246
1153,1093,2246
1129,1117,2246
1123,1123,2246
2243,5,2248
2237,11,2248
2207,41,2248
2141,107,2248
2111,137,2248
2099,149,2248
2081,167,2248
2069,179,2248
1997,251,2248
1979,269,2248
1931,317,2248
1901,347,2248
1889,359,2248
1847,401,2248
1787,461,2248
1607,641,2248
1601,647,2248
1571,677,2248
1487,761,2248
1451,797,2248
1439,809,2248
1427,821,2248
1409,839,2248
1367,881,2248
1361,887,2248
1319,929,2248
1307,941,2248
1301,947,2248
1277,971,2248
1229,1019,2248
1217,1031,2248
1187,1061,2248
1151,1097,2248
2243,7,2250
2239,11,2250
2237,13,2250
2221,29,2250
2213,37,2250
2207,43,2250
2203,47,2250
2179,71,2250
2161,89,2250
2153,97,2250
2143,107,2250
2141,109,2250
2137,113,2250
2113,137,2250
2111,139,2250
2099,151,2250
2087,163,2250
2083,167,2250
2069,181,2250
2053,197,2250
2039,211,2250
2027,223,2250
2017,233,2250
2011,239,2250
1999,251,2250
1993,257,2250
1987,263,2250
1979,271,2250
1973,277,2250
1933,317,2250
1913,337,2250
1901,349,2250
1877,373,2250
1871,379,2250
1867,383,2250
1861,389,2250
1831,419,2250
1811,439,2250
1801,449,2250
1789,461,2250
1787,463,2250
1783,467,2250
1759,491,2250
1747,503,2250
1741,509,2250
1709,541,2250
1693,557,2250
1663,587,2250
1657,593,2250
1637,613,2250
1619,631,2250
1609,641,2250
1607,643,2250
1597,653,2250
1567,683,2250
1559,691,2250
1549,701,2250
1531,719,2250
1523,727,2250
1511,739,2250
1499,751,2250
1493,757,2250
1489,761,2250
1481,769,2250
1453,797,2250
1439,811,2250
1429,821,2250
1427,823,2250
1423,827,2250
1373,877,2250
1367,883,2250
1321,929,2250
1303,947,2250
1297,953,2250
1283,967,2250
1279,971,2250
1259,991,2250
1237,1013,2250
1231,1019,2250
1229,1021,2250
1217,1033,2250
1201,1049,2250
1187,1063,2250
1181,1069,2250
1163,1087,2250
1153,1097,2250
2239,13,2252
2221,31,2252
2179,73,2252
2143,109,2252
2113,139,2252
2089,163,2252
2053,199,2252
2029,223,2252
2011,241,2252
1879,373,2252
1873,379,2252
1831,421,2252
1789,463,2252
1753,499,2252
1621,631,2252
1609,643,2252
1579,673,2252
1543,709,2252
1483,769,2252
1429,823,2252
1423,829,2252
1399,853,2252
1231,1021,2252
1213,1039,2252
1201,1051,2252
1129,1123,2252
2251,3,2254
2243,11,2254
2237,17,2254
2213,41,2254
2207,47,2254
2153,101,2254
2141,113,2254
2087,167,2254
2081,173,2254
2063,191,2254
2027,227,2254
2003,251,2254
1997,257,2254
1973,281,2254
1907,347,2254
1901,353,2254
1871,383,2254
1823,431,2254
1811,443,2254
1787,467,2254
1733,521,2254
1697,557,2254
1667,587,2254
1637,617,2254
1613,641,2254
1607,647,2254
1601,653,2254
1571,683,2254
1553,701,2254
1511,743,2254
1493,761,2254
1481,773,2254
1433,821,2254
1427,827,2254
1373,881,2254
1367,887,2254
1307,947,2254
1301,953,2254
1283,971,2254
1277,977,2254
1223,1031,2254
1193,1061,2254
1163,1091,2254
1151,1103,2254
2251,5,2256
2243,13,2256
2239,17,2256
2237,19,2256
2213,43,2256
2203,53,2256
2153,103,2256
2143,113,2256
2129,127,2256
2099,157,2256
2089,167,2256
2083,173,2256
2063,193,2256
2029,227,2256
2027,229,2256
2017,239,2256
1999,257,2256
1993,263,2256
1987,269,2256
1979,277,2256
1973,283,2256
1949,307,2256
1907,349,2256
1889,367,2256
1877,379,2256
1873,383,2256
1867,389,2256
1847,409,2256
1823,433,2256
1789,467,2256
1777,479,2256
1753,503,2256
1747,509,2256
1733,523,2256
1709,547,2256
1699,557,2256
1693,563,2256
1669,587,2256
1663,593,2256
1657,599,2256
1637,619,2256
1613,643,2256
1609,647,2256
1597,659,2256
1583,673,2256
1579,677,2256
1523,733,2256
1499,757,2256
1487,769,2256
1483,773,2256
1459,797,2256
1447,809,2256
1433,823,2256
1429,827,2256
1427,829,2256
1399,857,2256
1373,883,2256
1327,929,2256
1319,937,2256
1303,953,2256
1289,967,2256
1279,977,2256
1259,997,2256
1237,1019,2256
1223,1033,2256
1217,1039,2256
1193,1063,2256
1187,1069,2256
1163,1093,2256
1153,1103,2256
2251,7,2258
2239,19,2258
2221,37,2258
2179,79,2258
2161,97,2258
2131,127,2258
2029,229,2258
2017,241,2258
1987,271,2258
1951,307,2258
1879,379,2258
1861,397,2258
1801,457,2258
1759,499,2258
1657,601,2258
1627,631,2258
1597,661,2258
1567,691,2258
1549,709,2258
1531,727,2258
1489,769,2258
1471,787,2258
1447,811,2258
1429,829,2258
1399,859,2258
1381,877,2258
1321,937,2258
1291,967,2258
1249,1009,2258
1237,1021,2258
1171,1087,2258
1129,1129,2258
2243,17,2260
2237,23,2260
2213,47,2260
2207,53,2260
2153,107,2260
2129,131,2260
2111,149,2260
2087,173,2260
2081,179,2260
2069,191,2260
2063,197,2260
2027,233,2260
2003,257,2260
1997,263,2260
1979,281,2260
1949,311,2260
1913,347,2260
1907,353,2260
1901,359,2260
1877,383,2260
1871,389,2260
1811,449,2260
1697,563,2260
1667,593,2260
1619,641,2260
1613,647,2260
1607,653,2260
1601,659,2260
1583,677,2260
1559,701,2260
1499,761,2260
1487,773,2260
1451,809,2260
1439,821,2260
1433,827,2260
1373,887,2260
1319,941,2260
1307,953,2260
1289,971,2260
1283,977,2260
1277,983,2260
1229,1031,2260
1163,1097,2260
1151,1109,2260
2251,11,2262
2243,19,2262
2239,23,2262
2221,41,2262
2203,59,2262
2179,83,2262
2161,101,2262
2153,109,2262
2131,131,2262
2113,149,2262
2111,151,2262
2099,163,2262
2089,173,2262
2083,179,2262
2081,181,2262
2069,193,2262
2063,199,2262
2039,223,2262
2029,233,2262
2011,251,2262
1999,263,2262
1993,269,2262
1979,283,2262
1951,311,2262
1949,313,2262
1931,331,2262
1913,349,2262
1889,373,2262
1879,383,2262
1873,389,2262
1861,401,2262
1831,431,2262
1823,439,2262
1801,461,2262
1783,479,2262
1759,503,2262
1753,509,2262
1741,521,2262
1721,541,2262
1699,563,2262
1693,569,2262
1669,593,2262
1663,599,2262
1621,641,2262
1619,643,2262
1609,653,2262
1601,661,2262
1579,683,2262
1571,691,2262
1553,709,2262
1543,719,2262
1523,739,2262
1511,751,2262
1493,769,2262
1489,773,2262
1453,809,2262
1451,811,2262
1439,823,2262
1433,829,2262
1423,839,2262
1409,853,2262
1399,863,2262
1381,881,2262
1321,941,2262
1291,971,2262
1279,983,2262
1249,1013,2262
1231,1031,2262
1229,1033,2262
1223,1039,2262
1213,1049,2262
1201,1061,2262
1193,1069,2262
1171,1091,2262
1153,1109,2262
2251,13,2264
2221,43,2264
2203,61,2264
2161,103,2264
2137,127,2264
2113,151,2264
2083,181,2264
2053,211,2264
1993,271,2264
1987,277,2264
1951,313,2264
1933,331,2264
1867,397,2264
1831,433,2264
1801,463,2264
1777,487,2264
1741,523,2264
1723,541,2264
1693,571,2264
1663,601,2264
1657,607,2264
1621,643,2264
1531,733,2264
1453,811,2264
1381,883,2264
1327,937,2264
1297,967,2264
1231,1033,2264
1213,1051,2264
1201,1063,2264
1171,1093,2264
2243,23,2266
2237,29,2266
2213,53,2266
2207,59,2266
2153,113,2266
2129,137,2266
2099,167,2266
2087,179,2266
2069,197,2266
2039,227,2266
2027,239,2266
2003,263,2266
1997,269,2266
1973,293,2266
1949,317,2266
1913,353,2266
1907,359,2266
1877,389,2266
1847,419,2266
1823,443,2266
1787,479,2266
1709,557,2266
1697,569,2266
1667,599,2266
1619,647,2266
1613,653,2266
1607,659,2266
1583,683,2266
1523,743,2266
1493,773,2266
1439,827,2266
1427,839,2266
1409,857,2266
1319,947,2266
1289,977,2266
1283,983,2266
1217,1049,2266
1163,1103,2266
2251,17,2268
2239,29,2268
2237,31,2268
2221,47,2268
2207,61,2268
2179,89,2268
2161,107,2268
2141,127,2268
2137,131,2268
2131,137,2268
2129,139,2268
2111,157,2268
2089,179,2268
2087,181,2268
2069,199,2268
2039,229,2268
2029,239,2268
2027,241,2268
2017,251,2268
2011,257,2268
1999,269,2268
1997,271,2268
1987,281,2268
1951,317,2268
1931,337,2268
1901,367,2268
1889,379,2268
1879,389,2268
1871,397,2268
1867,401,2268
1847,421,2268
1811,457,2268
1801,467,2268
1789,479,2268
1777,491,2268
1759,509,2268
1747,521,2268
1721,547,2268
1699,569,2268
1697,571,2268
1669,599,2268
1667,601,2268
1637,631,2268
1627,641,2268
1621,647,2268
1609,659,2268
1607,661,2268
1567,701,2268
1559,709,2268
1549,719,2268
1511,757,2268
1499,769,2268
1481,787,2268
1471,797,2268
1459,809,2268
1447,821,2268
1439,829,2268
1429,839,2268
1409,859,2268
1381,887,2268
1361,907,2268
1327,941,2268
1321,947,2268
1301,967,2268
1297,971,2268
1291,977,2268
1277,991,2268
1259,1009,2268
1249,1019,2268
1237,1031,2268
1229,1039,2268
1217,1051,2268
1181,1087,2268
1171,1097,2268
1151,1117,2268
2267,3,2270
2251,19,2270
2239,31,2270
2203,67,2270
2161,109,2270
2143,127,2270
2131,139,2270
2113,157,2270
2089,181,2270
2029,241,2270
1999,271,2270
1993,277,2270
1987,283,2270
1933,337,2270
1873,397,2270
1861,409,2270
1831,439,2270
1783,487,2270
1747,523,2270
1723,547,2270
1699,571,2270
1693,577,2270
1669,601,2270
1663,607,2270
1657,613,2270
1627,643,2270
1609,661,2270
1597,673,2270
1579,691,2270
1543,727,2270
1531,739,2270
1483,787,2270
1459,811,2270
1447,823,2270
1303,967,2270
1279,991,2270
1249,1021,2270
1237,1033,2270
1231,1039,2270
1201,1069,2270
1153,1117,2270
2269,3,2272
2267,5,2272
2243,29,2272
2213,59,2272
2141,131,2272
2099,173,2272
2081,191,2272
2039,233,2272
2003,269,2272
1979,293,2272
1913,359,2272
1889,383,2272
1871,401,2272
1823,449,2272
1811,461,2272
1709,563,2272
1619,653,2272
1613,659,2272
1571,701,2272
1553,719,2272
1511,761,2272
1499,773,2272
1451,821,2272
1433,839,2272
1409,863,2272
1361,911,2272
1319,953,2272
1301,971,2272
1289,983,2272
1259,1013,2272
1223,1049,2272
1181,1091,2272
1163,1109,2272
2269,5,2274
2267,7,2274
2251,23,2274
2243,31,2274
2237,37,2274
2221,53,2274
2213,61,2274
2207,67,2274
2203,71,2274
2161,113,2274
2143,131,2274
2137,137,2274
2111,163,2274
2083,191,2274
2081,193,2274
2063,211,2274
2017,257,2274
2011,263,2274
2003,271,2274
1997,277,2274
1993,281,2274
1907,367,2274
1901,373,2274
1877,397,2274
1873,401,2274
1831,443,2274
1811,463,2274
1787,487,2274
1783,491,2274
1753,521,2274
1733,541,2274
1697,577,2274
1667,607,2274
1657,617,2274
1627,647,2274
1621,653,2274
1613,661,2274
1601,673,2274
1597,677,2274
1583,691,2274
1531,743,2274
1523,751,2274
1487,787,2274
1453,821,2274
1451,823,2274
1447,827,2274
1367,907,2274
1327,947,2274
1321,953,2274
1307,967,2274
1303,971,2274
1297,977,2274
1291,983,2274
1283,991,2274
1277,997,2274
1223,1051,2274
1213,1061,2274
1187,1087,2274
1181,1093,2274
1171,1103,2274
1151,1123,2274
2273,3,2276
2269,7,2276
2239,37,2276
2203,73,2276
2179,97,2276
2137,139,2276
2113,163,2276
2083,193,2276
2053,223,2276
1999,277,2276
1993,283,2276
1879,397,2276
1867,409,2276
1789,487,2276
1777,499,2276
1753,523,2276
1699,577,2276
1669,607,2276
1663,613,2276
1657,619,2276
1567,709,2276
1549,727,2276
1543,733,2276
1489,787,2276
1453,823,2276
1447,829,2276
1423,853,2276
1399,877,2276
1279,997,2276
1237,1039,2276
1213,1063,2276
1153,1123,2276
2273,5,2278
2267,11,2278
2237,41,2278
2207,71,2278
2141,137,2278
2129,149,2278
2111,167,2278
2099,179,2278
2087,191,2278
2081,197,2278
2039,239,2278
2027,251,2278
1997,281,2278
1931,347,2278
1889,389,2278
1877,401,2278
1847,431,2278
1811,467,2278
1787,491,2278
1721,557,2278
1709,569,2278
1637,641,2278
1619,659,2278
1601,677,2278
1559,719,2278
1481,797,2278
1451,827,2278
1439,839,2278
1367,911,2278
1307,971,2278
1301,977,2278
1259,1019,2278
1229,1049,2278
1217,1061,2278
1187,1091,2278
1181,1097,2278
2273,7,2280
2269,11,2280
2267,13,2280
2251,29,2280
2243,37,2280
2239,41,2280
2237,43,2280
2221,59,2280
2213,67,2280
2207,73,2280
2179,101,2280
2153,127,2280
2143,137,2280
2141,139,2280
2131,149,2280
2129,151,2280
2113,167,2280
2099,181,2280
2089,191,2280
2087,193,2280
2083,197,2280
2081,199,2280
2069,211,2280
2053,227,2280
2039,241,2280
2029,251,2280
2017,263,2280
2011,269,2280
2003,277,2280
1999,281,2280
1997,283,2280
1987,293,2280
1973,307,2280
1949,331,2280
1933,347,2280
1931,349,2280
1913,367,2280
1907,373,2280
1901,379,2280
1879,401,2280
1871,409,2280
1861,419,2280
1847,433,2280
1831,449,2280
1823,457,2280
1801,479,2280
1789,491,2280
1777,503,2280
1759,521,2280
1733,547,2280
1723,557,2280
1709,571,2280
1693,587,2280
1667,613,2280
1663,617,2280
1637,643,2280
1627,653,2280
1621,659,2280
1619,661,2280
1607,673,2280
1597,683,2280
1579,701,2280
1571,709,2280
1553,727,2280
1523,757,2280
1511,769,2280
1493,787,2280
1483,797,2280
1471,809,2280
1459,821,2280
1453,827,2280
1451,829,2280
1427,853,2280
1423,857,2280
1399,881,2280
1373,907,2280
1361,919,2280
1327,953,2280
1303,977,2280
1297,983,2280
1289,991,2280
1283,997,2280
1259,1021,2280
1249,1031,2280
1231,1049,2280
1229,1051,2280
1217,1063,2280
1193,1087,2280
1187,1093,2280
1171,1109,2280
1163,1117,2280
1151,1129,2280
2269,13,2282
2251,31,2282
2239,43,2282
2221,61,2282
2203,79,2282
2179,103,2282
2143,139,2282
2131,151,2282
2089,193,2282
2083,199,2282
2053,229,2282
2011,271,2282
1999,283,2282
1951,331,2282
1933,349,2282
1873,409,2282
1861,421,2282
1783,499,2282
1759,523,2282
1741,541,2282
1669,613,2282
1663,619,2282
1621,661,2282
1609,673,2282
1549,733,2282
1543,739,2282
1531,751,2282
1471,811,2282
1459,823,2282
1453,829,2282
1429,853,2282
1423,859,2282
1399,883,2282
1291,991,2282
1249,1033,2282
1231,1051,2282
1213,1069,2282
1153,1129,2282
2281,3,2284
2273,11,2284
2267,17,2284
2243,41,2284
2237,47,2284
2213,71,2284
2153,131,2284
2111,173,2284
2087,197,2284
2027,257,2284
2003,281,2284
1973,311,2284
1931,353,2284
1901,383,2284
1823,461,2284
1721,563,2284
1697,587,2284
1667,617,2284
1637,647,2284
1607,677,2284
1601,683,2284
1583,701,2284
1523,761,2284
1511,773,2284
1487,797,2284
1427,857,2284
1373,911,2284
1307,977,2284
1301,983,2284
1223,1061,2284
1193,1091,2284
1187,1097,2284
1181,1103,2284
2281,5,2286
2273,13,2286
2269,17,2286
2267,19,2286
2243,43,2286
2239,47,2286
2213,73,2286
2207,79,2286
2203,83,2286
2179,107,2286
2137,149,2286
2129,157,2286
2113,173,2286
2089,197,2286
2087,199,2286
2063,223,2286
2053,233,2286
2029,257,2286
2017,269,2286
2003,283,2286
1993,293,2286
1979,307,2286
1973,313,2286
1949,337,2286
1933,353,2286
1913,373,2286
1907,379,2286
1889,397,2286
1877,409,2286
1867,419,2286
1847,439,2286
1823,463,2286
1787,499,2286
1783,503,2286
1777,509,2286
1723,563,2286
1709,577,2286
1699,587,2286
1693,593,2286
1669,617,2286
1667,619,2286
1627,659,2286
1613,673,2286
1609,677,2286
1567,719,2286
1559,727,2286
1553,733,2286
1543,743,2286
1499,787,2286
1489,797,2286
1459,827,2286
1447,839,2286
1433,853,2286
1429,857,2286
1427,859,2286
1423,863,2286
1409,877,2286
1399,887,2286
1367,919,2286
1319,967,2286
1303,983,2286
1289,997,2286
1277,1009,2286
1237,1049,2286
1223,1063,2286
1217,1069,2286
1193,1093,2286
1163,1123,2286
2281,7,2288
2269,19,2288
2251,37,2288
2221,67,2288
2179,109,2288
2161,127,2288
2137,151,2288
2131,157,2288
2089,199,2288
2017,271,2288
2011,277,2288
1951,337,2288
1879,409,2288
1867,421,2288
1831,457,2288
1801,487,2288
1789,499,2288
1747,541,2288
1741,547,2288
1669,619,2288
1657,631,2288
1627,661,2288
1597,691,2288
1579,709,2288
1549,739,2288
1531,757,2288
1459,829,2288
1429,859,2288
1381,907,2288
1321,967,2288
1297,991,2288
1291,997,2288
1279,1009,2288
1249,1039,2288
1237,1051,2288
1201,1087,2288
1171,1117,2288
2287,3,2290
2273,17,2290
2267,23,2290
2243,47,2290
2237,53,2290
2207,83,2290
2153,137,2290
2141,149,2290
2111,179,2290
2099,191,2290
2063,227,2290
2039,251,2290
2027,263,2290
1997,293,2290
1979,311,2290
1973,317,2290
1931,359,2290
1907,383,2290
1901,389,2290
1889,401,2290
1871,419,2290
1847,443,2290
1823,467,2290
1811,479,2290
1787,503,2290
1733,557,2290
1721,569,2290
1697,593,2290
1637,653,2290
1613,677,2290
1607,683,2290
1571,719,2290
1493,797,2290
1481,809,2290
1451,839,2290
1433,857,2290
1427,863,2290
1409,881,2290
1361,929,2290
1319,971,2290
1307,983,2290
1277,1013,2290
1259,1031,2290
1229,1061,2290
1193,1097,2290
1187,1103,2290
1181,1109,2290
2287,5,2292
2281,11,2292
2273,19,2292
2269,23,2292
2251,41,2292
2239,53,2292
2221,71,2292
2213,79,2292
2203,89,2292
2179,113,2292
2161,131,2292
2153,139,2292
2143,149,2292
2141,151,2292
2129,163,2292
2113,179,2292
2111,181,2292
2099,193,2292
2081,211,2292
2069,223,2292
2063,229,2292
2053,239,2292
2029,263,2292
2011,281,2292
1999,293,2292
1979,313,2292
1933,359,2292
1913,379,2292
1873,419,2292
1871,421,2292
1861,431,2292
1831,461,2292
1801,491,2292
1789,503,2292
1783,509,2292
1723,569,2292
1721,571,2292
1699,593,2292
1693,599,2292
1619,673,2292
1609,683,2292
1601,691,2292
1583,709,2292
1559,733,2292
1553,739,2292
1549,743,2292
1531,761,2292
1523,769,2292
1483,809,2292
1481,811,2292
1471,821,2292
1453,839,2292
1439,853,2292
1433,859,2292
1429,863,2292
1409,883,2292
1381,911,2292
1373,919,2292
1321,971,2292
1301,991,2292
1283,1009,2292
1279,1013,2292
1259,1033,2292
1231,1061,2292
1229,1063,2292
1223,1069,2292
1201,1091,2292
1163,1129,2292
2287,7,2294
2281,13,2294
2251,43,2294
2221,73,2294
2143,151,2294
2137,157,2294
2131,163,2294
2113,181,2294
2083,211,2294
2053,241,2294
2017,277,2294
2011,283,2294
1987,307,2294
1873,421,2294
1861,433,2294
1831,463,2294
1753,541,2294
1747,547,2294
1723,571,2294
1693,601,2294
1663,631,2294
1621,673,2294
1567,727,2294
1543,751,2294
1483,811,2294
1471,823,2294
1327,967,2294
1303,991,2294
1297,997,2294
1231,1063,2294
1201,1093,2294
1171,1123,2294
2293,3,2296
2273,23,2296
2267,29,2296
2243,53,2296
2237,59,2296
2213,83,2296
2207,89,2296
2129,167,2296
2099,197,2296
2069,227,2296
2063,233,2296
2039,257,2296
2027,269,2296
2003,293,2296
1979,317,2296
1949,347,2296
1913,383,2296
1907,389,2296
1877,419,2296
1847,449,2296
1787,509,2296
1733,563,2296
1709,587,2296
1697,599,2296
1637,659,2296
1619,677,2296
1613,683,2296
1553,743,2296
1523,773,2296
1499,797,2296
1487,809,2296
1439,857,2296
1433,863,2296
1409,887,2296
1367,929,2296
1319,977,2296
1283,1013,2296
1277,1019,2296
1193,1103,2296
1187,1109,2296
2293,5,2298
2287,11,2298
2281,17,2298
2269,29,2298
2267,31,2298
2251,47,2298
2239,59,2298
2237,61,2298
2161,137,2298
2141,157,2298
2131,167,2298
2099,199,2298
2087,211,2298
2069,229,2298
2029,269,2298
2027,271,2298
2017,281,2298
1987,311,2298
1951,347,2298
1949,349,2298
1931,367,2298
1901,397,2298
1889,409,2298
1879,419,2298
1877,421,2298
1867,431,2298
1831,467,2298
1811,487,2298
1789,509,2298
1777,521,2298
1741,557,2298
1721,577,2298
1699,599,2298
1697,601,2298
1667,631,2298
1657,641,2298
1637,661,2298
1621,677,2298
1607,691,2298
1597,701,2298
1579,719,2298
1571,727,2298
1559,739,2298
1511,787,2298
1489,809,2298
1487,811,2298
1471,827,2298
1459,839,2298
1439,859,2298
1361,937,2298
1327,971,2298
1321,977,2298
1307,991,2298
1301,997,2298
1289,1009,2298
1279,1019,2298
1277,1021,2298
1259,1039,2298
1249,1049,2298
1237,1061,2298
1229,1069,2298
1201,1097,2298
1181,1117,2298
2297,3,2300
2293,7,2300
2287,13,2300
2281,19,2300
2269,31,2300
2239,61,2300
2221,79,2300
2203,97,2300
2161,139,2300
2143,157,2300
2137,163,2300
2089,211,2300
2029,271,2300
2017,283,2300
1993,307,2300
1987,313,2300
1951,349,2300
1933,367,2300
1879,421,2300
1867,433,2300
1861,439,2300
1801,499,2300
1777,523,2300
1759,541,2300
1753,547,2300
1723,577,2300
1699,601,2300
1693,607,2300
1669,631,2300
1657,643,2300
1627,673,2300
1609,691,2300
1567,733,2300
1549,751,2300
1543,757,2300
1531,769,2300
1489,811,2300
1471,829,2300
1447,853,2300
1423,877,2300
1381,919,2300
1303,997,2300
1291,1009,2300
1279,1021,2300
1249,1051,2300
1237,1063,2300
1231,1069,2300
1213,1087,2300
1171,1129,2300
2297,5,2302
2273,29,2302
2243,59,2302
2213,89,2302
2153,149,2302
2129,173,2302
2111,191,2302
2069,233,2302
2063,239,2302
2039,263,2302
1949,353,2302
1913,389,2302
1901,401,2302
1871,431,2302
1823,479,2302
1811,491,2302
1733,569,2302
1709,593,2302
1619,683,2302
1601,701,2302
1583,719,2302
1559,743,2302
1493,809,2302
1481,821,2302
1439,863,2302
1373,929,2302
1361,941,2302
1319,983,2302
1289,1013,2302
1283,1019,2302
1193,1109,2302
1151,1151,2302
2297,7,2304
2293,11,2304
2287,17,2304
2281,23,2304
2273,31,2304
2267,37,2304
2251,53,2304
2243,61,2304
2237,67,2304
2221,83,2304
2207,97,2304
2203,101,2304
2153,151,2304
2141,163,2304
2137,167,2304
2131,173,2304
2113,191,2304
2111,193,2304
2081,223,2304
2063,241,2304
2053,251,2304
2027,277,2304
2011,293,2304
1997,307,2304
1993,311,2304
1987,317,2304
1973,331,2304
1951,353,2304
1931,373,2304
1907,397,2304
1873,431,2304
1871,433,2304
1861,443,2304
1847,457,2304
1801,503,2304
1783,521,2304
1747,557,2304
1741,563,2304
1733,571,2304
1697,607,2304
1663,641,2304
1657,647,2304
1627,677,2304
1621,683,2304
1613,691,2304
1571,733,2304
1553,751,2304
1543,761,2304
1531,773,2304
1493,811,2304
1483,821,2304
1481,823,2304
1451,853,2304
1447,857,2304
1427,877,2304
1423,881,2304
1367,937,2304
1327,977,2304
1321,983,2304
1307,997,2304
1291,1013,2304
1283,1021,2304
1217,1087,2304
1213,1091,2304
1201,1103,2304
1187,1117,2304
1181,1123,2304
1153,1151,2304
2293,13,2306
2287,19,2306
2269,37,2306
2239,67,2306
2203,103,2306
2179,127,2306
2143,163,2306
2113,193,2306
2083,223,2306
2029,277,2306
1999,307,2306
1993,313,2306
1933,373,2306
1873,433,2306
1867,439,2306
1783,523,2306
1759,547,2306
1699,607,2306
1693,613,2306
1663,643,2306
1597,709,2306
1579,727,2306
1567,739,2306
1549,757,2306
1483,823,2306
1453,853,2306
1447,859,2306
1429,877,2306
1423,883,2306
1399,907,2306
1297,1009,2306
1237,1069,2306
1213,1093,2306
1153,1153,2306
2297,11,2308
2267,41,2308
2237,71,2308
2207,101,2308
2141,167,2308
2129,179,2308
2111,197,2308
2081,227,2308
2069,239,2308
2039,269,2308
2027,281,2308
1997,311,2308
1949,359,2308
1907,401,2308
1889,419,2308
1877,431,2308
1847,461,2308
1787,521,2308
1721,587,2308
1709,599,2308
1667,641,2308
1607,701,2308
1511,797,2308
1499,809,2308
1487,821,2308
1481,827,2308
1451,857,2308
1427,881,2308
1367,941,2308
1361,947,2308
1289,1019,2308
1277,1031,2308
1259,1049,2308
1217,1091,2308
2297,13,2310
2293,17,2310
2287,23,2310
2281,29,2310
2273,37,2310
2269,41,2310
2267,43,2310
2251,59,2310
2243,67,2310
2239,71,2310
2237,73,2310
2221,89,2310
2213,97,2310
2207,103,2310
2203,107,2310
2179,131,2310
2161,149,2310
2153,157,2310
2143,167,2310
2137,173,2310
2131,179,2310
2129,181,2310
2113,197,2310
2111,199,2310
2099,211,2310
2087,223,2310
2083,227,2310
2081,229,2310
2069,241,2310
2053,257,2310
2039,271,2310
2029,281,2310
2027,283,2310
2017,293,2310
2003,307,2310
1999,311,2310
1997,313,2310
1993,317,2310
1979,331,2310
1973,337,2310
1951,359,2310
1931,379,2310
1913,397,2310
1901,409,2310
1889,421,2310
1879,431,2310
1877,433,2310
1871,439,2310
1867,443,2310
1861,449,2310
1847,463,2310
1831,479,2310
1823,487,2310
1811,499,2310
1801,509,2310
1789,521,2310
1787,523,2310
1753,557,2310
1747,563,2310
1741,569,2310
1733,577,2310
1723,587,2310
1709,601,2310
1697,613,2310
1693,617,2310
1669,641,2310
1667,643,2310
1663,647,2310
1657,653,2310
1637,673,2310
1627,683,2310
1619,691,2310
1609,701,2310
1601,709,2310
1583,727,2310
1571,739,2310
1567,743,2310
1559,751,2310
1553,757,2310
1549,761,2310
1523,787,2310
1499,811,2310
1489,821,2310
1487,823,2310
1483,827,2310
1481,829,2310
1471,839,2310
1453,857,2310
1451,859,2310
1447,863,2310
1433,877,2310
1429,881,2310
1427,883,2310
1423,887,2310
1399,911,2310
1381,929,2310
1373,937,2310
1327,983,2310
1319,991,2310
1301,1009,2310
1297,1013,2310
1291,1019,2310
1289,1021,2310
1279,1031,2310
1277,1033,2310
1259,1051,2310
1249,1061,2310
1223,1087,2310
1217,1093,2310
1213,1097,2310
1201,1109,2310
1193,1117,2310
1187,1123,2310
1181,1129,2310
2309,3,2312
2293,19,2312
2281,31,2312
2269,43,2312
2251,61,2312
2239,73,2312
2203,109,2312
2161,151,2312
2131,181,2312
2113,199,2312
2089,223,2312
2083,229,2312
2029,283,2312
1999,313,2312
1933,379,2312
1879,433,2312
1873,439,2312
1789,523,2312
1741,571,2312
1699,613,2312
1693,619,2312
1669,643,2312
1621,691,2312
1579,733,2312
1543,769,2312
1489,823,2312
1483,829,2312
1459,853,2312
1453,859,2312
1429,883,2312
1321,991,2312
1303,1009,2312
1291,1021,2312
1279,1033,2312
1249,1063,2312
2311,3,2314
2309,5,2314
2297,17,2314
2273,41,2314
2267,47,2314
2243,71,2314
2213,101,2314
2207,107,2314
2141,173,2314
2087,227,2314
2081,233,2314
2063,251,2314
2003,311,2314
1997,317,2314
1931,383,2314
1913,401,2314
1871,443,2314
1847,467,2314
1823,491,2314
1811,503,2314
1721,593,2314
1697,617,2314
1667,647,2314
1637,677,2314
1613,701,2314
1571,743,2314
1553,761,2314
1493,821,2314
1487,827,2314
1451,863,2314
1433,881,2314
1427,887,2314
1373,941,2314
1367,947,2314
1361,953,2314
1301,1013,2314
1283,1031,2314
1223,1091,2314
1217,1097,2314
1163,1151,2314
2311,5,2316
2309,7,2316
2297,19,2316
2293,23,2316
2287,29,2316
2273,43,2316
2269,47,2316
2243,73,2316
2237,79,2316
2213,103,2316
2207,109,2316
2203,113,2316
2179,137,2316
2153,163,2316
2143,173,2316
2137,179,2316
2089,227,2316
2087,229,2316
2083,233,2316
2053,263,2316
2039,277,2316
2003,313,2316
1999,317,2316
1979,337,2316
1949,367,2316
1933,383,2316
1907,409,2316
1877,439,2316
1873,443,2316
1867,449,2316
1759,557,2316
1753,563,2316
1747,569,2316
1723,593,2316
1709,607,2316
1699,617,2316
1697,619,2316
1669,647,2316
1663,653,2316
1657,659,2316
1607,709,2316
1597,719,2316
1583,733,2316
1559,757,2316
1543,773,2316
1493,823,2316
1489,827,2316
1487,829,2316
1459,857,2316
1453,863,2316
1439,877,2316
1433,883,2316
1429,887,2316
1409,907,2316
1319,997,2316
1307,1009,2316
1303,1013,2316
1297,1019,2316
1283,1033,2316
1277,1039,2316
1229,1087,2316
1223,1093,2316
1213,1103,2316
1193,1123,2316
1187,1129,2316
1163,1153,2316
2311,7,2318
2287,31,2318
2281,37,2318
2251,67,2318
2239,79,2318
2221,97,2318
2179,139,2318
2161,157,2318
2137,181,2318
2089,229,2318
2011,307,2318
1987,331,2318
1951,367,2318
1879,439,2318
1861,457,2318
1831,487,2318
1777,541,2318
1747,571,2318
1741,577,2318
1699,619,2318
1657,661,2318
1627,691,2318
1609,709,2318
1579,739,2318
1567,751,2318
1549,769,2318
1531,787,2318
1489,829,2318
1459,859,2318
1399,919,2318
1381,937,2318
1327,991,2318
1321,997,2318
1297,1021,2318
1279,1039,2318
1249,1069,2318
1231,1087,2318
1201,1117,2318
2309,11,2320
2297,23,2320
2273,47,2320
2267,53,2320
2237,83,2320
2213,107,2320
2207,113,2320
2153,167,2320
2141,179,2320
2129,191,2320
2087,233,2320
2081,239,2320
2069,251,2320
2063,257,2320
2039,281,2320
2027,293,2320
2003,317,2320
1973,347,2320
1931,389,2320
1901,419,2320
1889,431,2320
1877,443,2320
1871,449,2320
1811,509,2320
1733,587,2320
1721,599,2320
1667,653,2320
1637,683,2320
1619,701,2320
1601,719,2320
1559,761,2320
1523,797,2320
1511,809,2320
1499,821,2320
1493,827,2320
1481,839,2320
1439,881,2320
1433,887,2320
1409,911,2320
1373,947,2320
1367,953,2320
1307,1013,2320
1301,1019,2320
1289,1031,2320
1259,1061,2320
1229,1091,2320
1223,1097,2320
1217,1103,2320
2311,11,2322
2309,13,2322
2293,29,2322
2281,41,2322
2269,53,2322
2251,71,2322
2243,79,2322
2239,83,2322
2221,101,2322
2213,109,2322
2143,179,2322
2141,181,2322
2131,191,2322
2129,193,2322
2111,211,2322
2099,223,2322
2089,233,2322
2083,239,2322
2081,241,2322
2053,269,2322
2039,283,2322
2029,293,2322
2011,311,2322
1973,349,2322
1949,373,2322
1933,389,2322
1913,409,2322
1901,421,2322
1889,433,2322
1879,443,2322
1873,449,2322
1861,461,2322
1831,491,2322
1823,499,2322
1801,521,2322
1759,563,2322
1753,569,2322
1723,599,2322
1721,601,2322
1709,613,2322
1669,653,2322
1663,659,2322
1621,701,2322
1613,709,2322
1583,739,2322
1579,743,2322
1571,751,2322
1553,769,2322
1549,773,2322
1511,811,2322
1499,823,2322
1493,829,2322
1483,839,2322
1459,863,2322
1439,883,2322
1381,941,2322
1303,1019,2322
1301,1021,2322
1291,1031,2322
1289,1033,2322
1283,1039,2322
1259,1063,2322
1231,1091,2322
1229,1093,2322
1213,1109,2322
1193,1129,2322
1171,1151,2322
2311,13,2324
2293,31,2324
2287,37,2324
2281,43,2324
2251,73,2324
2221,103,2324
2161,163,2324
2143,181,2324
2131,193,2324
2113,211,2324
2083,241,2324
2053,271,2324
2017,307,2324
2011,313,2324
1993,331,2324
1987,337,2324
1951,373,2324
1867,457,2324
1861,463,2324
1801,523,2324
1783,541,2324
1777,547,2324
1753,571,2324
1747,577,2324
1723,601,2324
1693,631,2324
1663,661,2324
1597,727,2324
1567,757,2324
1471,853,2324
1447,877,2324
1327,997,2324
1303,1021,2324
1291,1033,2324
1237,1087,2324
1231,1093,2324
1201,1123,2324
1171,1153,2324
2309,17,2326
2297,29,2326
2273,53,2326
2267,59,2326
2243,83,2326
2237,89,2326
2213,113,2326
2153,173,2326
2129,197,2326
2099,227,2326
2087,239,2326
2069,257,2326
2063,263,2326
1979,347,2326
1973,353,2326
1907,419,2326
1877,449,2326
1847,479,2326
1823,503,2326
1733,593,2326
1709,617,2326
1667,659,2326
1607,719,2326
1583,743,2326
1553,773,2326
1499,827,2326
1487,839,2326
1439,887,2326
1373,953,2326
1307,1019,2326
1277,1049,2326
1229,1097,2326
1223,1103,2326
1217,1109,2326
1163,1163,2326
2311,17,2328
2309,19,2328
2297,31,2328
2287,41,2328
2281,47,2328
2269,59,2328
2267,61,2328
2239,89,2328
2221,107,2328
2179,149,2328
2161,167,2328
2137,191,2328
2131,197,2328
2129,199,2328
2099,229,2328
2089,239,2328
2087,241,2328
2017,311,2328
2011,317,2328
1997,331,2328
1979,349,2328
1949,379,2328
1931,397,2328
1907,421,2328
1889,439,2328
1879,449,2328
1871,457,2328
1867,461,2328
1861,467,2328
1787,541,2328
1759,569,2328
1741,587,2328
1721,607,2328
1709,619,2328
1697,631,2328
1669,659,2328
1667,661,2328
1637,691,2328
1627,701,2328
1619,709,2328
1609,719,2328
1601,727,2328
1571,757,2328
1567,761,2328
1559,769,2328
1531,797,2328
1499,829,2328
1489,839,2328
1471,857,2328
1451,877,2328
1447,881,2328
1409,919,2328
1399,929,2328
1381,947,2328
1361,967,2328
1319,1009,2328
1307,1021,2328
1297,1031,2328
1289,1039,2328
1279,1049,2328
1277,1051,2328
1259,1069,2328
1237,1091,2328
1231,1097,2328
2311,19,2330
2293,37,2330
2287,43,2330
2269,61,2330
2251,79,2330
2221,109,2330
2203,127,2330
2179,151,2330
2137,193,2330
2131,199,2330
2089,241,2330
2053,277,2330
2017,313,2330
1999,331,2330
1993,337,2330
1951,379,2330
1933,397,2330
1873,457,2330
1867,463,2330
1831,499,2330
1789,541,2330
1783,547,2330
1759,571,2330
1753,577,2330
1723,607,2330
1699,631,2330
1669,661,2330
1657,673,2330
1621,709,2330
1597,733,2330
1579,751,2330
1543,787,2330
1471,859,2330
1453,877,2330
1447,883,2330
1423,907,2330
1321,1009,2330
1297,1033,2330
1291,1039,2330
1279,1051,2330
1237,1093,2330
1213,1117,2330
1201,1129,2330
2309,23,2332
2273,59,2332
2243,89,2332
2153,179,2332
2141,191,2332
2099,233,2332
2081,251,2332
2069,263,2332
2063,269,2332
2039,293,2332
1979,353,2332
1973,359,2332
1949,383,2332
1931,401,2332
1913,419,2332
1901,431,2332
1889,443,2332
1871,461,2332
1823,509,2332
1811,521,2332
1733,599,2332
1613,719,2332
1571,761,2332
1559,773,2332
1523,809,2332
1511,821,2332
1493,839,2332
1451,881,2332
1361,971,2332
1319,1013,2332
1301,1031,2332
1283,1049,2332
1229,1103,2332
1223,1109,2332
1181,1151,2332
2311,23,2334
2297,37,2334
2293,41,2334
2287,47,2334
2281,53,2334
2273,61,2334
2267,67,2334
2251,83,2334
2237,97,2334
2221,113,2334
2207,127,2334
2203,131,2334
2161,173,2334
2153,181,2334
2143,191,2334
2141,193,2334
2137,197,2334
2111,223,2334
2083,251,2334
2063,271,2334
2053,281,2334
2027,307,2334
2017,317,2334
2003,331,2334
1997,337,2334
1987,347,2334
1951,383,2334
1933,401,2334
1913,421,2334
1901,433,2334
1877,457,2334
1873,461,2334
1871,463,2334
1867,467,2334
1847,487,2334
1831,503,2334
1811,523,2334
1787,547,2334
1777,557,2334
1747,587,2334
1741,593,2334
1733,601,2334
1721,613,2334
1693,641,2334
1657,677,2334
1607,727,2334
1601,733,2334
1583,751,2334
1523,811,2334
1511,823,2334
1481,853,2334
1471,863,2334
1453,881,2334
1451,883,2334
1447,887,2334
1427,907,2334
1423,911,2334
1381,953,2334
1367,967,2334
1321,1013,2334
1303,1031,2334
1301,1033,2334
1283,1051,2334
1237,1097,2334
1231,1103,2334
1217,1117,2334
1181,1153,2334
1171,1163,2334
2333,3,2336
2293,43,2336
2269,67,2336
2239,97,2336
2179,157,2336
2143,193,2336
2137,199,2336
2113,223,2336
2053,283,2336
2029,307,2336
1999,337,2336
1987,349,2336
1879,457,2336
1873,463,2336
1789,547,2336
1759,577,2336
1723,613,2336
1693,643,2336
1663,673,2336
1627,709,2336
1609,727,2336
1597,739,2336
1579,757,2336
1567,769,2336
1549,787,2336
1483,853,2336
1459,877,2336
1453,883,2336
1429,907,2336
1399,937,2336
1327,1009,2336
1303,1033,2336
1297,1039,2336
1249,1087,2336
1213,1123,2336
2333,5,2338
2309,29,2338
2297,41,2338
2267,71,2338
2237,101,2338
2207,131,2338
2141,197,2338
2111,227,2338
2099,239,2338
2087,251,2338
2081,257,2338
2069,269,2338
2027,311,2338
1979,359,2338
1949,389,2338
1907,431,2338
1889,449,2338
1877,461,2338
1871,467,2338
1847,491,2338
1721,617,2338
1697,641,2338
1637,701,2338
1619,719,2338
1511,827,2338
1499,839,2338
1481,857,2338
1451,887,2338
1427,911,2338
1409,929,2338
1367,971,2338
1361,977,2338
1319,1019,2338
1307,1031,2338
1289,1049,2338
1277,1061,2338
1229,1109,2338
1187,1151,2338
2333,7,2340
2311,29,2340
2309,31,2340
2297,43,2340
2293,47,2340
2287,53,2340
2281,59,2340
2273,67,2340
2269,71,2340
2267,73,2340
2251,89,2340
2243,97,2340
2239,101,2340
2237,103,2340
2213,127,2340
2203,137,2340
2161,179,2340
2143,197,2340
2141,199,2340
2129,211,2340
2113,227,2340
2111,229,2340
2099,241,2340
2089,251,2340
2083,257,2340
2069,271,2340
2063,277,2340
2029,311,2340
2027,313,2340
2003,337,2340
1993,347,2340
1987,353,2340
1973,367,2340
1951,389,2340
1931,409,2340
1907,433,2340
1901,439,2340
1879,461,2340
1877,463,2340
1873,467,2340
1861,479,2340
1831,509,2340
1783,557,2340
1777,563,2340
1753,587,2340
1747,593,2340
1741,599,2340
1733,607,2340
1723,617,2340
1721,619,2340
1709,631,2340
1699,641,2340
1697,643,2340
1693,647,2340
1667,673,2340
1663,677,2340
1657,683,2340
1621,719,2340
1613,727,2340
1607,733,2340
1601,739,2340
1597,743,2340
1583,757,2340
1579,761,2340
1571,769,2340
1567,773,2340
1553,787,2340
1543,797,2340
1531,809,2340
1511,829,2340
1487,853,2340
1483,857,2340
1481,859,2340
1459,881,2340
1453,887,2340
1433,907,2340
1429,911,2340
1399,941,2340
1373,967,2340
1327,1013,2340
1321,1019,2340
1319,1021,2340
1307,1033,2340
1301,1039,2340
1291,1049,2340
1289,1051,2340
1279,1061,2340
1277,1063,2340
1249,1091,2340
1237,1103,2340
1231,1109,2340
1223,1117,2340
1217,1123,2340
1187,1153,2340
2339,3,2342
2311,31,2342
2281,61,2342
2269,73,2342
2239,103,2342
2203,139,2342
2179,163,2342
2161,181,2342
2143,199,2342
2131,211,2342
2113,229,2342
2029,313,2342
2011,331,2342
1993,349,2342
1933,409,2342
1879,463,2342
1801,541,2342
1741,601,2342
1723,619,2342
1699,643,2342
1669,673,2342
1609,733,2342
1531,811,2342
1489,853,2342
1483,859,2342
1459,883,2342
1423,919,2342
1321,1021,2342
1303,1039,2342
1291,1051,2342
1279,1063,2342
1249,1093,2342
1213,1129,2342
1171,1171,2342
2341,3,2344
2339,5,2344
2333,11,2344
2297,47,2344
2273,71,2344
2243,101,2344
2237,107,2344
2213,131,2344
2207,137,2344
2153,191,2344
2111,233,2344
2087,257,2344
2081,263,2344
2063,281,2344
2027,317,2344
1997,347,2344
1913,431,2344
1901,443,2344
1877,467,2344
1823,521,2344
1787,557,2344
1697,647,2344
1667,677,2344
1601,743,2344
1583,761,2344
1571,773,2344
1523,821,2344
1487,857,2344
1481,863,2344
1433,911,2344
1373,971,2344
1367,977,2344
1361,983,2344
1283,1061,2344
1193,1151,2344
1181,1163,2344
2341,5,2346
2339,7,2346
2333,13,2346
2309,37,2346
2293,53,2346
2287,59,2346
2273,73,2346
2267,79,2346
2243,103,2346
2239,107,2346
2237,109,2346
2207,139,2346
2179,167,2346
2153,193,2346
2113,233,2346
2089,257,2346
2083,263,2346
2069,277,2346
2063,283,2346
2053,293,2346
2039,307,2346
2029,317,2346
1999,347,2346
1997,349,2346
1993,353,2346
1987,359,2346
1979,367,2346
1973,373,2346
1949,397,2346
1913,433,2346
1907,439,2346
1889,457,2346
1879,467,2346
1867,479,2346
1847,499,2346
1823,523,2346
1789,557,2346
1783,563,2346
1777,569,2346
1759,587,2346
1753,593,2346
1747,599,2346
1733,613,2346
1699,647,2346
1693,653,2346
1669,677,2346
1663,683,2346
1637,709,2346
1627,719,2346
1619,727,2346
1613,733,2346
1607,739,2346
1559,787,2346
1549,797,2346
1523,823,2346
1493,853,2346
1489,857,2346
1487,859,2346
1483,863,2346
1459,887,2346
1439,907,2346
1427,919,2346
1409,937,2346
1399,947,2346
1327,1019,2346
1307,1039,2346
1297,1049,2346
1283,1063,2346
1277,1069,2346
1259,1087,2346
1249,1097,2346
1237,1109,2346
1229,1117,2346
1223,1123,2346
1217,1129,2346
1193,1153,2346
2341,7,2348
2311,37,2348
2287,61,2348
2281,67,2348
2269,79,2348
2251,97,2348
2239,109,2348
2221,127,2348
2137,211,2348
2017,331,2348
2011,337,2348
1999,349,2348
1951,397,2348
1861,487,2348
1801,547,2348
1777,571,2348
1747,601,2348
1741,607,2348
1657,691,2348
1621,727,2348
1609,739,2348
1597,751,2348
1579,769,2348
1489,859,2348
1471,877,2348
1429,919,2348
1381,967,2348
1327,1021,2348
1297,1051,2348
1279,1069,2348
1231,1117,2348
2347,3,2350
2339,11,2350
2333,17,2350
2309,41,2350
2297,53,2350
2267,83,2350
2243,107,2350
2237,113,2350
2213,137,2350
2153,197,2350
2111,239,2350
2099,251,2350
2087,263,2350
2081,269,2350
2069,281,2350
2039,311,2350
2003,347,2350
1997,353,2350
1949,401,2350
1931,419,2350
1907,443,2350
1901,449,2350
1889,461,2350
1871,479,2350
1847,503,2350
1787,563,2350
1733,617,2350
1709,641,2350
1697,653,2350
1667,683,2350
1607,743,2350
1553,797,2350
1523,827,2350
1511,839,2350
1493,857,2350
1487,863,2350
1439,911,2350
1409,941,2350
1373,977,2350
1367,983,2350
1319,1031,2350
1301,1049,2350
1289,1061,2350
1259,1091,2350
1187,1163,2350
2347,5,2352
2341,11,2352
2339,13,2352
2333,19,2352
2311,41,2352
2309,43,2352
2293,59,2352
2281,71,2352
2273,79,2352
2269,83,2352
2251,101,2352
2243,109,2352
2239,113,2352
2221,131,2352
2213,139,2352
2203,149,2352
2179,173,2352
2161,191,2352
2153,199,2352
2141,211,2352
2129,223,2352
2113,239,2352
2111,241,2352
2089,263,2352
2083,269,2352
2081,271,2352
2069,283,2352
2039,313,2352
2003,349,2352
1999,353,2352
1993,359,2352
1979,373,2352
1973,379,2352
1951,401,2352
1933,419,2352
1931,421,2352
1913,439,2352
1889,463,2352
1873,479,2352
1861,491,2352
1831,521,2352
1811,541,2352
1789,563,2352
1783,569,2352
1759,593,2352
1753,599,2352
1733,619,2352
1721,631,2352
1709,643,2352
1699,653,2352
1693,659,2352
1669,683,2352
1619,733,2352
1613,739,2352
1609,743,2352
1601,751,2352
1583,769,2352
1579,773,2352
1543,809,2352
1531,821,2352
1523,829,2352
1499,853,2352
1493,859,2352
1489,863,2352
1471,881,2352
1433,919,2352
1423,929,2352
1399,953,2352
1381,971,2352
1361,991,2352
1321,1031,2352
1319,1033,2352
1303,1049,2352
1301,1051,2352
1291,1061,2352
1289,1063,2352
1283,1069,2352
1259,1093,2352
1249,1103,2352
1229,1123,2352
1223,1129,2352
1201,1151,2352
1181,1171,2352
2351,3,2354
2347,7,2354
2341,13,2354
2311,43,2354
2293,61,2354
2287,67,2354
2281,73,2354
2251,103,2354
2203,151,2354
2161,193,2354
2143,211,2354
2131,223,2354
2113,241,2354
2083,271,2354
2017,337,2354
1987,367,2354
1933,421,2354
1867,487,2354
1831,523,2354
1783,571,2354
1777,577,2354
1753,601,2354
1747,607,2354
1741,613,2354
1723,631,2354
1693,661,2354
1663,691,2354
1627,727,2354
1621,733,2354
1597,757,2354
1567,787,2354
1543,811,2354
1531,823,2354
1471,883,2354
1447,907,2354
1321,1033,2354
1303,1051,2354
1291,1063,2354
1237,1117,2354
1231,1123,2354
1201,1153,2354
2351,5,2356
2339,17,2356
2333,23,2356
2309,47,2356
2297,59,2356
2273,83,2356
2267,89,2356
2243,113,2356
2207,149,2356
2129,227,2356
2099,257,2356
2087,269,2356
2063,293,2356
2039,317,2356
2003,353,2356
1997,359,2356
1973,383,2356
1913,443,2356
1907,449,2356
1889,467,2356
1877,479,2356
1847,509,2356
1787,569,2356
1709,647,2356
1697,659,2356
1637,719,2356
1613,743,2356
1583,773,2356
1559,797,2356
1499,857,2356
1493,863,2356
1427,929,2356
1409,947,2356
1373,983,2356
1307,1049,2356
1259,1097,2356
1193,1163,2356
2351,7,2358
2347,11,2358
2341,17,2358
2339,19,2358
2311,47,2358
2297,61,2358
2287,71,2358
2269,89,2358
2251,107,2358
2221,137,2358
2207,151,2358
2179,179,2358
2161,197,2358
2131,227,2358
2129,229,2358
2089,269,2358
2087,271,2358
2081,277,2358
2027,331,2358
2011,347,2358
1999,359,2358
1979,379,2358
1949,409,2358
1901,457,2358
1879,479,2358
1871,487,2358
1867,491,2358
1811,547,2358
1801,557,2358
1789,569,2358
1787,571,2358
1759,599,2358
1741,617,2358
1699,659,2358
1697,661,2358
1667,691,2358
1657,701,2358
1619,739,2358
1607,751,2358
1601,757,2358
1597,761,2358
1571,787,2358
1549,809,2358
1531,827,2358
1499,859,2358
1481,877,2358
1471,887,2358
1451,907,2358
1447,911,2358
1439,919,2358
1429,929,2358
1381,977,2358
1367,991,2358
1361,997,2358
1327,1031,2358
1319,1039,2358
1307,1051,2358
1297,1061,2358
1289,1069,2358
1249,1109,2358
1229,1129,2358
1187,1171,2358
2357,3,2360
2347,13,2360
2341,19,2360
2293,67,2360
2287,73,2360
2281,79,2360
2251,109,2360
2221,139,2360
2203,157,2360
2179,181,2360
2161,199,2360
2137,223,2360
2131,229,2360
2089,271,2360
2083,277,2360
2053,307,2360
2029,331,2360
2011,349,2360
1993,367,2360
1987,373,2360
1951,409,2360
1873,487,2360
1861,499,2360
1789,571,2360
1783,577,2360
1759,601,2360
1753,607,2360
1747,613,2360
1741,619,2360
1699,661,2360
1669,691,2360
1627,733,2360
1621,739,2360
1609,751,2360
1549,811,2360
1531,829,2360
1483,877,2360
1453,907,2360
1423,937,2360
1327,1033,2360
1321,1039,2360
1297,1063,2360
1291,1069,2360
1237,1123,2360
1231,1129,2360
2357,5,2362
2351,11,2362
2339,23,2362
2333,29,2362
2309,53,2362
2273,89,2362
2213,149,2362
2129,233,2362
2111,251,2362
2099,263,2362
2081,281,2362
2069,293,2362
2003,359,2362
1979,383,2362
1973,389,2362
1931,431,2362
1913,449,2362
1901,461,2362
1871,491,2362
1721,641,2362
1709,653,2362
1619,743,2362
1601,761,2362
1553,809,2362
1523,839,2362
1499,863,2362
1481,881,2362
1451,911,2362
1433,929,2362
1409,953,2362
1301,1061,2362
1259,1103,2362
1181,1181,2362
2357,7,2364
2351,13,2364
2347,17,2364
2341,23,2364
2333,31,2364
2311,53,2364
2297,67,2364
2293,71,2364
2281,83,2364
2267,97,2364
2251,113,2364
2237,127,2364
2213,151,2364
2207,157,2364
2153,211,2364
2141,223,2364
2137,227,2364
2131,233,2364
2113,251,2364
2087,277,2364
2083,281,2364
2081,283,2364
2053,311,2364
2027,337,2364
2017,347,2364
2011,353,2364
1997,367,2364
1933,431,2364
1931,433,2364
1907,457,2364
1901,463,2364
1877,487,2364
1873,491,2364
1861,503,2364
1823,541,2364
1801,563,2364
1787,577,2364
1777,587,2364
1747,617,2364
1733,631,2364
1723,641,2364
1721,643,2364
1663,701,2364
1637,727,2364
1621,743,2364
1613,751,2364
1607,757,2364
1567,797,2364
1553,811,2364
1543,821,2364
1511,853,2364
1487,877,2364
1483,881,2364
1481,883,2364
1453,911,2364
1427,937,2364
1423,941,2364
1381,983,2364
1373,991,2364
1367,997,2364
1303,1061,2364
1301,1063,2364
1277,1087,2364
1213,1151,2364
1201,1163,2364
1193,1171,2364
2347,19,2366
2293,73,2366
2287,79,2366
2269,97,2366
2239,127,2366
2203,163,2366
2143,223,2366
2137,229,2366
2089,277,2366
2083,283,2366
2053,313,2366
2029,337,2366
2017,349,2366
1999,367,2366
1993,373,2366
1987,379,2366
1933,433,2366
1879,487,2366
1867,499,2366
1789,577,2366
1759,607,2366
1753,613,2366
1747,619,2366
1723,643,2366
1693,673,2366
1657,709,2366
1627,739,2366
1609,757,2366
1597,769,2366
1579,787,2366
1543,823,2366
1489,877,2366
1483,883,2366
1459,907,2366
1447,919,2366
1429,937,2366
1399,967,2366
1327,1039,2366
1303,1063,2366
1297,1069,2366
1279,1087,2366
1249,1117,2366
1237,1129,2366
1213,1153,2366
2357,11,2368
2351,17,2368
2339,29,2368
2309,59,2368
2297,71,2368
2267,101,2368
2237,131,2368
2141,227,2368
2129,239,2368
2111,257,2368
2099,269,2368
2087,281,2368
1979,389,2368
1949,419,2368
1907,461,2368
1901,467,2368
1889,479,2368
1877,491,2368
1847,521,2368
1811,557,2368
1721,647,2368
1709,659,2368
1667,701,2368
1607,761,2368
1571,797,2368
1559,809,2368
1511,857,2368
1487,881,2368
1481,887,2368
1439,929,2368
1427,941,2368
1319,1049,2368
1307,1061,2368
1277,1091,2368
1259,1109,2368
1217,1151,2368
1187,1181,2368
2357,13,2370
2351,19,2370
2347,23,2370
2341,29,2370
2339,31,2370
2333,37,2370
2311,59,2370
2309,61,2370
2297,73,2370
2287,83,2370
2281,89,2370
2273,97,2370
2269,101,2370
2267,103,2370
2243,127,2370
2239,131,2370
2221,149,2370
2213,157,2370
2207,163,2370
2203,167,2370
2179,191,2370
2143,227,2370
2141,229,2370
2137,233,2370
2131,239,2370
2129,241,2370
2113,257,2370
2099,271,2370
2089,281,2370
2087,283,2370
2063,307,2370
2053,317,2370
2039,331,2370
2017,353,2370
2011,359,2370
2003,367,2370
1997,373,2370
1987,383,2370
1973,397,2370
1951,419,2370
1949,421,2370
1931,439,2370
1913,457,2370
1907,463,2370
1879,491,2370
1871,499,2370
1867,503,2370
1861,509,2370
1847,523,2370
1823,547,2370
1801,569,2370
1783,587,2370
1777,593,2370
1753,617,2370
1723,647,2370
1709,661,2370
1697,673,2370
1693,677,2370
1669,701,2370
1637,733,2370
1627,743,2370
1619,751,2370
1613,757,2370
1609,761,2370
1601,769,2370
1597,773,2370
1583,787,2370
1559,811,2370
1549,821,2370
1543,827,2370
1531,839,2370
1511,859,2370
1493,877,2370
1489,881,2370
1487,883,2370
1483,887,2370
1459,911,2370
1451,919,2370
1433,937,2370
1429,941,2370
1423,947,2370
1399,971,2370
1373,997,2370
1361,1009,2370
1321,1049,2370
1319,1051,2370
1307,1063,2370
1301,1069,2370
1283,1087,2370
1279,1091,2370
1277,1093,2370
1217,1153,2370
2341,31,2372
2311,61,2372
2293,79,2372
2269,103,2372
2221,151,2372
2179,193,2372
2161,211,2372
2143,229,2372
2131,241,2372
2089,283,2372
1999,373,2372
1993,379,2372
1951,421,2372
1933,439,2372
1873,499,2372
1831,541,2372
1801,571,2372
1759,613,2372
1753,619,2372
1741,631,2372
1699,673,2372
1663,709,2372
1621,751,2372
1549,823,2372
1543,829,2372
1489,883,2372
1453,919,2372
1381,991,2372
1321,1051,2372
1303,1069,2372
1279,1093,2372
1249,1123,2372
1201,1171,2372
2371,3,2374
2357,17,2374
2351,23,2374
2333,41,2374
2273,101,2374
2267,107,2374
2243,131,2374
2237,137,2374
2207,167,2374
2141,233,2374
2111,263,2374
2081,293,2374
2063,311,2374
2027,347,2374
1973,401,2374
1931,443,2374
1913,461,2374
1907,467,2374
1871,503,2374
1811,563,2374
1787,587,2374
1733,641,2374
1721,653,2374
1697,677,2374
1613,761,2374
1601,773,2374
1553,821,2374
1511,863,2374
1493,881,2374
1487,887,2374
1433,941,2374
1427,947,2374
1361,1013,2374
1283,1091,2374
1277,1097,2374
1223,1151,2374
1193,1181,2374
1187,1187,2374
2371,5,2376
2357,19,2376
2347,29,2376
2339,37,2376
2333,43,2376
2309,67,2376
2297,79,2376
2293,83,2376
2287,89,2376
2273,103,2376
2269,107,2376
2267,109,2376
2239,137,2376
2237,139,2376
2213,163,2376
2203,173,2376
2179,197,2376
2153,223,2376
2143,233,2376
2137,239,2376
2113,263,2376
2099,277,2376
2083,293,2376
2069,307,2376
2063,313,2376
2039,337,2376
2029,347,2376
2027,349,2376
2017,359,2376
2003,373,2376
1997,379,2376
1993,383,2376
1987,389,2376
1979,397,2376
1933,443,2376
1913,463,2376
1889,487,2376
1877,499,2376
1873,503,2376
1867,509,2376
1789,587,2376
1783,593,2376
1777,599,2376
1759,617,2376
1733,643,2376
1723,653,2376
1699,677,2376
1693,683,2376
1667,709,2376
1657,719,2376
1637,739,2376
1619,757,2376
1607,769,2376
1579,797,2376
1567,809,2376
1553,823,2376
1549,827,2376
1523,853,2376
1499,877,2376
1493,883,2376
1489,887,2376
1447,929,2376
1439,937,2376
1429,947,2376
1423,953,2376
1409,967,2376
1399,977,2376
1367,1009,2376
1327,1049,2376
1307,1069,2376
1289,1087,2376
1283,1093,2376
1279,1097,2376
1259,1117,2376
1223,1153,2376
1213,1163,2376
2371,7,2378
2347,31,2378
2341,37,2378
2311,67,2378
2281,97,2378
2269,109,2378
2251,127,2378
2239,139,2378
2221,157,2378
2179,199,2378
2137,241,2378
2029,349,2378
2011,367,2378
1999,379,2378
1879,499,2378
1831,547,2378
1801,577,2378
1777,601,2378
1759,619,2378
1747,631,2378
1669,709,2378
1627,751,2378
1621,757,2378
1609,769,2378
1567,811,2378
1549,829,2378
1471,907,2378
1459,919,2378
1381,997,2378
1327,1051,2378
1291,1087,2378
1249,1129,2378
2377,3,2380
2357,23,2380
2351,29,2380
2339,41,2380
2333,47,2380
2309,71,2380
2297,83,2380
2273,107,2380
2267,113,2380
2243,137,2380
2213,167,2380
2207,173,2380
2153,227,2380
2141,239,2380
2129,251,2380
2111,269,2380
2099,281,2380
2087,293,2380
2069,311,2380
2063,317,2380
2027,353,2380
1997,383,2380
1979,401,2380
1949,431,2380
1931,449,2380
1913,467,2380
1901,479,2380
1889,491,2380
1877,503,2380
1871,509,2380
1823,557,2380
1811,569,2380
1787,593,2380
1733,647,2380
1721,659,2380
1697,683,2380
1637,743,2380
1619,761,2380
1607,773,2380
1583,797,2380
1571,809,2380
1559,821,2380
1553,827,2380
1523,857,2380
1499,881,2380
1493,887,2380
1451,929,2380
1439,941,2380
1433,947,2380
1427,953,2380
1409,971,2380
1367,1013,2380
1361,1019,2380
1319,1061,2380
1289,1091,2380
1283,1097,2380
1277,1103,2380
1229,1151,2380
1217,1163,2380
1193,1187,2380
2377,5,2382
2371,11,2382
2351,31,2382
2341,41,2382
2339,43,2382
2311,71,2382
2309,73,2382
2293,89,2382
2281,101,2382
2273,109,2382
2269,113,2382
2251,131,2382
2243,139,2382
2203,179,2382
2153,229,2382
2143,239,2382
2141,241,2382
2131,251,2382
2113,269,2382
2111,271,2382
2099,283,2382
2089,293,2382
2069,313,2382
2029,353,2382
2003,379,2382
1999,383,2382
1993,389,2382
1973,409,2382
1951,431,2382
1949,433,2382
1933,449,2382
1879,503,2382
1873,509,2382
1861,521,2382
1811,571,2382
1789,593,2382
1783,599,2382
1741,641,2382
1723,659,2382
1721,661,2382
1709,673,2382
1699,683,2382
1663,719,2382
1621,761,2382
1613,769,2382
1609,773,2382
1571,811,2382
1559,823,2382
1553,829,2382
1543,839,2382
1523,859,2382
1499,883,2382
1471,911,2382
1453,929,2382
1429,953,2382
1399,983,2382
1373,1009,2382
1361,1021,2382
1321,1061,2382
1319,1063,2382
1291,1091,2382
1289,1093,2382
1279,1103,2382
1259,1123,2382
1231,1151,2382
1229,1153,2382
1201,1181,2382
2381,3,2384
2377,7,2384
2371,13,2384
2347,37,2384
2341,43,2384
2311,73,2384
2287,97,2384
2281,103,2384
2221,163,2384
2203,181,2384
2161,223,2384
2143,241,2384
2113,271,2384
2053,331,2384
2017,367,2384
2011,373,2384
1987,397,2384
1951,433,2384
1861,523,2384
1783,601,2384
1777,607,2384
1753,631,2384
1741,643,2384
1723,661,2384
1693,691,2384
1657,727,2384
1627,757,2384
1597,787,2384
1531,853,2384
1447,937,2384
1321,1063,2384
1297,1087,2384
1291,1093,2384
1231,1153,2384
1213,1171,2384
2383,3,2386
2381,5,2386
2357,29,2386
2339,47,2386
2333,53,2386
2297,89,2386
2273,113,2386
2237,149,2386
2213,173,2386
2207,179,2386
2153,233,2386
2129,257,2386
2069,317,2386
2039,347,2386
2027,359,2386
2003,383,2386
1997,389,2386
1907,479,2386
1877,509,2386
1823,563,2386
1787,599,2386
1733,653,2386
1709,677,2386
1667,719,2386
1613,773,2386
1559,827,2386
1523,863,2386
1499,887,2386
1439,947,2386
1433,953,2386
1409,977,2386
1373,1013,2386
1367,1019,2386
1289,1097,2386
1283,1103,2386
1277,1109,2386
1223,1163,2386
1193,1193,2386
2383,5,2388
2381,7,2388
2377,11,2388
2371,17,2388
2357,31,2388
2351,37,2388
2347,41,2388
2341,47,2388
2309,79,2388
2287,101,2388
2281,107,2388
2251,137,2388
2239,149,2388
2237,151,2388
2221,167,2388
2207,181,2388
2161,227,2388
2137,251,2388
2131,257,2388
2111,277,2388
2081,307,2388
2039,349,2388
2029,359,2388
1999,389,2388
1987,401,2388
1979,409,2388
1949,439,2388
1931,457,2388
1901,487,2388
1889,499,2388
1879,509,2388
1867,521,2388
1847,541,2388
1831,557,2388
1811,577,2388
1801,587,2388
1789,599,2388
1787,601,2388
1747,641,2388
1741,647,2388
1697,691,2388
1669,719,2388
1637,751,2388
1627,761,2388
1619,769,2388
1601,787,2388
1579,809,2388
1567,821,2388
1559,829,2388
1549,839,2388
1531,857,2388
1511,877,2388
1481,907,2388
1459,929,2388
1451,937,2388
1447,941,2388
1367,1021,2388
1327,1061,2388
1319,1069,2388
1301,1087,2388
1297,1091,2388
1291,1097,2388
1279,1109,2388
1259,1129,2388
1237,1151,2388
1217,1171,2388
1201,1187,2388
2383,7,2390
2377,13,2390
2371,19,2390
2347,43,2390
2311,79,2390
2293,97,2390
2287,103,2390
2281,109,2390
2251,139,2390
2239,151,2390
2179,211,2390
2161,229,2390
2113,277,2390
2083,307,2390
2053,337,2390
2017,373,2390
2011,379,2390
1993,397,2390
1951,439,2390
1933,457,2390
1867,523,2390
1789,601,2390
1783,607,2390
1777,613,2390
1759,631,2390
1747,643,2390
1699,691,2390
1663,727,2390
1657,733,2390
1621,769,2390
1579,811,2390
1567,823,2390
1531,859,2390
1483,907,2390
1471,919,2390
1453,937,2390
1423,967,2390
1399,991,2390
1381,1009,2390
1327,1063,2390
1321,1069,2390
1303,1087,2390
1297,1093,2390
1237,1153,2390
2389,3,2392
2381,11,2392
2351,41,2392
2339,53,2392
2333,59,2392
2309,83,2392
2243,149,2392
2213,179,2392
2153,239,2392
2141,251,2392
2129,263,2392
2111,281,2392
2099,293,2392
2081,311,2392
2039,353,2392
2003,389,2392
1973,419,2392
1949,443,2392
1931,461,2392
1913,479,2392
1901,491,2392
1889,503,2392
1871,521,2392
1823,569,2392
1733,659,2392
1709,683,2392
1619,773,2392
1583,809,2392
1571,821,2392
1553,839,2392
1511,881,2392
1481,911,2392
1451,941,2392
1439,953,2392
1409,983,2392
1373,1019,2392
1361,1031,2392
1301,1091,2392
1289,1103,2392
1283,1109,2392
1229,1163,2392
2389,5,2394
2383,11,2394
2381,13,2394
2377,17,2394
2371,23,2394
2357,37,2394
2351,43,2394
2347,47,2394
2341,53,2394
2333,61,2394
2311,83,2394
2297,97,2394
2293,101,2394
2287,107,2394
2281,113,2394
2267,127,2394
2243,151,2394
2237,157,2394
2221,173,2394
2213,181,2394
2203,191,2394
2161,233,2394
2153,241,2394
2143,251,2394
2137,257,2394
2131,263,2394
2113,281,2394
2111,283,2394
2087,307,2394
2083,311,2394
2081,313,2394
2063,331,2394
2027,367,2394
2011,383,2394
1997,397,2394
1993,401,2394
1973,421,2394
1951,443,2394
1933,461,2394
1931,463,2394
1907,487,2394
1873,521,2394
1871,523,2394
1847,547,2394
1831,563,2394
1823,571,2394
1801,593,2394
1787,607,2394
1777,617,2394
1753,641,2394
1747,647,2394
1741,653,2394
1733,661,2394
1721,673,2394
1693,701,2394
1667,727,2394
1637,757,2394
1621,773,2394
1607,787,2394
1597,797,2394
1583,811,2394
1571,823,2394
1567,827,2394
1531,863,2394
1511,883,2394
1487,907,2394
1483,911,2394
1453,941,2394
1447,947,2394
1427,967,2394
1423,971,2394
1381,1013,2394
1373,1021,2394
1361,1033,2394
1307,1087,2394
1303,1091,2394
1301,1093,2394
1297,1097,2394
1291,1103,2394
1277,1117,2394
1231,1163,2394
1223,1171,2394
1213,1181,2394
1201,1193,2394
2393,3,2396
2389,7,2396
2383,13,2396
2377,19,2396
2293,103,2396
2287,109,2396
2269,127,2396
2239,157,2396
2203,193,2396
2113,283,2396
2089,307,2396
2083,313,2396
2029,367,2396
2017,379,2396
1999,397,2396
1987,409,2396
1933,463,2396
1873,523,2396
1789,607,2396
1783,613,2396
1777,619,2396
1753,643,2396
1723,673,2396
1669,727,2396
1663,733,2396
1657,739,2396
1627,769,2396
1609,787,2396
1567,829,2396
1543,853,2396
1489,907,2396
1459,937,2396
1429,967,2396
1399,997,2396
1327,1069,2396
1303,1093,2396
1279,1117,2396
2393,5,2398
2381,17,2398
2357,41,2398
2351,47,2398
2339,59,2398
2309,89,2398
2297,101,2398
2267,131,2398
2207,191,2398
2141,257,2398
2129,269,2398
2087,311,2398
2081,317,2398
2039,359,2398
1997,401,2398
1979,419,2398
1949,449,2398
1931,467,2398
1907,491,2398
1889,509,2398
1877,521,2398
1811,587,2398
1721,677,2398
1697,701,2398
1637,761,2398
1601,797,2398
1571,827,2398
1559,839,2398
1511,887,2398
1487,911,2398
1451,947,2398
1427,971,2398
1367,1031,2398
1307,1091,2398
1301,1097,2398
1289,1109,2398
1217,1181,2398
2393,7,2400
2389,11,2400
2383,17,2400
2381,19,2400
2377,23,2400
2371,29,2400
2357,43,2400
2347,53,2400
2341,59,2400
2339,61,2400
2333,67,2400
2311,89,2400
2297,103,2400
2293,107,2400
2287,113,2400
2273,127,2400
2269,131,2400
2251,149,2400
2243,157,2400
2237,163,2400
2221,179,2400
2207,193,2400
2203,197,2400
2161,239,2400
2143,257,2400
2137,263,2400
2131,269,2400
2129,271,2400
2089,311,2400
2087,313,2400
2083,317,2400
2069,331,2400
2063,337,2400
2053,347,2400
2027,373,2400
2017,383,2400
2011,389,2400
2003,397,2400
1999,401,2400
1979,421,2400
1951,449,2400
1933,467,2400
1913,487,2400
1901,499,2400
1879,521,2400
1877,523,2400
1831,569,2400
1823,577,2400
1801,599,2400
1787,613,2400
1783,617,2400
1759,641,2400
1753,647,2400
1747,653,2400
1741,659,2400
1723,677,2400
1709,691,2400
1699,701,2400
1667,733,2400
1657,743,2400
1627,773,2400
1613,787,2400
1579,821,2400
1571,829,2400
1543,857,2400
1523,877,2400
1493,907,2400
1489,911,2400
1481,919,2400
1471,929,2400
1459,941,2400
1453,947,2400
1447,953,2400
1433,967,2400
1429,971,2400
1423,977,2400
1409,991,2400
1381,1019,2400
1367,1033,2400
1361,1039,2400
1307,1093,2400
1303,1097,2400
1297,1103,2400
1291,1109,2400
1283,1117,2400
1277,1123,2400
1249,1151,2400
1237,1163,2400
1229,1171,2400
1213,1187,2400
2399,3,2402
2389,13,2402
2383,19,2402
2371,31,2402
2341,61,2402
2293,109,2402
2251,151,2402
2239,163,2402
2221,181,2402
2203,199,2402
2179,223,2402
2161,241,2402
2131,271,2402
2089,313,2402
2053,349,2402
2029,373,2402
1993,409,2402
1879,523,2402
1861,541,2402
1831,571,2402
1801,601,2402
1789,613,2402
1783,619,2402
1759,643,2402
1741,661,2402
1693,709,2402
1669,733,2402
1663,739,2402
1579,823,2402
1549,853,2402
1543,859,2402
1483,919,2402
1381,1021,2402
1279,1123,2402
1249,1153,2402
1231,1171,2402
1201,1201,2402
2399,5,2404
2393,11,2404
2381,23,2404
2357,47,2404
2351,53,2404
2333,71,2404
2297,107,2404
2273,131,2404
2267,137,2404
2237,167,2404
2213,191,2404
2207,197,2404
2153,251,2404
2141,263,2404
2111,293,2404
2087,317,2404
2003,401,2404
1973,431,2404
1913,491,2404
1901,503,2404
1847,557,2404
1811,593,2404
1787,617,2404
1721,683,2404
1607,797,2404
1583,821,2404
1523,881,2404
1493,911,2404
1451,953,2404
1433,971,2404
1427,977,2404
1373,1031,2404
1307,1097,2404
1301,1103,2404
1223,1181,2404
1217,1187,2404
2399,7,2406
2393,13,2406
2389,17,2406
2383,23,2406
2377,29,2406
2347,59,2406
2339,67,2406
2333,73,2406
2309,97,2406
2297,109,2406
2293,113,2406
2269,137,2406
2267,139,2406
2243,163,2406
2239,167,2406
2213,193,2406
2207,199,2406
2179,227,2406
2143,263,2406
2137,269,2406
2129,277,2406
2113,293,2406
2099,307,2406
2089,317,2406
2069,337,2406
2053,353,2406
2039,367,2406
2027,379,2406
2017,389,2406
1997,409,2406
1987,419,2406
1973,433,2406
1949,457,2406
1907,499,2406
1789,617,2406
1787,619,2406
1759,647,2406
1753,653,2406
1747,659,2406
1733,673,2406
1723,683,2406
1697,709,2406
1667,739,2406
1663,743,2406
1637,769,2406
1619,787,2406
1609,797,2406
1597,809,2406
1583,823,2406
1579,827,2406
1567,839,2406
1553,853,2406
1549,857,2406
1543,863,2406
1523,883,2406
1499,907,2406
1487,919,2406
1459,947,2406
1453,953,2406
1439,967,2406
1429,977,2406
1423,983,2406
1409,997,2406
1373,1033,2406
1367,1039,2406
1319,1087,2406
1303,1103,2406
1297,1109,2406
1289,1117,2406
1283,1123,2406
1277,1129,2406
1213,1193,2406
2389,19,2408
2377,31,2408
2371,37,2408
2347,61,2408
2341,67,2408
2311,97,2408
2281,127,2408
2269,139,2408
2251,157,2408
2179,229,2408
2137,271,2408
2131,277,2408
2029,379,2408
2011,397,2408
1999,409,2408
1987,421,2408
1951,457,2408
1867,541,2408
1861,547,2408
1831,577,2408
1801,607,2408
1789,619,2408
1777,631,2408
1747,661,2408
1699,709,2408
1669,739,2408
1657,751,2408
1621,787,2408
1597,811,2408
1579,829,2408
1549,859,2408
1531,877,2408
1489,919,2408
1471,937,2408
1399,1009,2408
1321,1087,2408
1291,1117,2408
1279,1129,2408
1237,1171,2408
2399,11,2410
2393,17,2410
2381,29,2410
2357,53,2410
2351,59,2410
2339,71,2410
2309,101,2410
2297,113,2410
2273,137,2410
2243,167,2410
2237,173,2410
2213,197,2410
2153,257,2410
2141,269,2410
2129,281,2410
2099,311,2410
2063,347,2410
2027,383,2410
1979,431,2410
1949,461,2410
1931,479,2410
1907,503,2410
1901,509,2410
1889,521,2410
1847,563,2410
1823,587,2410
1811,599,2410
1733,677,2410
1709,701,2410
1667,743,2410
1637,773,2410
1613,797,2410
1601,809,2410
1583,827,2410
1571,839,2410
1553,857,2410
1523,887,2410
1499,911,2410
1481,929,2410
1439,971,2410
1433,977,2410
1427,983,2410
1361,1049,2410
1319,1091,2410
1307,1103,2410
1301,1109,2410
1259,1151,2410
1229,1181,2410
1223,1187,2410
1217,1193,2410
2399,13,2412
2393,19,2412
2389,23,2412
2383,29,2412
2381,31,2412
2371,41,2412
2351,61,2412
2341,71,2412
2339,73,2412
2333,79,2412
2311,101,2412
2309,103,2412
2281,131,2412
2273,139,2412
2239,173,2412
2221,191,2412
2213,199,2412
2179,233,2412
2161,251,2412
2143,269,2412
2141,271,2412
2131,281,2412
2129,283,2412
2099,313,2412
2081,331,2412
2063,349,2412
2053,359,2412
2039,373,2412
2029,383,2412
2011,401,2412
2003,409,2412
1993,419,2412
1979,433,2412
1973,439,2412
1951,461,2412
1949,463,2412
1933,479,2412
1913,499,2412
1889,523,2412
1871,541,2412
1811,601,2412
1759,653,2412
1753,659,2412
1721,691,2412
1693,719,2412
1669,743,2412
1601,811,2412
1583,829,2412
1559,853,2412
1553,859,2412
1549,863,2412
1531,881,2412
1493,919,2412
1483,929,2412
1471,941,2412
1459,953,2412
1429,983,2412
1399,1013,2412
1381,1031,2412
1373,1039,2412
1361,1051,2412
1321,1091,2412
1319,1093,2412
1303,1109,2412
1289,1123,2412
1283,1129,2412
1259,1153,2412
1249,1163,2412
1231,1181,2412
2411,3,2414
2383,31,2414
2377,37,2414
2371,43,2414
2347,67,2414
2341,73,2414
2311,103,2414
2287,127,2414
2251,163,2414
2221,193,2414
2203,211,2414
2143,271,2414
2137,277,2414
2131,283,2414
2083,331,2414
2017,397,2414
1993,421,2414
1951,463,2414
1873,541,2414
1867,547,2414
1801,613,2414
1783,631,2414
1753,661,2414
1741,673,2414
1723,691,2414
1663,751,2414
1657,757,2414
1627,787,2414
1531,883,2414
1447,967,2414
1423,991,2414
1381,1033,2414
1327,1087,2414
1321,1093,2414
1297,1117,2414
1291,1123,2414
1213,1201,2414
2411,5,2416
2399,17,2416
2393,23,2416
2357,59,2416
2333,83,2416
2309,107,2416
2267,149,2416
2243,173,2416
2237,179,2416
2153,263,2416
2099,317,2416
2069,347,2416
2063,353,2416
2027,389,2416
1997,419,2416
1973,443,2416
1949,467,2416
1913,503,2416
1907,509,2416
1847,569,2416
1823,593,2416
1733,683,2416
1697,719,2416
1619,797,2416
1607,809,2416
1559,857,2416
1553,863,2416
1487,929,2416
1439,977,2416
1433,983,2416
1367,1049,2416
1319,1097,2416
1307,1109,2416
1229,1187,2416
1223,1193,2416
2411,7,2418
2399,19,2418
2389,29,2418
2381,37,2418
2377,41,2418
2371,47,2418
2357,61,2418
2351,67,2418
2347,71,2418
2339,79,2418
2311,107,2418
2309,109,2418
2287,131,2418
2281,137,2418
2269,149,2418
2267,151,2418
2251,167,2418
2239,179,2418
2237,181,2418
2221,197,2418
2207,211,2418
2179,239,2418
2161,257,2418
2141,277,2418
2137,281,2418
2111,307,2418
2087,331,2418
2081,337,2418
2069,349,2418
2039,379,2418
2029,389,2418
2017,401,2418
1999,419,2418
1997,421,2418
1987,431,2418
1979,439,2418
1951,467,2418
1931,487,2418
1877,541,2418
1871,547,2418
1861,557,2418
1847,571,2418
1831,587,2418
1811,607,2418
1801,617,2418
1787,631,2418
1777,641,2418
1759,659,2418
1741,677,2418
1709,709,2418
1699,719,2418
1667,751,2418
1657,761,2418
1621,797,2418
1609,809,2418
1607,811,2418
1597,821,2418
1579,839,2418
1559,859,2418
1531,887,2418
1511,907,2418
1499,919,2418
1489,929,2418
1481,937,2418
1471,947,2418
1451,967,2418
1447,971,2418
1427,991,2418
1409,1009,2418
1399,1019,2418
1367,1051,2418
1327,1091,2418
1321,1097,2418
1301,1117,2418
1289,1129,2418
1237,1181,2418
1231,1187,2418
1217,1201,2418
2417,3,2420
2389,31,2420
2383,37,2420
2377,43,2420
2347,73,2420
2341,79,2420
2311,109,2420
2293,127,2420
2281,139,2420
2269,151,2420
2239,181,2420
2221,199,2420
2179,241,2420
2143,277,2420
2137,283,2420
2113,307,2420
2089,331,2420
2083,337,2420
2053,367,2420
2011,409,2420
1999,421,2420
1987,433,2420
1933,487,2420
1879,541,2420
1873,547,2420
1801,619,2420
1789,631,2420
1777,643,2420
1759,661,2420
1747,673,2420
1693,727,2420
1669,751,2420
1663,757,2420
1609,811,2420
1597,823,2420
1567,853,2420
1543,877,2420
1483,937,2420
1453,967,2420
1429,991,2420
1423,997,2420
1399,1021,2420
1381,1039,2420
1327,1093,2420
1303,1117,2420
1297,1123,2420
1291,1129,2420
1249,1171,2420
2417,5,2422
2411,11,2422
2399,23,2422
2393,29,2422
2381,41,2422
2351,71,2422
2339,83,2422
2333,89,2422
2309,113,2422
2273,149,2422
2243,179,2422
2153,269,2422
2141,281,2422
2129,293,2422
2111,311,2422
2069,353,2422
2063,359,2422
2039,383,2422
2003,419,2422
1979,443,2422
1973,449,2422
1931,491,2422
1913,509,2422
1901,521,2422
1823,599,2422
1721,701,2422
1613,809,2422
1601,821,2422
1583,839,2422
1559,863,2422
1511,911,2422
1493,929,2422
1481,941,2422
1451,971,2422
1439,983,2422
1409,1013,2422
1373,1049,2422
1361,1061,2422
1319,1103,2422
1259,1163,2422
1229,1193,2422
2417,7,2424
2411,13,2424
2393,31,2424
2383,41,2424
2381,43,2424
2377,47,2424
2371,53,2424
2357,67,2424
2351,73,2424
2341,83,2424
2311,113,2424
2297,127,2424
2293,131,2424
2287,137,2424
2273,151,2424
2267,157,2424
2251,173,2424
2243,181,2424
2213,211,2424
2161,263,2424
2153,271,2424
2143,281,2424
2141,283,2424
2131,293,2424
2113,311,2424
2111,313,2424
2087,337,2424
2027,397,2424
2003,421,2424
1993,431,2424
1933,491,2424
1901,523,2424
1877,547,2424
1867,557,2424
1861,563,2424
1847,577,2424
1831,593,2424
1823,601,2424
1811,613,2424
1783,641,2424
1777,647,2424
1747,677,2424
1741,683,2424
1733,691,2424
1723,701,2424
1697,727,2424
1667,757,2424
1663,761,2424
1637,787,2424
1627,797,2424
1613,811,2424
1601,823,2424
1597,827,2424
1571,853,2424
1567,857,2424
1543,881,2424
1487,937,2424
1483,941,2424
1471,953,2424
1453,971,2424
1447,977,2424
1433,991,2424
1427,997,2424
1373,1051,2424
1361,1063,2424
1327,1097,2424
1321,1103,2424
1307,1117,2424
1301,1123,2424
1237,1187,2424
1231,1193,2424
1223,1201,2424
2423,3,2426
2389,37,2426
2383,43,2426
2347,79,2426
2287,139,2426
2269,157,2426
2203,223,2426
2143,283,2426
2113,313,2426
2089,337,2426
2053,373,2426
2029,397,2426
2017,409,2426
1993,433,2426
1987,439,2426
1879,547,2426
1783,643,2426
1753,673,2426
1699,727,2426
1693,733,2426
1669,757,2426
1657,769,2426
1597,829,2426
1567,859,2426
1549,877,2426
1543,883,2426
1489,937,2426
1459,967,2426
1429,997,2426
1303,1123,2426
1297,1129,2426
1213,1213,2426
2423,5,2428
2417,11,2428
2411,17,2428
2399,29,2428
2381,47,2428
2357,71,2428
2339,89,2428
2297,131,2428
2237,191,2428
2111,317,2428
2081,347,2428
2069,359,2428
2039,389,2428
2027,401,2428
1997,431,2428
1979,449,2428
1949,479,2428
1907,521,2428
1871,557,2428
1811,617,2428
1787,641,2428
1709,719,2428
1667,761,2428
1619,809,2428
1607,821,2428
1601,827,2428
1571,857,2428
1499,929,2428
1487,941,2428
1481,947,2428
1451,977,2428
1409,1019,2428
1367,1061,2428
1319,1109,2428
1277,1151,2428
2423,7,2430
2417,13,2430
2411,19,2430
2399,31,2430
2393,37,2430
2389,41,2430
2383,47,2430
2377,53,2430
2371,59,2430
2357,73,2430
2351,79,2430
2347,83,2430
2341,89,2430
2333,97,2430
2293,137,2430
2281,149,2430
2273,157,2430
2267,163,2430
2251,179,2430
2239,191,2430
2237,193,2430
2207,223,2430
2203,227,2430
2179,251,2430
2161,269,2430
2153,277,2430
2137,293,2430
2113,317,2430
2099,331,2430
2083,347,2430
2081,349,2430
2063,367,2430
2029,401,2430
2011,419,2430
1999,431,2430
1997,433,2430
1987,443,2430
1973,457,2430
1951,479,2430
1931,499,2430
1907,523,2430
1889,541,2430
1873,557,2430
1867,563,2430
1861,569,2430
1831,599,2430
1823,607,2430
1811,619,2430
1789,641,2430
1787,643,2430
1783,647,2430
1777,653,2430
1753,677,2430
1747,683,2430
1721,709,2430
1697,733,2430
1669,761,2430
1657,773,2430
1621,809,2430
1619,811,2430
1609,821,2430
1607,823,2430
1601,829,2430
1571,859,2430
1567,863,2430
1553,877,2430
1549,881,2430
1543,887,2430
1523,907,2430
1511,919,2430
1493,937,2430
1489,941,2430
1483,947,2430
1459,971,2430
1453,977,2430
1447,983,2430
1439,991,2430
1433,997,2430
1409,1021,2430
1399,1031,2430
1381,1049,2430
1367,1063,2430
1361,1069,2430
1327,1103,2430
1321,1109,2430
1307,1123,2430
1301,1129,2430
1279,1151,2430
1277,1153,2430
1259,1171,2430
1249,1181,2430
1237,1193,2430
1229,1201,2430
1217,1213,2430
2389,43,2432
2371,61,2432
2293,139,2432
2281,151,2432
2269,163,2432
2251,181,2432
2239,193,2432
2221,211,2432
2203,229,2432
2161,271,2432
2083,349,2432
2053,379,2432
2011,421,2432
1999,433,2432
1993,439,2432
1933,499,2432
1861,571,2432
1831,601,2432
1801,631,2432
1789,643,2432
1759,673,2432
1741,691,2432
1723,709,2432
1699,733,2432
1693,739,2432
1663,769,2432
1621,811,2432
1609,823,2432
1579,853,2432
1549,883,2432
1423,1009,2432
1399,1033,2432
1381,1051,2432
1303,1129,2432
1279,1153,2432
1231,1201,2432
2423,11,2434
2417,17,2434
2411,23,2434
2393,41,2434
2381,53,2434
2351,83,2434
2333,101,2434
2297,137,2434
2267,167,2434
2243,191,2434
2237,197,2434
2207,227,2434
2153,281,2434
2141,293,2434
2087,347,2434
2081,353,2434
2003,431,2434
1973,461,2434
1931,503,2434
1913,521,2434
1877,557,2434
1871,563,2434
1847,587,2434
1787,647,2434
1733,701,2434
1637,797,2434
1613,821,2434
1607,827,2434
1571,863,2434
1553,881,2434
1523,911,2434
1493,941,2434
1487,947,2434
1481,953,2434
1451,983,2434
1373,1061,2434
1283,1151,2434
1217,1217,2434
2423,13,2436
2417,19,2436
2399,37,2436
2393,43,2436
2389,47,2436
2383,53,2436
2377,59,2436
2357,79,2436
2347,89,2436
2339,97,2436
2333,103,2436
2309,127,2436
2297,139,2436
2287,149,2436
2273,163,2436
2269,167,2436
2243,193,2436
2239,197,2436
2237,199,2436
2213,223,2436
2207,229,2436
2203,233,2436
2179,257,2436
2153,283,2436
2143,293,2436
2129,307,2436
2099,337,2436
2089,347,2436
2087,349,2436
2083,353,2436
2069,367,2436
2063,373,2436
2053,383,2436
2039,397,2436
2027,409,2436
2017,419,2436
2003,433,2436
1997,439,2436
1993,443,2436
1987,449,2436
1979,457,2436
1973,463,2436
1949,487,2436
1933,503,2436
1913,523,2436
1889,547,2436
1879,557,2436
1873,563,2436
1867,569,2436
1823,613,2436
1789,647,2436
1783,653,2436
1777,659,2436
1759,677,2436
1753,683,2436
1709,727,2436
1697,739,2436
1693,743,2436
1667,769,2436
1663,773,2436
1627,809,2436
1613,823,2436
1609,827,2436
1607,829,2436
1597,839,2436
1583,853,2436
1579,857,2436
1559,877,2436
1553,883,2436
1549,887,2436
1499,937,2436
1489,947,2436
1483,953,2436
1459,977,2436
1453,983,2436
1439,997,2436
1427,1009,2436
1423,1013,2436
1373,1063,2436
1367,1069,2436
1327,1109,2436
1319,1117,2436
1307,1129,2436
1283,1153,2436
1249,1187,2436
1223,1213,2436
2377,61,2438
2371,67,2438
2341,97,2438
2311,127,2438
2287,151,2438
2281,157,2438
2239,199,2438
2161,277,2438
2131,307,2438
2089,349,2438
2029,409,2438
2017,421,2438
1999,439,2438
1951,487,2438
1867,571,2438
1861,577,2438
1831,607,2438
1777,661,2438
1747,691,2438
1699,739,2438
1669,769,2438
1627,811,2438
1609,829,2438
1579,859,2438
1531,907,2438
1471,967,2438
1447,991,2438
1429,1009,2438
1399,1039,2438
1321,1117,2438
1237,1201,2438
2437,3,2440
2423,17,2440
2417,23,2440
2411,29,2440
2399,41,2440
2393,47,2440
2381,59,2440
2357,83,2440
2351,89,2440
2339,101,2440
2333,107,2440
2309,131,2440
2273,167,2440
2267,173,2440
2243,197,2440
2213,227,2440
2207,233,2440
2129,311,2440
2087,353,2440
2081,359,2440
2039,401,2440
1997,443,2440
1979,461,2440
1973,467,2440
1949,491,2440
1931,509,2440
1877,563,2440
1871,569,2440
1847,593,2440
1823,617,2440
1787,653,2440
1721,719,2440
1697,743,2440
1667,773,2440
1619,821,2440
1613,827,2440
1601,839,2440
1583,857,2440
1559,881,2440
1553,887,2440
1511,929,2440
1499,941,2440
1493,947,2440
1487,953,2440
1427,1013,2440
1409,1031,2440
1289,1151,2440
1277,1163,2440
1259,1181,2440
1223,1217,2440
2437,5,2442
2423,19,2442
2411,31,2442
2399,43,2442
2389,53,2442
2383,59,2442
2381,61,2442
2371,71,2442
2341,101,2442
2339,103,2442
2333,109,2442
2311,131,2442
2293,149,2442
2269,173,2442
2251,191,2442
2243,199,2442
2213,229,2442
2203,239,2442
2179,263,2442
2161,281,2442
2131,311,2442
2129,313,2442
2111,331,2442
2089,353,2442
2083,359,2442
2069,373,2442
2063,379,2442
2053,389,2442
2011,431,2442
2003,439,2442
1999,443,2442
1993,449,2442
1979,463,2442
1951,491,2442
1933,509,2442
1901,541,2442
1879,563,2442
1873,569,2442
1871,571,2442
1823,619,2442
1811,631,2442
1801,641,2442
1789,653,2442
1783,659,2442
1759,683,2442
1741,701,2442
1733,709,2442
1723,719,2442
1709,733,2442
1699,743,2442
1669,773,2442
1621,821,2442
1619,823,2442
1613,829,2442
1583,859,2442
1579,863,2442
1559,883,2442
1531,911,2442
1523,919,2442
1489,953,2442
1471,971,2442
1459,983,2442
1451,991,2442
1433,1009,2442
1429,1013,2442
1423,1019,2442
1409,1033,2442
1381,1061,2442
1373,1069,2442
1319,1123,2442
1291,1151,2442
1289,1153,2442
1279,1163,2442
1249,1193,2442
1229,1213,2442
2441,3,2444
2437,7,2444
2383,61,2444
2377,67,2444
2371,73,2444
2347,97,2444
2341,103,2444
2293,151,2444
2287,157,2444
2281,163,2444
2251,193,2444
2221,223,2444
2203,241,2444
2161,283,2444
2137,307,2444
2131,313,2444
2113,331,2444
2011,433,2444
1987,457,2444
1873,571,2444
1867,577,2444
1831,613,2444
1801,643,2444
1783,661,2444
1753,691,2444
1693,751,2444
1657,787,2444
1621,823,2444
1567,877,2444
1453,991,2444
1447,997,2444
1423,1021,2444
1381,1063,2444
1327,1117,2444
1321,1123,2444
1291,1153,2444
1231,1213,2444
2441,5,2446
2423,23,2446
2417,29,2446
2399,47,2446
2393,53,2446
2357,89,2446
2339,107,2446
2333,113,2446
2309,137,2446
2297,149,2446
2273,173,2446
2267,179,2446
2213,233,2446
2207,239,2446
2153,293,2446
2129,317,2446
2099,347,2446
2087,359,2446
2063,383,2446
2027,419,2446
2003,443,2446
1997,449,2446
1979,467,2446
1889,557,2446
1877,569,2446
1847,599,2446
1787,659,2446
1637,809,2446
1619,827,2446
1607,839,2446
1583,863,2446
1559,887,2446
1499,947,2446
1493,953,2446
1433,1013,2446
1427,1019,2446
1283,1163,2446
1259,1187,2446
1229,1217,2446
1223,1223,2446
2441,7,2448
2437,11,2448
2417,31,2448
2411,37,2448
2389,59,2448
2381,67,2448
2377,71,2448
2351,97,2448
2347,101,2448
2341,107,2448
2339,109,2448
2311,137,2448
2309,139,2448
2297,151,2448
2281,167,2448
2269,179,2448
2267,181,2448
2251,197,2448
2237,211,2448
2221,227,2448
2207,241,2448
2179,269,2448
2141,307,2448
2137,311,2448
2131,317,2448
2111,337,2448
2099,349,2448
2089,359,2448
2081,367,2448
2069,379,2448
2039,409,2448
2029,419,2448
2027,421,2448
2017,431,2448
1999,449,2448
1987,461,2448
1949,499,2448
1907,541,2448
1901,547,2448
1879,569,2448
1877,571,2448
1871,577,2448
1861,587,2448
1847,601,2448
1831,617,2448
1801,647,2448
1789,659,2448
1787,661,2448
1747,701,2448
1721,727,2448
1709,739,2448
1697,751,2448
1637,811,2448
1627,821,2448
1621,827,2448
1619,829,2448
1609,839,2448
1571,877,2448
1567,881,2448
1511,937,2448
1481,967,2448
1471,977,2448
1451,997,2448
1439,1009,2448
1429,1019,2448
1427,1021,2448
1409,1039,2448
1399,1049,2448
1361,1087,2448
1319,1129,2448
1297,1151,2448
1277,1171,2448
1231,1217,2448
2447,3,2450
2437,13,2450
2389,61,2450
2383,67,2450
2377,73,2450
2371,79,2450
2347,103,2450
2341,109,2450
2311,139,2450
2293,157,2450
2287,163,2450
2269,181,2450
2251,199,2450
2239,211,2450
2221,229,2450
2179,271,2450
2143,307,2450
2137,313,2450
2113,337,2450
2083,367,2450
2053,397,2450
2029,421,2450
2017,433,2450
2011,439,2450
1993,457,2450
1987,463,2450
1951,499,2450
1879,571,2450
1873,577,2450
1831,619,2450
1789,661,2450
1777,673,2450
1759,691,2450
1741,709,2450
1723,727,2450
1699,751,2450
1693,757,2450
1663,787,2450
1627,823,2450
1621,829,2450
1597,853,2450
1567,883,2450
1543,907,2450
1531,919,2450
1483,967,2450
1459,991,2450
1453,997,2450
1429,1021,2450
1399,1051,2450
1381,1069,2450
1327,1123,2450
1321,1129,2450
1297,1153,2450
1279,1171,2450
1249,1201,2450
1237,1213,2450
2447,5,2452
2441,11,2452
2423,29,2452
2411,41,2452
2399,53,2452
2393,59,2452
2381,71,2452
2351,101,2452
2339,113,2452
2273,179,2452
2213,239,2452
2141,311,2452
2099,353,2452
2069,383,2452
2063,389,2452
2003,449,2452
1973,479,2452
1949,503,2452
1931,521,2452
1889,563,2452
1811,641,2452
1733,719,2452
1709,743,2452
1613,839,2452
1571,881,2452
1523,929,2452
1511,941,2452
1499,953,2452
1481,971,2452
1439,1013,2452
1433,1019,2452
1361,1091,2452
1301,1151,2452
1289,1163,2452
1259,1193,2452
1229,1223,2452
2447,7,2454
2441,13,2454
2437,17,2454
2423,31,2454
2417,37,2454
2411,43,2454
2393,61,2454
2383,71,2454
2381,73,2454
2371,83,2454
2357,97,2454
2351,103,2454
2347,107,2454
2341,113,2454
2297,157,2454
2287,167,2454
2281,173,2454
2273,181,2454
2243,211,2454
2221,233,2454
2213,241,2454
2203,251,2454
2161,293,2454
2143,311,2454
2141,313,2454
2137,317,2454
2087,367,2454
2081,373,2454
2053,401,2454
2011,443,2454
1997,457,2454
1993,461,2454
1987,467,2454
1951,503,2454
1933,521,2454
1931,523,2454
1913,541,2454
1907,547,2454
1877,577,2454
1867,587,2454
1861,593,2454
1847,607,2454
1823,631,2454
1811,643,2454
1801,653,2454
1777,677,2454
1753,701,2454
1721,733,2454
1697,757,2454
1693,761,2454
1667,787,2454
1657,797,2454
1627,827,2454
1601,853,2454
1597,857,2454
1571,883,2454
1567,887,2454
1543,911,2454
1487,967,2454
1483,971,2454
1471,983,2454
1433,1021,2454
1423,1031,2454
1367,1087,2454
1361,1093,2454
1303,1151,2454
1301,1153,2454
1291,1163,2454
1283,1171,2454
1237,1217,2454
1231,1223,2454
2437,19,2456
2389,67,2456
2383,73,2456
2377,79,2456
2347,109,2456
2293,163,2456
2179,277,2456
2143,313,2456
2089,367,2456
2083,373,2456
2017,439,2456
1999,457,2456
1993,463,2456
1933,523,2456
1879,577,2456
1783,673,2456
1747,709,2456
1723,733,2456
1699,757,2456
1669,787,2456
1627,829,2456
1597,859,2456
1579,877,2456
1549,907,2456
1489,967,2456
1459,997,2456
1447,1009,2456
1423,1033,2456
1327,1129,2456
1303,1153,2456
2447,11,2458
2441,17,2458
2417,41,2458
2411,47,2458
2399,59,2458
2357,101,2458
2351,107,2458
2309,149,2458
2267,191,2458
2207,251,2458
2141,317,2458
2111,347,2458
2099,359,2458
2069,389,2458
2039,419,2458
2027,431,2458
1997,461,2458
1979,479,2458
1949,509,2458
1901,557,2458
1889,569,2458
1871,587,2458
1811,647,2458
1697,761,2458
1637,821,2458
1619,839,2458
1601,857,2458
1571,887,2458
1511,947,2458
1487,971,2458
1481,977,2458
1439,1019,2458
1427,1031,2458
1409,1049,2458
1367,1091,2458
1361,1097,2458
1307,1151,2458
1277,1181,2458
1229,1229,2458
2447,13,2460
2441,19,2460
2437,23,2460
2423,37,2460
2417,43,2460
2399,61,2460
2393,67,2460
2389,71,2460
2381,79,2460
2377,83,2460
2371,89,2460
2357,103,2460
2351,109,2460
2347,113,2460
2333,127,2460
2311,149,2460
2309,151,2460
2297,163,2460
2293,167,2460
2287,173,2460
2281,179,2460
2269,191,2460
2267,193,2460
2237,223,2460
2221,239,2460
2203,257,2460
2179,281,2460
2153,307,2460
2143,317,2460
2129,331,2460
2113,347,2460
2111,349,2460
2087,373,2460
2081,379,2460
2063,397,2460
2039,421,2460
2029,431,2460
2027,433,2460
2017,443,2460
2011,449,2460
2003,457,2460
1999,461,2460
1997,463,2460
1993,467,2460
1973,487,2460
1951,509,2460
1913,547,2460
1889,571,2460
1873,587,2460
1867,593,2460
1861,599,2460
1847,613,2460
1801,659,2460
1787,673,2460
1783,677,2460
1777,683,2460
1759,701,2460
1741,719,2460
1733,727,2460
1721,739,2460
1709,751,2460
1699,761,2460
1663,797,2460
1637,823,2460
1621,839,2460
1607,853,2460
1601,859,2460
1597,863,2460
1583,877,2460
1579,881,2460
1553,907,2460
1549,911,2460
1531,929,2460
1523,937,2460
1493,967,2460
1489,971,2460
1483,977,2460
1451,1009,2460
1447,1013,2460
1439,1021,2460
1429,1031,2460
1427,1033,2460
1409,1051,2460
1399,1061,2460
1373,1087,2460
1367,1093,2460
1307,1153,2460
1297,1163,2460
1289,1171,2460
1279,1181,2460
1259,1201,2460
1237,1223,2460
1231,1229,2460
2459,3,2462
2389,73,2462
2383,79,2462
2311,151,2462
2281,181,2462
2269,193,2462
2251,211,2462
2239,223,2462
2221,241,2462
2179,283,2462
2131,331,2462
2113,349,2462
2089,373,2462
2083,379,2462
2053,409,2462
2029,433,2462
1999,463,2462
1861,601,2462
1831,631,2462
1801,661,2462
1789,673,2462
1753,709,2462
1723,739,2462
1693,769,2462
1609,853,2462
1579,883,2462
1543,919,2462
1471,991,2462
1453,1009,2462
1429,1033,2462
1423,1039,2462
1399,1063,2462
1291,1171,2462
1249,1213,2462
1231,1231,2462
2459,5,2464
2447,17,2464
2441,23,2464
2423,41,2464
2417,47,2464
2411,53,2464
2393,71,2464
2381,83,2464
2357,107,2464
2351,113,2464
2333,131,2464
2297,167,2464
2273,191,2464
2267,197,2464
2237,227,2464
2213,251,2464
2207,257,2464
2153,311,2464
2111,353,2464
2081,383,2464
2063,401,2464
2003,461,2464
1997,467,2464
1973,491,2464
1907,557,2464
1901,563,2464
1877,587,2464
1871,593,2464
1847,617,2464
1823,641,2464
1811,653,2464
1787,677,2464
1721,743,2464
1667,797,2464
1637,827,2464
1607,857,2464
1601,863,2464
1583,881,2464
1553,911,2464
1523,941,2464
1511,953,2464
1493,971,2464
1487,977,2464
1481,983,2464
1451,1013,2464
1433,1031,2464
1373,1091,2464
1367,1097,2464
1361,1103,2464
1301,1163,2464
1283,1181,2464
1277,1187,2464
2459,7,2466
2447,19,2466
2437,29,2466
2423,43,2466
2399,67,2466
2393,73,2466
2383,83,2466
2377,89,2466
2357,109,2466
2339,127,2466
2309,157,2466
2293,173,2466
2287,179,2466
2273,193,2466
2269,197,2466
2267,199,2466
2243,223,2466
2239,227,2466
2237,229,2466
2203,263,2466
2153,313,2466
2129,337,2466
2113,353,2466
2099,367,2466
2087,379,2466
2083,383,2466
2069,397,2466
2027,439,2466
2017,449,2466
2003,463,2466
1999,467,2466
1987,479,2466
1979,487,2466
1889,577,2466
1879,587,2466
1873,593,2466
1867,599,2466
1847,619,2466
1823,643,2466
1789,677,2466
1783,683,2466
1747,719,2466
1733,733,2466
1723,743,2466
1709,757,2466
1697,769,2466
1693,773,2466
1669,797,2466
1657,809,2466
1637,829,2466
1627,839,2466
1613,853,2466
1609,857,2466
1607,859,2466
1583,883,2466
1579,887,2466
1559,907,2466
1499,967,2466
1489,977,2466
1483,983,2466
1453,1013,2466
1447,1019,2466
1433,1033,2466
1427,1039,2466
1373,1093,2466
1303,1163,2466
1279,1187,2466
1249,1217,2466
1237,1229,2466
2437,31,2468
2389,79,2468
2371,97,2468
2341,127,2468
2311,157,2468
2287,181,2468
2269,199,2468
2239,229,2468
2161,307,2468
2137,331,2468
2131,337,2468
2089,379,2468
2029,439,2468
2011,457,2468
1867,601,2468
1861,607,2468
1777,691,2468
1759,709,2468
1741,727,2468
1699,769,2468
1657,811,2468
1609,859,2468
1549,919,2468
1531,937,2468
1471,997,2468
1459,1009,2468
1447,1021,2468
1429,1039,2468
1399,1069,2468
1381,1087,2468
1297,1171,2468
1237,1231,2468
2467,3,2470
2459,11,2470
2447,23,2470
2441,29,2470
2423,47,2470
2417,53,2470
2411,59,2470
2399,71,2470
2381,89,2470
2357,113,2470
2339,131,2470
2333,137,2470
2297,173,2470
2273,197,2470
2243,227,2470
2237,233,2470
2213,257,2470
2207,263,2470
2153,317,2470
2111,359,2470
2087,383,2470
2081,389,2470
2069,401,2470
2039,431,2470
2027,443,2470
2003,467,2470
1979,491,2470
1949,521,2470
1913,557,2470
1907,563,2470
1901,569,2470
1877,593,2470
1871,599,2470
1823,647,2470
1811,659,2470
1787,683,2470
1709,761,2470
1697,773,2470
1613,857,2470
1607,863,2470
1583,887,2470
1559,911,2470
1523,947,2470
1499,971,2470
1493,977,2470
1487,983,2470
1451,1019,2470
1439,1031,2470
1409,1061,2470
1373,1097,2470
1367,1103,2470
1361,1109,2470
1319,1151,2470
1307,1163,2470
1289,1181,2470
1283,1187,2470
1277,1193,2470
2467,5,2472
2459,13,2472
2441,31,2472
2411,61,2472
2399,73,2472
2393,79,2472
2389,83,2472
2383,89,2472
2371,101,2472
2341,131,2472
2333,139,2472
2309,163,2472
2293,179,2472
2281,191,2472
2273,199,2472
2243,229,2472
2239,233,2472
2221,251,2472
2203,269,2472
2179,293,2472
2161,311,2472
2141,331,2472
2113,359,2472
2099,373,2472
2089,383,2472
2083,389,2472
2063,409,2472
2053,419,2472
2039,433,2472
2029,443,2472
2011,461,2472
1993,479,2472
1973,499,2472
1951,521,2472
1949,523,2472
1931,541,2472
1901,571,2472
1879,593,2472
1873,599,2472
1871,601,2472
1831,641,2472
1811,661,2472
1789,683,2472
1753,719,2472
1733,739,2472
1721,751,2472
1699,773,2472
1663,809,2472
1619,853,2472
1613,859,2472
1609,863,2472
1553,919,2472
1543,929,2472
1531,941,2472
1489,983,2472
1481,991,2472
1459,1013,2472
1453,1019,2472
1451,1021,2472
1439,1033,2472
1433,1039,2472
1423,1049,2472
1409,1063,2472
1381,1091,2472
1321,1151,2472
1319,1153,2472
1301,1171,2472
1291,1181,2472
1279,1193,2472
1259,1213,2472
1249,1223,2472
2467,7,2474
2437,37,2474
2377,97,2474
2371,103,2474
2347,127,2474
2311,163,2474
2293,181,2474
2281,193,2474
2251,223,2474
2203,271,2474
2161,313,2474
2143,331,2474
2137,337,2474
2053,421,2474
2017,457,2474
2011,463,2474
1987,487,2474
1951,523,2474
1933,541,2474
1873,601,2474
1867,607,2474
1861,613,2474
1831,643,2474
1801,673,2474
1783,691,2474
1747,727,2474
1741,733,2474
1723,751,2474
1663,811,2474
1621,853,2474
1597,877,2474
1567,907,2474
1483,991,2474
1453,1021,2474
1423,1051,2474
1381,1093,2474
1321,1153,2474
1303,1171,2474
1237,1237,2474
2473,3,2476
2459,17,2476
2447,29,2476
2423,53,2476
2417,59,2476
2393,83,2476
2339,137,2476
2309,167,2476
2297,179,2476
2243,233,2476
2237,239,2476
2213,263,2476
2207,269,2476
2129,347,2476
2087,389,2476
2027,449,2476
1997,479,2476
1973,503,2476
1913,563,2476
1907,569,2476
1889,587,2476
1877,599,2476
1823,653,2476
1733,743,2476
1667,809,2476
1637,839,2476
1619,857,2476
1613,863,2476
1523,953,2476
1499,977,2476
1493,983,2476
1427,1049,2476
1373,1103,2476
1367,1109,2476
1289,1187,2476
1283,1193,2476
1259,1217,2476
2473,5,2478
2467,11,2478
2459,19,2478
2447,31,2478
2441,37,2478
2437,41,2478
2417,61,2478
2411,67,2478
2399,79,2478
2389,89,2478
2381,97,2478
2377,101,2478
2371,107,2478
2351,127,2478
2347,131,2478
2341,137,2478
2339,139,2478
2311,167,2478
2297,181,2478
2287,191,2478
2281,197,2478
2267,211,2478
2251,227,2478
2239,239,2478
2237,241,2478
2221,257,2478
2207,271,2478
2161,317,2478
2141,337,2478
2131,347,2478
2129,349,2478
2111,367,2478
2099,379,2478
2089,389,2478
2081,397,2478
2069,409,2478
2039,439,2478
2029,449,2478
2017,461,2478
2011,467,2478
1999,479,2478
1987,491,2478
1979,499,2478
1931,547,2478
1907,571,2478
1901,577,2478
1879,599,2478
1877,601,2478
1871,607,2478
1861,617,2478
1847,631,2478
1831,647,2478
1801,677,2478
1787,691,2478
1777,701,2478
1759,719,2478
1721,757,2478
1709,769,2478
1669,809,2478
1667,811,2478
1657,821,2478
1621,857,2478
1619,859,2478
1601,877,2478
1597,881,2478
1571,907,2478
1567,911,2478
1559,919,2478
1549,929,2478
1531,947,2478
1511,967,2478
1487,991,2478
1481,997,2478
1459,1019,2478
1447,1031,2478
1439,1039,2478
1429,1049,2478
1427,1051,2478
1409,1069,2478
1381,1097,2478
1361,1117,2478
1327,1151,2478
1307,1171,2478
1297,1181,2478
1291,1187,2478
1277,1201,2478
1249,1229,2478
2477,3,2480
2473,7,2480
2467,13,2480
2437,43,2480
2383,97,2480
2377,103,2480
2371,109,2480
2341,139,2480
2287,193,2480
2281,199,2480
2269,211,2480
2251,229,2480
2239,241,2480
2203,277,2480
2143,337,2480
2131,349,2480
2113,367,2480
2083,397,2480
2017,463,2480
1993,487,2480
1933,547,2480
1879,601,2480
1873,607,2480
1867,613,2480
1861,619,2480
1789,691,2480
1753,727,2480
1747,733,2480
1741,739,2480
1723,757,2480
1693,787,2480
1669,811,2480
1657,823,2480
1627,853,2480
1621,859,2480
1597,883,2480
1543,937,2480
1489,991,2480
1483,997,2480
1471,1009,2480
1459,1021,2480
1447,1033,2480
1429,1051,2480
1327,1153,2480
1279,1201,2480
1249,1231,2480
2477,5,2482
2459,23,2482
2441,41,2482
2423,59,2482
2411,71,2482
2399,83,2482
2393,89,2482
2381,101,2482
2351,131,2482
2333,149,2482
2309,173,2482
2243,239,2482
2213,269,2482
2129,353,2482
2099,383,2482
2081,401,2482
2063,419,2482
2039,443,2482
2003,479,2482
1979,503,2482
1973,509,2482
1913,569,2482
1889,593,2482
1823,659,2482
1721,761,2482
1709,773,2482
1619,863,2482
1601,881,2482
1571,911,2482
1553,929,2482
1511,971,2482
1499,983,2482
1451,1031,2482
1433,1049,2482
1373,1109,2482
1319,1163,2482
1301,1181,2482
1289,1193,2482
1259,1223,2482
2477,7,2484
2473,11,2484
2467,17,2484
2447,37,2484
2441,43,2484
2437,47,2484
2423,61,2484
2417,67,2484
2411,73,2484
2383,101,2484
2381,103,2484
2377,107,2484
2371,113,2484
2357,127,2484
2347,137,2484
2333,151,2484
2311,173,2484
2293,191,2484
2287,197,2484
2273,211,2484
2251,233,2484
2243,241,2484
2221,263,2484
2213,271,2484
2207,277,2484
2203,281,2484
2153,331,2484
2137,347,2484
2131,353,2484
2111,373,2484
2087,397,2484
2083,401,2484
2063,421,2484
2053,431,2484
2027,457,2484
2017,467,2484
1997,487,2484
1993,491,2484
1913,571,2484
1907,577,2484
1877,607,2484
1871,613,2484
1867,617,2484
1831,653,2484
1823,661,2484
1811,673,2484
1801,683,2484
1783,701,2484
1741,743,2484
1733,751,2484
1723,761,2484
1697,787,2484
1663,821,2484
1657,827,2484
1627,857,2484
1621,863,2484
1607,877,2484
1601,883,2484
1597,887,2484
1543,941,2484
1531,953,2484
1493,991,2484
1487,997,2484
1471,1013,2484
1453,1031,2484
1451,1033,2484
1433,1051,2484
1423,1061,2484
1381,1103,2484
1367,1117,2484
1361,1123,2484
1321,1163,2484
1303,1181,2484
1297,1187,2484
1291,1193,2484
1283,1201,2484
2473,13,2486
2467,19,2486
2389,97,2486
2383,103,2486
2377,109,2486
2347,139,2486
2293,193,2486
2287,199,2486
2203,283,2486
2179,307,2486
2137,349,2486
2113,373,2486
2089,397,2486
2053,433,2486
2029,457,2486
1999,487,2486
1987,499,2486
1879,607,2486
1873,613,2486
1867,619,2486
1777,709,2486
1759,727,2486
1753,733,2486
1747,739,2486
1699,787,2486
1663,823,2486
1657,829,2486
1627,859,2486
1609,877,2486
1579,907,2486
1567,919,2486
1549,937,2486
1489,997,2486
1453,1033,2486
1447,1039,2486
1423,1063,2486
1399,1087,2486
1249,1237,2486
2477,11,2488
2459,29,2488
2447,41,2488
2441,47,2488
2417,71,2488
2399,89,2488
2381,107,2488
2357,131,2488
2351,137,2488
2339,149,2488
2309,179,2488
2297,191,2488
2237,251,2488
2207,281,2488
2141,347,2488
2129,359,2488
2099,389,2488
2087,401,2488
2069,419,2488
2039,449,2488
2027,461,2488
1997,491,2488
1979,509,2488
1931,557,2488
1901,587,2488
1889,599,2488
1871,617,2488
1847,641,2488
1811,677,2488
1787,701,2488
1667,821,2488
1607,881,2488
1601,887,2488
1559,929,2488
1511,977,2488
1439,1049,2488
1427,1061,2488
1307,1181,2488
1301,1187,2488
1259,1229,2488
2477,13,2490
2473,17,2490
2467,23,2490
2459,31,2490
2447,43,2490
2437,53,2490
2423,67,2490
2417,73,2490
2411,79,2490
2393,97,2490
2389,101,2490
2383,107,2490
2381,109,2490
2377,113,2490
2351,139,2490
2341,149,2490
2339,151,2490
2333,157,2490
2311,179,2490
2309,181,2490
2297,193,2490
2293,197,2490
2267,223,2490
2251,239,2490
2239,251,2490
2221,269,2490
2213,277,2490
2207,283,2490
2179,311,2490
2153,337,2490
2143,347,2490
2141,349,2490
2137,353,2490
2131,359,2490
2111,379,2490
2089,401,2490
2081,409,2490
2069,421,2490
2029,461,2490
2027,463,2490
2011,479,2490
2003,487,2490
1999,491,2490
1987,503,2490
1949,541,2490
1933,557,2490
1913,577,2490
1889,601,2490
1877,613,2490
1873,617,2490
1871,619,2490
1847,643,2490
1831,659,2490
1789,701,2490
1747,743,2490
1733,757,2490
1721,769,2490
1693,797,2490
1669,821,2490
1667,823,2490
1663,827,2490
1637,853,2490
1627,863,2490
1613,877,2490
1609,881,2490
1607,883,2490
1583,907,2490
1579,911,2490
1571,919,2490
1553,937,2490
1549,941,2490
1543,947,2490
1523,967,2490
1499,991,2490
1493,997,2490
1481,1009,2490
1471,1019,2490
1459,1031,2490
1451,1039,2490
1439,1051,2490
1429,1061,2490
1427,1063,2490
1399,1091,2490
1381,1109,2490
1373,1117,2490
1367,1123,2490
1361,1129,2490
1327,1163,2490
1319,1171,2490
1303,1187,2490
1297,1193,2490
1289,1201,2490
1277,1213,2490
1259,1231,2490
2473,19,2492
2389,103,2492
2383,109,2492
2341,151,2492
2311,181,2492
2293,199,2492
2281,211,2492
2269,223,2492
2251,241,2492
2221,271,2492
2179,313,2492
2161,331,2492
2143,349,2492
2113,379,2492
2083,409,2492
2053,439,2492
2029,463,2492
1993,499,2492
1951,541,2492
1879,613,2492
1873,619,2492
1861,631,2492
1831,661,2492
1801,691,2492
1783,709,2492
1759,733,2492
1753,739,2492
1741,751,2492
1723,769,2492
1669,823,2492
1663,829,2492
1609,883,2492
1483,1009,2492
1471,1021,2492
1459,1033,2492
1453,1039,2492
1429,1063,2492
1423,1069,2492
1399,1093,2492
1321,1171,2492
1291,1201,2492
1279,1213,2492
2477,17,2494
2447,47,2494
2441,53,2494
2423,71,2494
2411,83,2494
2393,101,2494
2381,113,2494
2357,137,2494
2297,197,2494
2267,227,2494
2243,251,2494
2237,257,2494
2213,281,2494
2141,353,2494
2111,383,2494
2063,431,2494
2027,467,2494
2003,491,2494
1973,521,2494
1931,563,2494
1907,587,2494
1901,593,2494
1877,617,2494
1847,647,2494
1811,683,2494
1733,761,2494
1721,773,2494
1697,797,2494
1667,827,2494
1637,857,2494
1613,881,2494
1607,887,2494
1583,911,2494
1553,941,2494
1523,971,2494
1511,983,2494
1481,1013,2494
1433,1061,2494
1307,1187,2494
1301,1193,2494
1277,1217,2494
2477,19,2496
2473,23,2496
2467,29,2496
2459,37,2496
2437,59,2496
2423,73,2496
2417,79,2496
2399,97,2496
2393,103,2496
2389,107,2496
2383,113,2496
2357,139,2496
2347,149,2496
2339,157,2496
2333,163,2496
2297,199,2496
2273,223,2496
2269,227,2496
2267,229,2496
2239,257,2496
2213,283,2496
2203,293,2496
2179,317,2496
2143,353,2496
2137,359,2496
2129,367,2496
2113,383,2496
2099,397,2496
2087,409,2496
2063,433,2496
2053,443,2496
2039,457,2496
2029,467,2496
2017,479,2496
1997,499,2496
1993,503,2496
1987,509,2496
1973,523,2496
1949,547,2496
1933,563,2496
1889,607,2496
1879,617,2496
1877,619,2496
1823,673,2496
1787,709,2496
1777,719,2496
1753,743,2496
1723,773,2496
1709,787,2496
1699,797,2496
1669,827,2496
1667,829,2496
1657,839,2496
1637,859,2496
1619,877,2496
1613,883,2496
1609,887,2496
1567,929,2496
1559,937,2496
1549,947,2496
1543,953,2496
1499,997,2496
1487,1009,2496
1483,1013,2496
1447,1049,2496
1433,1063,2496
1427,1069,2496
1409,1087,2496
1399,1097,2496
1373,1123,2496
1367,1129,2496
1303,1193,2496
1283,1213,2496
1279,1217,2496
1259,1237,2496
2467,31,2498
2437,61,2498
2389,109,2498
2371,127,2498
2347,151,2498
2341,157,2498
2287,211,2498
2269,229,2498
2221,277,2498
2161,337,2498
2131,367,2498
2089,409,2498
2011,487,2498
1999,499,2498
1951,547,2498
1879,619,2498
1867,631,2498
1789,709,2498
1759,739,2498
1747,751,2498
1741,757,2498
1669,829,2498
1621,877,2498
1579,919,2498
1531,967,2498
1489,1009,2498
1459,1039,2498
1447,1051,2498
1429,1069,2498
1381,1117,2498
1327,1171,2498
1297,1201,2498
1249,1249,2498
2477,23,2500
2459,41,2500
2447,53,2500
2441,59,2500
2417,83,2500
2411,89,2500
2399,101,2500
2393,107,2500
2351,149,2500
2333,167,2500
2309,191,2500
2273,227,2500
2267,233,2500
2243,257,2500
2237,263,2500
2207,293,2500
2153,347,2500
2141,359,2500
2111,389,2500
2099,401,2500
2081,419,2500
2069,431,2500
2039,461,2500
1997,503,2500
1979,521,2500
1931,569,2500
1913,587,2500
1907,593,2500
1901,599,2500
1847,653,2500
1823,677,2500
1637,863,2500
1619,881,2500
1613,887,2500
1571,929,2500
1559,941,2500
1553,947,2500
1523,977,2500
1487,1013,2500
1481,1019,2500
1451,1049,2500
1439,1061,2500
1409,1091,2500
1319,1181,2500
1307,1193,2500
1283,1217,2500
1277,1223,2500
2473,29,2502
2459,43,2502
2441,61,2502
2423,79,2502
2399,103,2502
2393,109,2502
2389,113,2502
2371,131,2502
2351,151,2502
2339,163,2502
2311,191,2502
2309,193,2502
2273,229,2502
2269,233,2502
2251,251,2502
2239,263,2502
2221,281,2502
2153,349,2502
2143,359,2502
2129,373,2502
2113,389,2502
2083,419,2502
2081,421,2502
2069,433,2502
2063,439,2502
2053,449,2502
2039,463,2502
2011,491,2502
2003,499,2502
1999,503,2502
1993,509,2502
1979,523,2502
1933,569,2502
1931,571,2502
1901,601,2502
1889,613,2502
1871,631,2502
1861,641,2502
1811,691,2502
1801,701,2502
1783,719,2502
1759,743,2502
1741,761,2502
1733,769,2502
1693,809,2502
1663,839,2502
1621,881,2502
1619,883,2502
1583,919,2502
1549,953,2502
1531,971,2502
1511,991,2502
1493,1009,2502
1489,1013,2502
1483,1019,2502
1481,1021,2502
1471,1031,2502
1453,1049,2502
1451,1051,2502
1439,1063,2502
1433,1069,2502
1409,1093,2502
1399,1103,2502
1373,1129,2502
1321,1181,2502
1301,1201,2502
1289,1213,2502
1279,1223,2502
2473,31,2504
2467,37,2504
2437,67,2504
2377,127,2504
2347,157,2504
2341,163,2504
2311,193,2504
2293,211,2504
2281,223,2504
2221,283,2504
2137,367,2504
2131,373,2504
2083,421,2504
2017,487,2504
1933,571,2504
1873,631,2504
1861,643,2504
1831,673,2504
1777,727,2504
1753,751,2504
1747,757,2504
1693,811,2504
1627,877,2504
1621,883,2504
1597,907,2504
1567,937,2504
1483,1021,2504
1471,1033,2504
1453,1051,2504
1381,1123,2504
1303,1201,2504
1291,1213,2504
2503,3,2506
2477,29,2506
2459,47,2506
2447,59,2506
2423,83,2506
2417,89,2506
2399,107,2506
2393,113,2506
2357,149,2506
2339,167,2506
2333,173,2506
2309,197,2506
2273,233,2506
2267,239,2506
2243,263,2506
2237,269,2506
2213,293,2506
2153,353,2506
2087,419,2506
2063,443,2506
2039,467,2506
2027,479,2506
2003,503,2506
1997,509,2506
1949,557,2506
1913,593,2506
1907,599,2506
1889,617,2506
1847,659,2506
1823,683,2506
1787,719,2506
1733,773,2506
1709,797,2506
1697,809,2506
1667,839,2506
1619,887,2506
1559,947,2506
1553,953,2506
1523,983,2506
1493,1013,2506
1487,1019,2506
1409,1097,2506
1319,1187,2506
1289,1217,2506
1283,1223,2506
1277,1229,2506
2503,5,2508
2477,31,2508
2467,41,2508
2447,61,2508
2441,67,2508
2437,71,2508
2411,97,2508
2399,109,2508
2381,127,2508
2377,131,2508
2371,137,2508
2357,151,2508
2351,157,2508
2341,167,2508
2311,197,2508
2309,199,2508
2297,211,2508
2281,227,2508
2269,239,2508
2267,241,2508
2251,257,2508
2239,269,2508
2237,271,2508
2161,347,2508
2141,367,2508
2129,379,2508
2111,397,2508
2099,409,2508
2089,419,2508
2087,421,2508
2069,439,2508
2029,479,2508
2017,491,2508
1999,509,2508
1987,521,2508
1951,557,2508
1931,577,2508
1907,601,2508
1901,607,2508
1889,619,2508
1877,631,2508
1867,641,2508
1861,647,2508
1847,661,2508
1831,677,2508
1789,719,2508
1747,761,2508
1721,787,2508
1699,809,2508
1697,811,2508
1669,839,2508
1627,881,2508
1621,887,2508
1601,907,2508
1597,911,2508
1579,929,2508
1571,937,2508
1567,941,2508
1531,977,2508
1511,997,2508
1499,1009,2508
1489,1019,2508
1487,1021,2508
1459,1049,2508
1447,1061,2508
1439,1069,2508
1399,1109,2508
1327,1181,2508
1321,1187,2508
1307,1201,2508
1291,1217,2508
1279,1229,2508
1277,1231,2508
1259,1249,2508
2503,7,2510
2473,37,2510
2467,43,2510
2437,73,2510
2383,127,2510
2371,139,2510
2347,163,2510
2311,199,2510
2287,223,2510
2281,229,2510
2269,241,2510
2239,271,2510
2203,307,2510
2179,331,2510
2161,349,2510
2143,367,2510
2137,373,2510
2131,379,2510
2113,397,2510
2089,421,2510
2053,457,2510
2011,499,2510
1987,523,2510
1933,577,2510
1879,631,2510
1867,643,2510
1801,709,2510
1783,727,2510
1777,733,2510
1759,751,2510
1753,757,2510
1741,769,2510
1723,787,2510
1699,811,2510
1657,853,2510
1627,883,2510
1543,967,2510
1489,1021,2510
1471,1039,2510
1459,1051,2510
1447,1063,2510
1423,1087,2510
1381,1129,2510
1297,1213,2510
1279,1231,2510
2459,53,2512
2441,71,2512
2423,89,2512
2411,101,2512
2399,113,2512
2381,131,2512
2339,173,2512
2333,179,2512
2273,239,2512
2243,269,2512
2153,359,2512
2129,383,2512
2111,401,2512
2081,431,2512
2069,443,2512
2063,449,2512
2003,509,2512
1949,563,2512
1913,599,2512
1871,641,2512
1811,701,2512
1601,911,2512
1583,929,2512
1571,941,2512
1559,953,2512
1499,1013,2512
1493,1019,2512
1481,1031,2512
1451,1061,2512
1409,1103,2512
1361,1151,2512
1319,1193,2512
1289,1223,2512
1283,1229,2512
2503,11,2514
2477,37,2514
2473,41,2514
2467,47,2514
2447,67,2514
2441,73,2514
2417,97,2514
2411,103,2514
2383,131,2514
2377,137,2514
2357,157,2514
2351,163,2514
2347,167,2514
2341,173,2514
2333,181,2514
2287,227,2514
2281,233,2514
2273,241,2514
2251,263,2514
2243,271,2514
2237,277,2514
2221,293,2514
2207,307,2514
2203,311,2514
2161,353,2514
2141,373,2514
2131,383,2514
2113,401,2514
2083,431,2514
2081,433,2514
2053,461,2514
2027,487,2514
2011,503,2514
1993,521,2514
1973,541,2514
1951,563,2514
1913,601,2514
1907,607,2514
1901,613,2514
1873,641,2514
1871,643,2514
1867,647,2514
1861,653,2514
1831,683,2514
1823,691,2514
1787,727,2514
1753,761,2514
1741,773,2514
1693,821,2514
1657,857,2514
1637,877,2514
1627,887,2514
1607,907,2514
1567,947,2514
1543,971,2514
1531,983,2514
1523,991,2514
1493,1021,2514
1483,1031,2514
1481,1033,2514
1453,1061,2514
1451,1063,2514
1427,1087,2514
1423,1091,2514
1361,1153,2514
1327,1187,2514
1321,1193,2514
1301,1213,2514
1297,1217,2514
1291,1223,2514
1283,1231,2514
1277,1237,2514
2503,13,2516
2473,43,2516
2437,79,2516
2389,127,2516
2377,139,2516
2293,223,2516
2287,229,2516
2239,277,2516
2203,313,2516
2179,337,2516
2143,373,2516
2137,379,2516
2083,433,2516
2053,463,2516
2029,487,2516
2017,499,2516
1993,523,2516
1873,643,2516
1789,727,2516
1783,733,2516
1777,739,2516
1759,757,2516
1747,769,2516
1693,823,2516
1663,853,2516
1657,859,2516
1609,907,2516
1597,919,2516
1579,937,2516
1549,967,2516
1483,1033,2516
1453,1063,2516
1447,1069,2516
1429,1087,2516
1423,1093,2516
1399,1117,2516
1303,1213,2516
1279,1237,2516
2477,41,2518
2459,59,2518
2447,71,2518
2417,101,2518
2411,107,2518
2381,137,2518
2351,167,2518
2339,179,2518
2267,251,2518
2237,281,2518
2207,311,2518
2129,389,2518
2099,419,2518
2087,431,2518
2069,449,2518
2039,479,2518
2027,491,2518
1997,521,2518
1949,569,2518
1931,587,2518
1901,617,2518
1877,641,2518
1871,647,2518
1721,797,2518
1709,809,2518
1697,821,2518
1637,881,2518
1607,911,2518
1571,947,2518
1499,1019,2518
1487,1031,2518
1427,1091,2518
1409,1109,2518
1367,1151,2518
1301,1217,2518
1289,1229,2518
1259,1259,2518
2503,17,2520
2477,43,2520
2473,47,2520
2467,53,2520
2459,61,2520
2447,73,2520
2441,79,2520
2437,83,2520
2423,97,2520
2417,103,2520
2411,109,2520
2393,127,2520
2389,131,2520
2383,137,2520
2381,139,2520
2371,149,2520
2357,163,2520
2347,173,2520
2341,179,2520
2339,181,2520
2309,211,2520
2297,223,2520
2293,227,2520
2287,233,2520
2281,239,2520
2269,251,2520
2251,269,2520
2243,277,2520
2239,281,2520
2237,283,2520
2213,307,2520
2207,313,2520
2203,317,2520
2161,359,2520
2153,367,2520
2141,379,2520
2137,383,2520
2131,389,2520
2111,409,2520
2099,421,2520
2089,431,2520
2087,433,2520
2081,439,2520
2063,457,2520
2053,467,2520
2029,491,2520
2017,503,2520
2011,509,2520
1999,521,2520
1997,523,2520
1979,541,2520
1973,547,2520
1951,569,2520
1949,571,2520
1933,587,2520
1913,607,2520
1907,613,2520
1901,619,2520
1889,631,2520
1879,641,2520
1877,643,2520
1873,647,2520
1867,653,2520
1861,659,2520
1847,673,2520
1811,709,2520
1801,719,2520
1787,733,2520
1777,743,2520
1759,761,2520
1747,773,2520
1733,787,2520
1723,797,2520
1709,811,2520
1699,821,2520
1697,823,2520
1693,827,2520
1667,853,2520
1663,857,2520
1657,863,2520
1637,883,2520
1613,907,2520
1609,911,2520
1601,919,2520
1583,937,2520
1579,941,2520
1567,953,2520
1553,967,2520
1549,971,2520
1543,977,2520
1523,997,2520
1511,1009,2520
1499,1021,2520
1489,1031,2520
1487,1033,2520
1481,1039,2520
1471,1049,2520
1459,1061,2520
1451,1069,2520
1433,1087,2520
1429,1091,2520
1427,1093,2520
1423,1097,2520
1367,1153,2520
1327,1193,2520
1319,1201,2520
1307,1213,2520
1303,1217,2520
1297,1223,2520
1291,1229,2520
1289,1231,2520
1283,1237,2520
2503,19,2522
2383,139,2522
2371,151,2522
2341,181,2522
2311,211,2522
2293,229,2522
2281,241,2522
2251,271,2522
2239,283,2522
2143,379,2522
2113,409,2522
2089,433,2522
2083,439,2522
1999,523,2522
1951,571,2522
1879,643,2522
1861,661,2522
1831,691,2522
1789,733,2522
1783,739,2522
1753,769,2522
1699,823,2522
1693,829,2522
1669,853,2522
1663,859,2522
1531,991,2522
1489,1033,2522
1483,1039,2522
1471,1051,2522
1459,1063,2522
1453,1069,2522
1429,1093,2522
1399,1123,2522
1321,1201,2522
1291,1231,2522
2521,3,2524
2477,47,2524
2441,83,2524
2423,101,2524
2417,107,2524
2411,113,2524
2393,131,2524
2357,167,2524
2351,173,2524
2333,191,2524
2297,227,2524
2273,251,2524
2267,257,2524
2243,281,2524
2213,311,2524
2207,317,2524
2141,383,2524
2081,443,2524
2063,461,2524
2003,521,2524
1931,593,2524
1907,617,2524
1877,647,2524
1871,653,2524
1847,677,2524
1823,701,2524
1697,827,2524
1667,857,2524
1637,887,2524
1613,911,2524
1583,941,2524
1571,953,2524
1553,971,2524
1511,1013,2524
1493,1031,2524
1433,1091,2524
1427,1097,2524
1373,1151,2524
1361,1163,2524
1307,1217,2524
1301,1223,2524
2521,5,2526
2503,23,2526
2473,53,2526
2467,59,2526
2459,67,2526
2447,79,2526
2437,89,2526
2423,103,2526
2417,109,2526
2399,127,2526
2389,137,2526
2377,149,2526
2347,179,2526
2333,193,2526
2297,229,2526
2293,233,2526
2287,239,2526
2269,257,2526
2243,283,2526
2213,313,2526
2179,347,2526
2153,373,2526
2143,383,2526
2137,389,2526
2129,397,2526
2087,439,2526
2083,443,2526
2069,457,2526
2063,463,2526
2039,487,2526
2027,499,2526
2017,509,2526
2003,523,2526
1979,547,2526
1949,577,2526
1933,593,2526
1913,613,2526
1907,619,2526
1879,647,2526
1873,653,2526
1867,659,2526
1787,739,2526
1783,743,2526
1753,773,2526
1699,827,2526
1697,829,2526
1669,857,2526
1667,859,2526
1663,863,2526
1619,907,2526
1607,919,2526
1597,929,2526
1579,947,2526
1559,967,2526
1549,977,2526
1543,983,2526
1493,1033,2526
1487,1039,2526
1439,1087,2526
1433,1093,2526
1429,1097,2526
1423,1103,2526
1409,1117,2526
1373,1153,2526
1303,1223,2526
1297,1229,2526
1289,1237,2526
1277,1249,2526
2521,7,2528
2467,61,2528
2389,139,2528
2377,151,2528
2371,157,2528
2347,181,2528
2287,241,2528
2251,277,2528
2221,307,2528
2179,349,2528
2161,367,2528
2131,397,2528
2089,439,2528
2029,499,2528
1987,541,2528
1951,577,2528
1867,661,2528
1801,727,2528
1789,739,2528
1777,751,2528
1759,769,2528
1741,787,2528
1699,829,2528
1669,859,2528
1621,907,2528
1609,919,2528
1531,997,2528
1489,1039,2528
1459,1069,2528
1399,1129,2528
1327,1201,2528
1297,1231,2528
1291,1237,2528
1279,1249,2528
2477,53,2530
2459,71,2530
2447,83,2530
2441,89,2530
2423,107,2530
2417,113,2530
2399,131,2530
2393,137,2530
2381,149,2530
2357,173,2530
2351,179,2530
2339,191,2530
2333,197,2530
2297,233,2530
2273,257,2530
2267,263,2530
2237,293,2530
2213,317,2530
2141,389,2530
2129,401,2530
2111,419,2530
2099,431,2530
2087,443,2530
2081,449,2530
2069,461,2530
2063,467,2530
2039,491,2530
2027,503,2530
1973,557,2530
1931,599,2530
1913,617,2530
1889,641,2530
1877,653,2530
1871,659,2530
1847,683,2530
1811,719,2530
1787,743,2530
1733,797,2530
1721,809,2530
1709,821,2530
1667,863,2530
1619,911,2530
1601,929,2530
1583,947,2530
1559,971,2530
1553,977,2530
1511,1019,2530
1499,1031,2530
1481,1049,2530
1439,1091,2530
1433,1097,2530
1427,1103,2530
1367,1163,2530
1307,1223,2530
1301,1229,2530
2521,11,2532
2503,29,2532
2473,59,2532
2459,73,2532
2423,109,2532
2393,139,2532
2383,149,2532
2381,151,2532
2351,181,2532
2341,191,2532
2339,193,2532
2333,199,2532
2309,223,2532
2293,239,2532
2281,251,2532
2269,263,2532
2251,281,2532
2239,293,2532
2221,311,2532
2179,353,2532
2153,379,2532
2143,389,2532
2131,401,2532
2113,419,2532
2111,421,2532
2099,433,2532
2089,443,2532
2083,449,2532
2069,463,2532
2053,479,2532
2029,503,2532
2011,521,2532
1933,599,2532
1931,601,2532
1913,619,2532
1901,631,2532
1889,643,2532
1879,653,2532
1873,659,2532
1871,661,2532
1831,701,2532
1823,709,2532
1789,743,2532
1759,773,2532
1723,809,2532
1721,811,2532
1709,823,2532
1693,839,2532
1669,863,2532
1621,911,2532
1613,919,2532
1579,953,2532
1549,983,2532
1523,1009,2532
1511,1021,2532
1499,1033,2532
1493,1039,2532
1483,1049,2532
1481,1051,2532
1471,1061,2532
1439,1093,2532
1429,1103,2532
1423,1109,2532
1409,1123,2532
1381,1151,2532
1361,1171,2532
1319,1213,2532
1303,1229,2532
1301,1231,2532
1283,1249,2532
2531,3,2534
2521,13,2534
2503,31,2534
2473,61,2534
2467,67,2534
2437,97,2534
2383,151,2534
2377,157,2534
2371,163,2534
2341,193,2534
2311,223,2534
2293,241,2534
2251,283,2534
2221,313,2534
2203,331,2534
2161,373,2534
2137,397,2534
2113,421,2534
2011,523,2534
1993,541,2534
1987,547,2534
1933,601,2534
1873,661,2534
1861,673,2534
1801,733,2534
1783,751,2534
1777,757,2534
1747,787,2534
1723,811,2534
1657,877,2534
1627,907,2534
1597,937,2534
1567,967,2534
1543,991,2534
1483,1051,2534
1471,1063,2534
1447,1087,2534
1381,1153,2534
1321,1213,2534
1303,1231,2534
1297,1237,2534
2531,5,2536
2477,59,2536
2447,89,2536
2423,113,2536
2399,137,2536
2357,179,2536
2339,197,2536
2309,227,2536
2297,239,2536
2273,263,2536
2267,269,2536
2243,293,2536
2153,383,2536
2087,449,2536
2069,467,2536
2027,509,2536
1979,557,2536
1973,563,2536
1949,587,2536
1889,647,2536
1877,659,2536
1709,827,2536
1697,839,2536
1607,929,2536
1583,953,2536
1559,977,2536
1553,983,2536
1523,1013,2536
1487,1049,2536
1439,1097,2536
1433,1103,2536
1427,1109,2536
1373,1163,2536
1319,1217,2536
1307,1229,2536
1277,1259,2536
2531,7,2538
2521,17,2538
2477,61,2538
2467,71,2538
2459,79,2538
2441,97,2538
2437,101,2538
2411,127,2538
2399,139,2538
2389,149,2538
2381,157,2538
2371,167,2538
2357,181,2538
2347,191,2538
2341,197,2538
2339,199,2538
2311,227,2538
2309,229,2538
2297,241,2538
2287,251,2538
2281,257,2538
2269,269,2538
2267,271,2538
2221,317,2538
2207,331,2538
2179,359,2538
2141,397,2538
2137,401,2538
2129,409,2538
2099,439,2538
2089,449,2538
2081,457,2538
2039,499,2538
2029,509,2538
2017,521,2538
1997,541,2538
1951,587,2538
1931,607,2538
1907,631,2538
1879,659,2538
1877,661,2538
1861,677,2538
1847,691,2538
1811,727,2538
1787,751,2538
1777,761,2538
1741,797,2538
1709,829,2538
1699,839,2538
1657,881,2538
1627,911,2538
1619,919,2538
1609,929,2538
1601,937,2538
1597,941,2538
1571,967,2538
1567,971,2538
1499,1039,2538
1489,1049,2538
1487,1051,2538
1451,1087,2538
1447,1091,2538
1429,1109,2538
1409,1129,2538
1367,1171,2538
1321,1217,2538
1307,1231,2538
1301,1237,2538
1289,1249,2538
1279,1259,2538
2521,19,2540
2503,37,2540
2473,67,2540
2467,73,2540
2437,103,2540
2389,151,2540
2383,157,2540
2377,163,2540
2347,193,2540
2341,199,2540
2311,229,2540
2269,271,2540
2203,337,2540
2161,379,2540
2143,397,2540
2131,409,2540
2083,457,2540
2053,487,2540
2017,523,2540
1999,541,2540
1993,547,2540
1933,607,2540
1879,661,2540
1867,673,2540
1831,709,2540
1801,739,2540
1789,751,2540
1783,757,2540
1753,787,2540
1663,877,2540
1657,883,2540
1621,919,2540
1549,991,2540
1543,997,2540
1531,1009,2540
1489,1051,2540
1471,1069,2540
1453,1087,2540
1447,1093,2540
1423,1117,2540
1327,1213,2540
1303,1237,2540
1291,1249,2540
2539,3,2542
2531,11,2542
2459,83,2542
2441,101,2542
2411,131,2542
2393,149,2542
2351,191,2542
2309,233,2542
2273,269,2542
2153,389,2542
2141,401,2542
2111,431,2542
2099,443,2542
2081,461,2542
2063,479,2542
2039,503,2542
1979,563,2542
1973,569,2542
1949,593,2542
1901,641,2542
1889,653,2542
1823,719,2542
1733,809,2542
1721,821,2542
1613,929,2542
1601,941,2542
1571,971,2542
1559,983,2542
1523,1019,2542
1511,1031,2542
1493,1049,2542
1481,1061,2542
1451,1091,2542
1439,1103,2542
1433,1109,2542
1361,1181,2542
1319,1223,2542
1283,1259,2542
2539,5,2544
2531,13,2544
2521,23,2544
2503,41,2544
2477,67,2544
2473,71,2544
2447,97,2544
2441,103,2544
2437,107,2544
2417,127,2544
2393,151,2544
2381,163,2544
2377,167,2544
2371,173,2544
2351,193,2544
2347,197,2544
2333,211,2544
2311,233,2544
2293,251,2544
2287,257,2544
2281,263,2544
2273,271,2544
2267,277,2544
2251,293,2544
2237,307,2544
2213,331,2544
2207,337,2544
2161,383,2544
2143,401,2544
2113,431,2544
2111,433,2544
2087,457,2544
2083,461,2544
2081,463,2544
2053,491,2544
2003,541,2544
1997,547,2544
1987,557,2544
1973,571,2544
1951,593,2544
1931,613,2544
1913,631,2544
1901,643,2544
1871,673,2544
1867,677,2544
1861,683,2544
1811,733,2544
1801,743,2544
1787,757,2544
1783,761,2544
1747,797,2544
1733,811,2544
1723,821,2544
1721,823,2544
1667,877,2544
1663,881,2544
1657,887,2544
1637,907,2544
1607,937,2544
1597,947,2544
1567,977,2544
1553,991,2544
1531,1013,2544
1523,1021,2544
1511,1033,2544
1493,1051,2544
1483,1061,2544
1481,1063,2544
1453,1091,2544
1451,1093,2544
1447,1097,2544
1427,1117,2544
1381,1163,2544
1373,1171,2544
1327,1217,2544
1321,1223,2544
1307,1237,2544
2543,3,2546
2539,7,2546
2503,43,2546
2473,73,2546
2467,79,2546
2437,109,2546
2389,157,2546
2383,163,2546
2347,199,2546
2269,277,2546
2239,307,2546
2179,367,2546
2137,409,2546
2113,433,2546
2089,457,2546
2083,463,2546
1999,547,2546
1933,613,2546
1873,673,2546
1789,757,2546
1777,769,2546
1759,787,2546
1723,823,2546
1693,853,2546
1669,877,2546
1663,883,2546
1627,919,2546
1609,937,2546
1579,967,2546
1549,997,2546
1483,1063,2546
1459,1087,2546
1453,1093,2546
1429,1117,2546
1423,1123,2546
1297,1249,2546
2543,5,2548
2531,17,2548
2477,71,2548
2459,89,2548
2447,101,2548
2441,107,2548
2417,131,2548
2411,137,2548
2399,149,2548
2381,167,2548
2357,191,2548
2351,197,2548
2309,239,2548
2297,251,2548
2267,281,2548
2237,311,2548
2129,419,2548
2099,449,2548
2087,461,2548
2081,467,2548
2069,479,2548
2039,509,2548
2027,521,2548
1979,569,2548
1949,599,2548
1931,617,2548
1907,641,2548
1901,647,2548
1889,659,2548
1871,677,2548
1847,701,2548
1787,761,2548
1721,827,2548
1709,839,2548
1667,881,2548
1637,911,2548
1619,929,2548
1607,941,2548
1601,947,2548
1571,977,2548
1499,1049,2548
1487,1061,2548
1451,1097,2548
1439,1109,2548
1367,1181,2548
1361,1187,2548
1319,1229,2548
1289,1259,2548
2543,7,2550
2539,11,2550
2531,19,2550
2521,29,2550
2503,47,2550
2477,73,2550
2467,83,2550
2447,103,2550
2441,109,2550
2437,113,2550
2423,127,2550
2411,139,2550
2399,151,2550
2393,157,2550
2383,167,2550
2377,173,2550
2371,179,2550
2357,193,2550
2351,199,2550
2339,211,2550
2311,239,2550
2309,241,2550
2293,257,2550
2287,263,2550
2281,269,2550
2273,277,2550
2269,281,2550
2267,283,2550
2243,307,2550
2239,311,2550
2237,313,2550
2213,337,2550
2203,347,2550
2161,389,2550
2153,397,2550
2141,409,2550
2131,419,2550
2129,421,2550
2111,439,2550
2089,461,2550
2087,463,2550
2083,467,2550
2063,487,2550
2029,521,2550
2027,523,2550
2003,547,2550
1993,557,2550
1987,563,2550
1979,571,2550
1973,577,2550
1951,599,2550
1949,601,2550
1933,617,2550
1931,619,2550
1907,643,2550
1889,661,2550
1877,673,2550
1873,677,2550
1867,683,2550
1831,719,2550
1823,727,2550
1811,739,2550
1789,761,2550
1777,773,2550
1753,797,2550
1741,809,2550
1723,827,2550
1721,829,2550
1697,853,2550
1693,857,2550
1669,881,2550
1667,883,2550
1663,887,2550
1621,929,2550
1613,937,2550
1609,941,2550
1597,953,2550
1583,967,2550
1579,971,2550
1567,983,2550
1559,991,2550
1553,997,2550
1531,1019,2550
1511,1039,2550
1499,1051,2550
1489,1061,2550
1487,1063,2550
1481,1069,2550
1459,1091,2550
1453,1097,2550
1447,1103,2550
1433,1117,2550
1427,1123,2550
1399,1151,2550
1327,1223,2550
1321,1229,2550
1319,1231,2550
1301,1249,2550
1291,1259,2550
2549,3,2552
2539,13,2552
2521,31,2552
2473,79,2552
2389,163,2552
2371,181,2552
2341,211,2552
2311,241,2552
2281,271,2552
2269,283,2552
2239,313,2552
2221,331,2552
2203,349,2552
2179,373,2552
2143,409,2552
2131,421,2552
2113,439,2552
2089,463,2552
2053,499,2552
2029,523,2552
2011,541,2552
1951,601,2552
1933,619,2552
1879,673,2552
1861,691,2552
1801,751,2552
1783,769,2552
1741,811,2552
1723,829,2552
1699,853,2552
1693,859,2552
1669,883,2552
1543,1009,2552
1531,1021,2552
1489,1063,2552
1483,1069,2552
1459,1093,2552
1429,1123,2552
1423,1129,2552
1399,1153,2552
1381,1171,2552
1321,1231,2552
1303,1249,2552
2551,3,2554
2549,5,2554
2543,11,2554
2531,23,2554
2447,107,2554
2441,113,2554
2423,131,2554
2417,137,2554
2381,173,2554
2357,197,2554
2297,257,2554
2273,281,2554
2243,311,2554
2237,317,2554
2207,347,2554
2153,401,2554
2111,443,2554
2087,467,2554
2063,491,2554
1997,557,2554
1913,641,2554
1907,647,2554
1901,653,2554
1877,677,2554
1871,683,2554
1811,743,2554
1733,821,2554
1697,857,2554
1667,887,2554
1613,941,2554
1607,947,2554
1601,953,2554
1583,971,2554
1571,983,2554
1523,1031,2554
1493,1061,2554
1451,1103,2554
1373,1181,2554
1367,1187,2554
1361,1193,2554
1277,1277,2554
2551,5,2556
2549,7,2556
2543,13,2556
2539,17,2556
2503,53,2556
2477,79,2556
2473,83,2556
2467,89,2556
2459,97,2556
2447,109,2556
2417,139,2556
2399,157,2556
2393,163,2556
2389,167,2556
2383,173,2556
2377,179,2556
2357,199,2556
2333,223,2556
2293,263,2556
2287,269,2556
2273,283,2556
2243,313,2556
2239,317,2556
2207,349,2556
2203,353,2556
2137,419,2556
2113,443,2556
2099,457,2556
2089,467,2556
2069,487,2556
2053,503,2556
1999,557,2556
1993,563,2556
1987,569,2556
1979,577,2556
1949,607,2556
1913,643,2556
1879,677,2556
1873,683,2556
1847,709,2556
1823,733,2556
1787,769,2556
1783,773,2556
1759,797,2556
1747,809,2556
1733,823,2556
1699,857,2556
1697,859,2556
1693,863,2556
1669,887,2556
1637,919,2556
1627,929,2556
1619,937,2556
1609,947,2556
1579,977,2556
1559,997,2556
1543,1013,2556
1523,1033,2556
1493,1063,2556
1487,1069,2556
1459,1097,2556
1453,1103,2556
1447,1109,2556
1439,1117,2556
1433,1123,2556
1427,1129,2556
1327,1229,2556
1319,1237,2556
1307,1249,2556
1297,1259,2556
1279,1277,2556
2551,7,2558
2539,19,2558
2521,37,2558
2377,181,2558
2347,211,2558
2287,271,2558
2281,277,2558
2251,307,2558
2221,337,2558
2179,379,2558
2161,397,2558
2137,421,2558
2017,541,2558
2011,547,2558
1987,571,2558
1951,607,2558
1867,691,2558
1831,727,2558
1801,757,2558
1789,769,2558
1747,811,2558
1699,859,2558
1621,937,2558
1567,991,2558
1549,1009,2558
1489,1069,2558
1471,1087,2558
1429,1129,2558
1327,1231,2558
1321,1237,2558
1279,1279,2558
2557,3,2560
2549,11,2560
2543,17,2560
2531,29,2560
2477,83,2560
2459,101,2560
2447,113,2560
2423,137,2560
2411,149,2560
2393,167,2560
2381,179,2560
2333,227,2560
2309,251,2560
2297,263,2560
2267,293,2560
2243,317,2560
2213,347,2560
2207,353,2560
2141,419,2560
2129,431,2560
2111,449,2560
2099,461,2560
2081,479,2560
2069,491,2560
2039,521,2560
2003,557,2560
1997,563,2560
1973,587,2560
1913,647,2560
1907,653,2560
1901,659,2560
1877,683,2560
1787,773,2560
1733,827,2560
1721,839,2560
1697,863,2560
1619,941,2560
1613,947,2560
1607,953,2560
1583,977,2560
1511,1049,2560
1499,1061,2560
1451,1109,2560
1409,1151,2560
1373,1187,2560
1367,1193,2560
1301,1259,2560
1283,1277,2560
2557,5,2562
2551,11,2562
2549,13,2562
2543,19,2562
2539,23,2562
2531,31,2562
2521,41,2562
2503,59,2562
2473,89,2562
2459,103,2562
2423,139,2562
2411,151,2562
2399,163,2562
2389,173,2562
2383,179,2562
2381,181,2562
2371,191,2562
2351,211,2562
2339,223,2562
2333,229,2562
2311,251,2562
2293,269,2562
2281,281,2562
2269,293,2562
2251,311,2562
2213,349,2562
2203,359,2562
2179,383,2562
2161,401,2562
2153,409,2562
2143,419,2562
2141,421,2562
2131,431,2562
2129,433,2562
2113,449,2562
2099,463,2562
2083,479,2562
2063,499,2562
2053,509,2562
2039,523,2562
1999,563,2562
1993,569,2562
1949,613,2562
1931,631,2562
1901,661,2562
1889,673,2562
1879,683,2562
1871,691,2562
1861,701,2562
1823,739,2562
1811,751,2562
1801,761,2562
1789,773,2562
1753,809,2562
1741,821,2562
1733,829,2562
1723,839,2562
1709,853,2562
1699,863,2562
1621,941,2562
1609,953,2562
1579,983,2562
1571,991,2562
1553,1009,2562
1549,1013,2562
1543,1019,2562
1531,1031,2562
1523,1039,2562
1511,1051,2562
1499,1063,2562
1493,1069,2562
1471,1091,2562
1459,1103,2562
1453,1109,2562
1439,1123,2562
1433,1129,2562
1409,1153,2562
1399,1163,2562
1381,1181,2562
1361,1201,2562
1303,1259,2562
1283,1279,2562
2557,7,2564
2551,13,2564
2521,43,2564
2503,61,2564
2467,97,2564
2437,127,2564
2383,181,2564
2371,193,2564
2341,223,2564
2293,271,2564
2287,277,2564
2281,283,2564
2251,313,2564
2143,421,2564
2131,433,2564
2017,547,2564
1993,571,2564
1987,577,2564
1951,613,2564
1933,631,2564
1873,691,2564
1831,733,2564
1777,787,2564
1753,811,2564
1741,823,2564
1657,907,2564
1627,937,2564
1597,967,2564
1567,997,2564
1543,1021,2564
1531,1033,2564
1471,1093,2564
1447,1117,2564
1327,1237,2564
2549,17,2566
2543,23,2566
2477,89,2566
2459,107,2566
2417,149,2566
2399,167,2566
2393,173,2566
2339,227,2566
2333,233,2566
2309,257,2566
2297,269,2566
2273,293,2566
2213,353,2566
2207,359,2566
2099,467,2566
2087,479,2566
2063,503,2566
2003,563,2566
1997,569,2566
1979,587,2566
1973,593,2566
1949,617,2566
1913,653,2566
1907,659,2566
1889,677,2566
1847,719,2566
1823,743,2566
1709,857,2566
1637,929,2566
1619,947,2566
1613,953,2566
1583,983,2566
1553,1013,2566
1373,1193,2566
1307,1259,2566
1289,1277,2566
1283,1283,2566
2557,11,2568
2551,17,2568
2549,19,2568
2539,29,2568
2531,37,2568
2521,47,2568
2467,101,2568
2459,109,2568
2441,127,2568
2437,131,2568
2417,151,2568
2411,157,2568
2389,179,2568
2377,191,2568
2371,197,2568
2357,211,2568
2341,227,2568
2339,229,2568
2311,257,2568
2297,271,2568
2287,281,2568
2251,317,2568
2237,331,2568
2221,347,2568
2179,389,2568
2137,431,2568
2129,439,2568
2111,457,2568
2089,479,2568
2081,487,2568
2069,499,2568
2027,541,2568
2011,557,2568
1999,569,2568
1997,571,2568
1951,617,2568
1949,619,2568
1907,661,2568
1877,691,2568
1867,701,2568
1811,757,2568
1759,809,2568
1747,821,2568
1741,827,2568
1709,859,2568
1657,911,2568
1627,941,2568
1621,947,2568
1601,967,2568
1597,971,2568
1571,997,2568
1559,1009,2568
1549,1019,2568
1499,1069,2568
1481,1087,2568
1471,1097,2568
1459,1109,2568
1451,1117,2568
1439,1129,2568
1381,1187,2568
1367,1201,2568
1319,1249,2568
1291,1277,2568
1289,1279,2568
2557,13,2570
2551,19,2570
2539,31,2570
2503,67,2570
2473,97,2570
2467,103,2570
2389,181,2570
2377,193,2570
2371,199,2570
2347,223,2570
2341,229,2570
2293,277,2570
2287,283,2570
2239,331,2570
2221,349,2570
2203,367,2570
2161,409,2570
2137,433,2570
2131,439,2570
2113,457,2570
2083,487,2570
2029,541,2570
1999,571,2570
1993,577,2570
1951,619,2570
1879,691,2570
1861,709,2570
1831,739,2570
1801,769,2570
1783,787,2570
1759,811,2570
1747,823,2570
1741,829,2570
1693,877,2570
1663,907,2570
1579,991,2570
1549,1021,2570
1531,1039,2570
1483,1087,2570
1453,1117,2570
1447,1123,2570
1399,1171,2570
1321,1249,2570
1291,1279,2570
2549,23,2572
2543,29,2572
2531,41,2572
2459,113,2572
2441,131,2572
2423,149,2572
2399,173,2572
2393,179,2572
2381,191,2572
2339,233,2572
2333,239,2572
2309,263,2572
2213,359,2572
2153,419,2572
2141,431,2572
2129,443,2572
2111,461,2572
2081,491,2572
2069,503,2572
2063,509,2572
2003,569,2572
1979,593,2572
1973,599,2572
1931,641,2572
1913,659,2572
1889,683,2572
1871,701,2572
1811,761,2572
1733,839,2572
1709,863,2572
1619,953,2572
1601,971,2572
1559,1013,2572
1553,1019,2572
1523,1049,2572
1511,1061,2572
1481,1091,2572
1409,1163,2572
1289,1283,2572
2557,17,2574
2551,23,2574
2543,31,2574
2531,43,2574
2521,53,2574
2503,71,2574
2477,97,2574
2473,101,2574
2467,107,2574
2447,127,2574
2437,137,2574
2423,151,2574
2417,157,2574
2411,163,2574
2393,181,2574
2383,191,2574
2381,193,2574
2377,197,2574
2351,223,2574
2347,227,2574
2341,233,2574
2333,241,2574
2311,263,2574
2297,277,2574
2293,281,2574
2281,293,2574
2267,307,2574
2243,331,2574
2237,337,2574
2221,353,2574
2207,367,2574
2153,421,2574
2143,431,2574
2141,433,2574
2131,443,2574
2113,461,2574
2111,463,2574
2087,487,2574
2083,491,2574
2053,521,2574
2027,547,2574
2017,557,2574
2011,563,2574
2003,571,2574
1997,577,2574
1987,587,2574
1973,601,2574
1933,641,2574
1931,643,2574
1913,661,2574
1901,673,2574
1873,701,2574
1847,727,2574
1831,743,2574
1823,751,2574
1801,773,2574
1787,787,2574
1777,797,2574
1753,821,2574
1747,827,2574
1721,853,2574
1697,877,2574
1693,881,2574
1667,907,2574
1663,911,2574
1637,937,2574
1627,947,2574
1621,953,2574
1607,967,2574
1597,977,2574
1583,991,2574
1553,1021,2574
1543,1031,2574
1523,1051,2574
1511,1063,2574
1487,1087,2574
1483,1091,2574
1481,1093,2574
1471,1103,2574
1451,1123,2574
1423,1151,2574
1381,1193,2574
1373,1201,2574
1361,1213,2574
1297,1277,2574
1291,1283,2574
2557,19,2576
2539,37,2576
2503,73,2576
2473,103,2576
2467,109,2576
2437,139,2576
2383,193,2576
2377,199,2576
2347,229,2576
2293,283,2576
2269,307,2576
2239,337,2576
2203,373,2576
2179,397,2576
2143,433,2576
2137,439,2576
2113,463,2576
2089,487,2576
2053,523,2576
2029,547,2576
1999,577,2576
1933,643,2576
1867,709,2576
1789,787,2576
1753,823,2576
1747,829,2576
1723,853,2576
1699,877,2576
1693,883,2576
1669,907,2576
1657,919,2576
1609,967,2576
1579,997,2576
1567,1009,2576
1543,1033,2576
1489,1087,2576
1483,1093,2576
1459,1117,2576
1453,1123,2576
1447,1129,2576
1423,1153,2576
1327,1249,2576
1297,1279,2576
2549,29,2578
2531,47,2578
2477,101,2578
2447,131,2578
2441,137,2578
2411,167,2578
2399,179,2578
2381,197,2578
2351,227,2578
2339,239,2578
2309,269,2578
2297,281,2578
2267,311,2578
2129,449,2578
2111,467,2578
2099,479,2578
2087,491,2578
2069,509,2578
1979,599,2578
1931,647,2578
1901,677,2578
1877,701,2578
1721,857,2578
1697,881,2578
1667,911,2578
1637,941,2578
1607,971,2578
1601,977,2578
1559,1019,2578
1487,1091,2578
1481,1097,2578
1427,1151,2578
1361,1217,2578
1319,1259,2578
1301,1277,2578
1289,1289,2578
2557,23,2580
2551,29,2580
2549,31,2580
2543,37,2580
2539,41,2580
2521,59,2580
2477,103,2580
2473,107,2580
2467,113,2580
2441,139,2580
2423,157,2580
2417,163,2580
2399,181,2580
2389,191,2580
2383,197,2580
2381,199,2580
2357,223,2580
2351,229,2580
2347,233,2580
2341,239,2580
2339,241,2580
2311,269,2580
2309,271,2580
2297,283,2580
2287,293,2580
2273,307,2580
2269,311,2580
2267,313,2580
2243,337,2580
2221,359,2580
2213,367,2580
2207,373,2580
2179,401,2580
2161,419,2580
2141,439,2580
2137,443,2580
2131,449,2580
2113,467,2580
2089,491,2580
2081,499,2580
2039,541,2580
2017,563,2580
2011,569,2580
2003,577,2580
1993,587,2580
1987,593,2580
1979,601,2580
1973,607,2580
1949,631,2580
1933,647,2580
1907,673,2580
1889,691,2580
1879,701,2580
1871,709,2580
1861,719,2580
1847,733,2580
1823,757,2580
1811,769,2580
1783,797,2580
1759,821,2580
1753,827,2580
1741,839,2580
1723,857,2580
1721,859,2580
1699,881,2580
1697,883,2580
1693,887,2580
1669,911,2580
1627,953,2580
1613,967,2580
1609,971,2580
1597,983,2580
1583,997,2580
1571,1009,2580
1567,1013,2580
1559,1021,2580
1549,1031,2580
1531,1049,2580
1511,1069,2580
1493,1087,2580
1489,1091,2580
1487,1093,2580
1483,1097,2580
1471,1109,2580
1451,1129,2580
1429,1151,2580
1427,1153,2580
1409,1171,2580
1399,1181,2580
1367,1213,2580
1321,1259,2580
1303,1277,2580
1301,1279,2580
1297,1283,2580
1291,1289,2580
2579,3,2582
2551,31,2582
2539,43,2582
2521,61,2582
2503,79,2582
2473,109,2582
2389,193,2582
2383,199,2582
2371,211,2582
2341,241,2582
2311,271,2582
2269,313,2582
2251,331,2582
2203,379,2582
2161,421,2582
2143,439,2582
2083,499,2582
2011,571,2582
1951,631,2582
1873,709,2582
1831,751,2582
1759,823,2582
1753,829,2582
1723,859,2582
1699,883,2582
1663,919,2582
1549,1033,2582
1543,1039,2582
1531,1051,2582
1489,1093,2582
1459,1123,2582
1453,1129,2582
1429,1153,2582
1381,1201,2582
1303,1279,2582
1291,1291,2582
2579,5,2584
2543,41,2584
2531,53,2584
2477,107,2584
2447,137,2584
2417,167,2584
2411,173,2584
2393,191,2584
2357,227,2584
2351,233,2584
2333,251,2584
2273,311,2584
2267,317,2584
2237,347,2584
2153,431,2584
2141,443,2584
2081,503,2584
2063,521,2584
2027,557,2584
1997,587,2584
1931,653,2584
1907,677,2584
1901,683,2584
1823,761,2584
1811,773,2584
1787,797,2584
1721,863,2584
1697,887,2584
1637,947,2584
1613,971,2584
1607,977,2584
1601,983,2584
1571,1013,2584
1553,1031,2584
1523,1061,2584
1493,1091,2584
1487,1097,2584
1481,1103,2584
1433,1151,2584
1367,1217,2584
1361,1223,2584
1307,1277,2584
1301,1283,2584
2579,7,2586
2557,29,2586
2549,37,2586
2543,43,2586
2539,47,2586
2503,83,2586
2477,109,2586
2473,113,2586
2459,127,2586
2447,139,2586
2437,149,2586
2423,163,2586
2393,193,2586
2389,197,2586
2357,229,2586
2347,239,2586
2309,277,2586
2293,293,2586
2273,313,2586
2269,317,2586
2239,347,2586
2237,349,2586
2213,373,2586
2207,379,2586
2203,383,2586
2153,433,2586
2143,443,2586
2137,449,2586
2129,457,2586
2099,487,2586
2087,499,2586
2083,503,2586
2063,523,2586
2039,547,2586
2029,557,2586
2017,569,2586
1999,587,2586
1993,593,2586
1987,599,2586
1979,607,2586
1973,613,2586
1933,653,2586
1913,673,2586
1877,709,2586
1867,719,2586
1847,739,2586
1789,797,2586
1777,809,2586
1759,827,2586
1747,839,2586
1733,853,2586
1723,863,2586
1709,877,2586
1699,887,2586
1667,919,2586
1657,929,2586
1619,967,2586
1609,977,2586
1567,1019,2586
1553,1033,2586
1523,1063,2586
1499,1087,2586
1493,1093,2586
1489,1097,2586
1483,1103,2586
1433,1153,2586
1423,1163,2586
1399,1187,2586
1373,1213,2586
1327,1259,2586
1307,1279,2586
1303,1283,2586
1297,1289,2586
2557,31,2588
2551,37,2588
2521,67,2588
2437,151,2588
2389,199,2588
2377,211,2588
2347,241,2588
2311,277,2588
2281,307,2588
2251,337,2588
2239,349,2588
2221,367,2588
2179,409,2588
2131,457,2588
2089,499,2588
2017,571,2588
2011,577,2588
1987,601,2588
1879,709,2588
1861,727,2588
1831,757,2588
1801,787,2588
1777,811,2588
1759,829,2588
1669,919,2588
1621,967,2588
1597,991,2588
1579,1009,2588
1567,1021,2588
1549,1039,2588
1471,1117,2588
1459,1129,2588
1297,1291,2588
2579,11,2590
2549,41,2590
2543,47,2590
2531,59,2590
2477,113,2590
2459,131,2590
2441,149,2590
2423,167,2590
2417,173,2590
2411,179,2590
2399,191,2590
2393,197,2590
2357,233,2590
2351,239,2590
2339,251,2590
2333,257,2590
2309,281,2590
2297,293,2590
2273,317,2590
2243,347,2590
2237,353,2590
2207,383,2590
2141,449,2590
2129,461,2590
2111,479,2590
2099,491,2590
2087,503,2590
2081,509,2590
2069,521,2590
2027,563,2590
2003,587,2590
1997,593,2590
1973,617,2590
1949,641,2590
1931,659,2590
1913,677,2590
1907,683,2590
1889,701,2590
1871,719,2590
1847,743,2590
1733,857,2590
1709,881,2590
1637,953,2590
1619,971,2590
1613,977,2590
1607,983,2590
1571,1019,2590
1559,1031,2590
1499,1091,2590
1493,1097,2590
1487,1103,2590
1481,1109,2590
1439,1151,2590
1427,1163,2590
1409,1181,2590
1373,1217,2590
1367,1223,2590
1361,1229,2590
1307,1283,2590
1301,1289,2590
2579,13,2592
2551,41,2592
2549,43,2592
2539,53,2592
2531,61,2592
2521,71,2592
2503,89,2592
2441,151,2592
2411,181,2592
2399,193,2592
2393,199,2592
2381,211,2592
2351,241,2592
2341,251,2592
2311,281,2592
2309,283,2592
2281,311,2592
2243,349,2592
2239,353,2592
2213,379,2592
2203,389,2592
2161,431,2592
2153,439,2592
2143,449,2592
2131,461,2592
2129,463,2592
2113,479,2592
2089,503,2592
2083,509,2592
2069,523,2592
2029,563,2592
1999,593,2592
1993,599,2592
1979,613,2592
1973,619,2592
1951,641,2592
1949,643,2592
1933,659,2592
1931,661,2592
1901,691,2592
1873,719,2592
1831,761,2592
1823,769,2592
1783,809,2592
1753,839,2592
1733,859,2592
1709,883,2592
1663,929,2592
1621,971,2592
1609,983,2592
1601,991,2592
1583,1009,2592
1579,1013,2592
1571,1021,2592
1559,1033,2592
1553,1039,2592
1543,1049,2592
1531,1061,2592
1523,1069,2592
1499,1093,2592
1489,1103,2592
1483,1109,2592
1439,1153,2592
1429,1163,2592
1399,1193,2592
1361,1231,2592
1303,1289,2592
1301,1291,2592
2591,3,2594
2557,37,2594
2551,43,2594
2521,73,2594
2467,127,2594
2437,157,2594
2383,211,2594
2371,223,2594
2311,283,2594
2287,307,2594
2281,313,2594
2221,373,2594
2161,433,2594
2137,457,2594
2131,463,2594
2053,541,2594
2017,577,2594
1993,601,2594
1987,607,2594
1951,643,2594
1933,661,2594
1867,727,2594
1861,733,2594
1783,811,2594
1741,853,2594
1657,937,2594
1627,967,2594
1597,997,2594
1543,1051,2594
1531,1063,2594
1471,1123,2594
1423,1171,2594
1381,1213,2594
1303,1291,2594
1297,1297,2594
2593,3,2596
2591,5,2596
2579,17,2596
2549,47,2596
2543,53,2596
2459,137,2596
2447,149,2596
2423,173,2596
2417,179,2596
2399,197,2596
2357,239,2596
2339,257,2596
2333,263,2596
2243,353,2596
2237,359,2596
2213,383,2596
2207,389,2596
2153,443,2596
2129,467,2596
2087,509,2596
2039,557,2596
2027,569,2596
2003,593,2596
1997,599,2596
1979,617,2596
1949,647,2596
1913,683,2596
1877,719,2596
1823,773,2596
1787,809,2596
1733,863,2596
1709,887,2596
1667,929,2596
1619,977,2596
1613,983,2596
1583,1013,2596
1499,1097,2596
1493,1103,2596
1487,1109,2596
1433,1163,2596
1409,1187,2596
1373,1223,2596
1367,1229,2596
1319,1277,2596
1307,1289,2596
2593,5,2598
2591,7,2598
2579,19,2598
2557,41,2598
2551,47,2598
2539,59,2598
2531,67,2598
2467,131,2598
2459,139,2598
2447,151,2598
2441,157,2598
2417,181,2598
2399,199,2598
2371,227,2598
2357,241,2598
2347,251,2598
2341,257,2598
2287,311,2598
2281,317,2598
2267,331,2598
2251,347,2598
2239,359,2598
2179,419,2598
2141,457,2598
2137,461,2598
2131,467,2598
2111,487,2598
2099,499,2598
2089,509,2598
2029,569,2598
2027,571,2598
2011,587,2598
1999,599,2598
1997,601,2598
1979,619,2598
1951,647,2598
1907,691,2598
1889,709,2598
1879,719,2598
1871,727,2598
1847,751,2598
1811,787,2598
1801,797,2598
1789,809,2598
1787,811,2598
1777,821,2598
1759,839,2598
1741,857,2598
1721,877,2598
1669,929,2598
1657,941,2598
1627,971,2598
1621,977,2598
1607,991,2598
1601,997,2598
1579,1019,2598
1567,1031,2598
1559,1039,2598
1549,1049,2598
1511,1087,2598
1489,1109,2598
1481,1117,2598
1447,1151,2598
1427,1171,2598
1381,1217,2598
1367,1231,2598
1361,1237,2598
1321,1277,2598
1319,1279,2598
1307,1291,2598
1301,1297,2598
2593,7,2600
2557,43,2600
2539,61,2600
2521,79,2600
2503,97,2600
2473,127,2600
2437,163,2600
2389,211,2600
2377,223,2600
2371,229,2600
2293,307,2600
2287,313,2600
2269,331,2600
2251,349,2600
2221,379,2600
2203,397,2600
2179,421,2600
2161,439,2600
2143,457,2600
2137,463,2600
2113,487,2600
2053,547,2600
2029,571,2600
1999,601,2600
1993,607,2600
1987,613,2600
1873,727,2600
1867,733,2600
1861,739,2600
1831,769,2600
1789,811,2600
1777,823,2600
1747,853,2600
1741,859,2600
1723,877,2600
1693,907,2600
1663,937,2600
1609,991,2600
1579,1021,2600
1567,1033,2600
1549,1051,2600
1531,1069,2600
1483,1117,2600
1471,1129,2600
1447,1153,2600
1429,1171,2600
1399,1201,2600
1321,1279,2600
1303,1297,2600
2591,11,2602
2579,23,2602
2549,53,2602
2543,59,2602
2531,71,2602
2423,179,2602
2411,191,2602
2351,251,2602
2339,263,2602
2333,269,2602
2309,293,2602
2243,359,2602
2213,389,2602
2153,449,2602
2141,461,2602
2111,491,2602
2099,503,2602
2081,521,2602
2039,563,2602
2003,599,2602
1949,653,2602
1901,701,2602
1721,881,2602
1619,983,2602
1583,1019,2602
1571,1031,2602
1553,1049,2602
1511,1091,2602
1499,1103,2602
1493,1109,2602
1451,1151,2602
1439,1163,2602
1409,1193,2602
1373,1229,2602
1319,1283,2602
1301,1301,2602
2593,11,2604
2591,13,2604
2557,47,2604
2551,53,2604
2543,61,2604
2531,73,2604
2521,83,2604
2503,101,2604
2477,127,2604
2473,131,2604
2467,137,2604
2447,157,2604
2441,163,2604
2437,167,2604
2423,181,2604
2411,193,2604
2393,211,2604
2381,223,2604
2377,227,2604
2371,233,2604
2347,257,2604
2341,263,2604
2333,271,2604
2311,293,2604
2297,307,2604
2293,311,2604
2287,317,2604
2273,331,2604
2267,337,2604
2251,353,2604
2237,367,2604
2221,383,2604
2207,397,2604
2203,401,2604
2161,443,2604
2143,461,2604
2141,463,2604
2137,467,2604
2113,491,2604
2083,521,2604
2081,523,2604
2063,541,2604
2027,577,2604
2017,587,2604
2011,593,2604
2003,601,2604
1997,607,2604
1987,617,2604
1973,631,2604
1951,653,2604
1931,673,2604
1913,691,2604
1877,727,2604
1871,733,2604
1861,743,2604
1847,757,2604
1831,773,2604
1783,821,2604
1777,827,2604
1747,857,2604
1741,863,2604
1723,881,2604
1721,883,2604
1697,907,2604
1693,911,2604
1667,937,2604
1663,941,2604
1657,947,2604
1637,967,2604
1627,977,2604
1621,983,2604
1613,991,2604
1607,997,2604
1583,1021,2604
1571,1033,2604
1553,1051,2604
1543,1061,2604
1511,1093,2604
1487,1117,2604
1481,1123,2604
1453,1151,2604
1451,1153,2604
1433,1171,2604
1423,1181,2604
1381,1223,2604
1373,1231,2604
1367,1237,2604
1327,1277,2604
1321,1283,2604
1307,1297,2604
1303,1301,2604
2593,13,2606
2539,67,2606
2503,103,2606
2467,139,2606
2383,223,2606
2377,229,2606
2293,313,2606
2269,337,2606
2239,367,2606
2143,463,2606
2083,523,2606
2029,577,2606
1999,607,2606
1993,613,2606
1987,619,2606
1933,673,2606
1879,727,2606
1873,733,2606
1867,739,2606
1783,823,2606
1777,829,2606
1753,853,2606
1747,859,2606
1723,883,2606
1699,907,2606
1669,937,2606
1609,997,2606
1597,1009,2606
1567,1039,2606
1543,1063,2606
1489,1117,2606
1483,1123,2606
1453,1153,2606
1327,1279,2606
1303,1303,2606
2591,17,2608
2579,29,2608
2549,59,2608
2477,131,2608
2459,149,2608
2441,167,2608
2417,191,2608
2411,197,2608
2381,227,2608
2357,251,2608
2351,257,2608
2339,269,2608
2297,311,2608
2207,401,2608
2141,467,2608
2129,479,2608
2099,509,2608
2087,521,2608
2039,569,2608
1949,659,2608
1931,677,2608
1907,701,2608
1889,719,2608
1847,761,2608
1811,797,2608
1787,821,2608
1721,887,2608
1697,911,2608
1667,941,2608
1637,971,2608
1559,1049,2608
1511,1097,2608
1499,1109,2608
1427,1181,2608
1319,1289,2608
1307,1301,2608
2593,17,2610
2591,19,2610
2579,31,2610
2557,53,2610
2551,59,2610
2549,61,2610
2543,67,2610
2539,71,2610
2531,79,2610
2521,89,2610
2503,107,2610
2473,137,2610
2459,151,2610
2447,163,2610
2437,173,2610
2417,193,2610
2411,199,2610
2399,211,2610
2383,227,2610
2381,229,2610
2377,233,2610
2371,239,2610
2347,263,2610
2341,269,2610
2339,271,2610
2333,277,2610
2297,313,2610
2293,317,2610
2273,337,2610
2251,359,2610
2243,367,2610
2237,373,2610
2221,389,2610
2213,397,2610
2179,431,2610
2161,449,2610
2153,457,2610
2143,467,2610
2131,479,2610
2111,499,2610
2089,521,2610
2087,523,2610
2069,541,2610
2063,547,2610
2053,557,2610
2039,571,2610
2017,593,2610
2011,599,2610
2003,607,2610
1997,613,2610
1993,617,2610
1979,631,2610
1951,659,2610
1949,661,2610
1933,677,2610
1901,709,2610
1877,733,2610
1871,739,2610
1867,743,2610
1823,787,2610
1801,809,2610
1789,821,2610
1787,823,2610
1783,827,2610
1753,857,2610
1747,863,2610
1733,877,2610
1723,887,2610
1699,911,2610
1669,941,2610
1663,947,2610
1657,953,2610
1627,983,2610
1619,991,2610
1613,997,2610
1601,1009,2610
1597,1013,2610
1579,1031,2610
1571,1039,2610
1559,1051,2610
1549,1061,2610
1523,1087,2610
1493,1117,2610
1487,1123,2610
1481,1129,2610
1459,1151,2610
1447,1163,2610
1439,1171,2610
1429,1181,2610
1423,1187,2610
1409,1201,2610
1381,1229,2610
1373,1237,2610
1361,1249,2610
1327,1283,2610
1321,1289,2610
1319,1291,2610
1307,1303,2610
2609,3,2612
2593,19,2612
2551,61,2612
2539,73,2612
2503,109,2612
2473,139,2612
2389,223,2612
2383,229,2612
2371,241,2612
2341,271,2612
2281,331,2612
2239,373,2612
2203,409,2612
2179,433,2612
2113,499,2612
2089,523,2612
2011,601,2612
1999,613,2612
1993,619,2612
1951,661,2612
1879,733,2612
1873,739,2612
1861,751,2612
1801,811,2612
1789,823,2612
1783,829,2612
1759,853,2612
1753,859,2612
1693,919,2612
1621,991,2612
1579,1033,2612
1549,1063,2612
1543,1069,2612
1489,1123,2612
1483,1129,2612
1459,1153,2612
1399,1213,2612
1381,1231,2612
1321,1291,2612
2609,5,2614
2591,23,2614
2543,71,2614
2531,83,2614
2477,137,2614
2447,167,2614
2441,173,2614
2423,191,2614
2417,197,2614
2381,233,2614
2357,257,2614
2351,263,2614
2333,281,2614
2297,317,2614
2267,347,2614
2213,401,2614
2153,461,2614
2111,503,2614
2027,587,2614
1997,617,2614
1973,641,2614
1931,683,2614
1913,701,2614
1871,743,2614
1787,827,2614
1733,881,2614
1667,947,2614
1637,977,2614
1601,1013,2614
1583,1031,2614
1553,1061,2614
1523,1091,2614
1511,1103,2614
1451,1163,2614
1433,1181,2614
1427,1187,2614
1307,1307,2614
2609,7,2616
2593,23,2616
2579,37,2616
2557,59,2616
2549,67,2616
2543,73,2616
2503,113,2616
2477,139,2616
2467,149,2616
2459,157,2616
2437,179,2616
2423,193,2616
2417,199,2616
2393,223,2616
2389,227,2616
2383,233,2616
2377,239,2616
2347,269,2616
2339,277,2616
2333,283,2616
2309,307,2616
2269,347,2616
2267,349,2616
2243,373,2616
2237,379,2616
2207,409,2616
2153,463,2616
2137,479,2616
2129,487,2616
2113,503,2616
2069,547,2616
2053,563,2616
2039,577,2616
2029,587,2616
2017,599,2616
2003,613,2616
1999,617,2616
1997,619,2616
1973,643,2616
1933,683,2616
1907,709,2616
1889,727,2616
1877,739,2616
1873,743,2616
1847,769,2616
1789,827,2616
1787,829,2616
1777,839,2616
1759,857,2616
1753,863,2616
1733,883,2616
1709,907,2616
1697,919,2616
1669,947,2616
1663,953,2616
1619,997,2616
1607,1009,2616
1597,1019,2616
1583,1033,2616
1567,1049,2616
1553,1063,2616
1523,1093,2616
1499,1117,2616
1493,1123,2616
1487,1129,2616
1453,1163,2616
1429,1187,2616
1423,1193,2616
1399,1217,2616
1367,1249,2616
1327,1289,2616
1319,1297,2616
2557,61,2618
2551,67,2618
2539,79,2618
2521,97,2618
2467,151,2618
2437,181,2618
2389,229,2618
2377,241,2618
2347,271,2618
2341,277,2618
2311,307,2618
2287,331,2618
2281,337,2618
2269,349,2618
2251,367,2618
2239,379,2618
2221,397,2618
2179,439,2618
2161,457,2618
2131,487,2618
2017,601,2618
2011,607,2618
1999,619,2618
1987,631,2618
1879,739,2618
1867,751,2618
1861,757,2618
1831,787,2618
1789,829,2618
1759,859,2618
1741,877,2618
1699,919,2618
1627,991,2618
1621,997,2618
1609,1009,2618
1597,1021,2618
1579,1039,2618
1567,1051,2618
1549,1069,2618
1531,1087,2618
1489,1129,2618
1447,1171,2618
1381,1237,2618
1327,1291,2618
1321,1297,2618
2617,3,2620
2609,11,2620
2591,29,2620
2579,41,2620
2549,71,2620
2531,89,2620
2447,173,2620
2441,179,2620
2423,197,2620
2393,227,2620
2381,239,2620
2357,263,2620
2351,269,2620
2339,281,2620
2309,311,2620
2273,347,2620
2267,353,2620
2237,383,2620
2153,467,2620
2141,479,2620
2129,491,2620
2111,509,2620
2099,521,2620
2063,557,2620
2027,593,2620
2003,617,2620
1979,641,2620
1973,647,2620
1901,719,2620
1877,743,2620
1847,773,2620
1823,797,2620
1811,809,2620
1733,887,2620
1709,911,2620
1667,953,2620
1637,983,2620
1607,1013,2620
1601,1019,2620
1571,1049,2620
1559,1061,2620
1523,1097,2620
1511,1109,2620
1439,1181,2620
1433,1187,2620
1427,1193,2620
1361,1259,2620
1319,1301,2620
2617,5,2622
2609,13,2622
2593,29,2622
2591,31,2622
2579,43,2622
2551,71,2622
2549,73,2622
2543,79,2622
2539,83,2622
2521,101,2622
2473,149,2622
2459,163,2622
2441,181,2622
2423,199,2622
2411,211,2622
2399,223,2622
2393,229,2622
2389,233,2622
2383,239,2622
2381,241,2622
2371,251,2622
2351,271,2622
2341,281,2622
2339,283,2622
2311,311,2622
2309,313,2622
2273,349,2622
2269,353,2622
2243,379,2622
2239,383,2622
2221,401,2622
2213,409,2622
2203,419,2622
2179,443,2622
2161,461,2622
2143,479,2622
2131,491,2622
2113,509,2622
2099,523,2622
2081,541,2622
2053,569,2622
2029,593,2622
2003,619,2622
1979,643,2622
1949,673,2622
1931,691,2622
1913,709,2622
1889,733,2622
1879,743,2622
1871,751,2622
1861,761,2622
1811,811,2622
1801,821,2622
1783,839,2622
1759,863,2622
1741,881,2622
1693,929,2622
1669,953,2622
1613,1009,2622
1609,1013,2622
1601,1021,2622
1583,1039,2622
1571,1051,2622
1559,1063,2622
1553,1069,2622
1531,1091,2622
1499,1123,2622
1493,1129,2622
1471,1151,2622
1459,1163,2622
1451,1171,2622
1429,1193,2622
1409,1213,2622
1399,1223,2622
1373,1249,2622
1321,1301,2622
1319,1303,2622
2621,3,2624
2617,7,2624
2593,31,2624
2557,67,2624
2551,73,2624
2521,103,2624
2473,151,2624
2467,157,2624
2383,241,2624
2347,277,2624
2341,283,2624
2311,313,2624
2293,331,2624
2287,337,2624
2251,373,2624
2203,421,2624
2161,463,2624
2137,487,2624
2083,541,2624
2053,571,2624
2017,607,2624
2011,613,2624
1993,631,2624
1951,673,2624
1933,691,2624
1873,751,2624
1867,757,2624
1801,823,2624
1747,877,2624
1741,883,2624
1657,967,2624
1627,997,2624
1531,1093,2624
1471,1153,2624
1453,1171,2624
1423,1201,2624
1327,1297,2624
1321,1303,2624
2621,5,2626
2609,17,2626
2579,47,2626
2543,83,2626
2477,149,2626
2459,167,2626
2447,179,2626
2399,227,2626
2393,233,2626
2357,269,2626
2333,293,2626
2309,317,2626
2273,353,2626
2267,359,2626
2243,383,2626
2237,389,2626
2207,419,2626
2069,557,2626
2063,563,2626
2039,587,2626
2027,599,2626
1979,647,2626
1973,653,2626
1949,677,2626
1907,719,2626
1787,839,2626
1697,929,2626
1613,1013,2626
1607,1019,2626
1523,1103,2626
1439,1187,2626
1433,1193,2626
1409,1217,2626
1367,1259,2626
1319,1307,2626
2621,7,2628
2617,11,2628
2609,19,2628
2591,37,2628
2557,71,2628
2549,79,2628
2539,89,2628
2531,97,2628
2521,107,2628
2477,151,2628
2447,181,2628
2437,191,2628
2417,211,2628
2399,229,2628
2389,239,2628
2377,251,2628
2371,257,2628
2357,271,2628
2351,277,2628
2347,281,2628
2311,317,2628
2297,331,2628
2281,347,2628
2269,359,2628
2239,389,2628
2207,421,2628
2179,449,2628
2161,467,2628
2141,487,2628
2137,491,2628
2129,499,2628
2087,541,2628
2081,547,2628
2029,599,2628
2027,601,2628
2011,617,2628
1997,631,2628
1987,641,2628
1951,677,2628
1901,727,2628
1889,739,2628
1877,751,2628
1871,757,2628
1867,761,2628
1831,797,2628
1801,827,2628
1789,839,2628
1747,881,2628
1741,887,2628
1721,907,2628
1709,919,2628
1699,929,2628
1657,971,2628
1637,991,2628
1619,1009,2628
1609,1019,2628
1607,1021,2628
1597,1031,2628
1579,1049,2628
1567,1061,2628
1559,1069,2628
1531,1097,2628
1511,1117,2628
1499,1129,2628
1447,1181,2628
1427,1201,2628
1399,1229,2628
1327,1301,2628
1321,1307,2628
2617,13,2630
2593,37,2630
2557,73,2630
2551,79,2630
2521,109,2630
2503,127,2630
2473,157,2630
2467,163,2630
2437,193,2630
2389,241,2630
2347,283,2630
2293,337,2630
2281,349,2630
2251,379,2630
2221,409,2630
2143,487,2630
2131,499,2630
2089,541,2630
2083,547,2630
2053,577,2630
2029,601,2630
2017,613,2630
2011,619,2630
1999,631,2630
1987,643,2630
1879,751,2630
1873,757,2630
1861,769,2630
1801,829,2630
1777,853,2630
1753,877,2630
1747,883,2630
1723,907,2630
1693,937,2630
1663,967,2630
1621,1009,2630
1609,1021,2630
1597,1033,2630
1579,1051,2630
1567,1063,2630
1543,1087,2630
1459,1171,2630
1429,1201,2630
1399,1231,2630
1381,1249,2630
1327,1303,2630
2621,11,2632
2609,23,2632
2591,41,2632
2579,53,2632
2549,83,2632
2543,89,2632
2531,101,2632
2459,173,2632
2441,191,2632
2399,233,2632
2393,239,2632
2381,251,2632
2351,281,2632
2339,293,2632
2273,359,2632
2243,389,2632
2213,419,2632
2153,479,2632
2141,491,2632
2129,503,2632
2111,521,2632
2069,563,2632
2063,569,2632
2039,593,2632
1979,653,2632
1973,659,2632
1949,683,2632
1931,701,2632
1913,719,2632
1889,743,2632
1871,761,2632
1823,809,2632
1811,821,2632
1721,911,2632
1619,1013,2632
1613,1019,2632
1601,1031,2632
1583,1049,2632
1571,1061,2632
1523,1109,2632
1481,1151,2632
1451,1181,2632
1439,1193,2632
1409,1223,2632
1373,1259,2632
2621,13,2634
2617,17,2634
2593,41,2634
2591,43,2634
2551,83,2634
2531,103,2634
2521,113,2634
2503,131,2634
2477,157,2634
2467,167,2634
2441,193,2634
2437,197,2634
2423,211,2634
2411,223,2634
2393,241,2634
2383,251,2634
2377,257,2634
2371,263,2634
2357,277,2634
2351,283,2634
2341,293,2634
2297,337,2634
2287,347,2634
2281,353,2634
2267,367,2634
2251,383,2634
2237,397,2634
2213,421,2634
2203,431,2634
2143,491,2634
2131,503,2634
2113,521,2634
2111,523,2634
2087,547,2634
2063,571,2634
2027,607,2634
2017,617,2634
2003,631,2634
1993,641,2634
1987,647,2634
1973,661,2634
1951,683,2634
1933,701,2634
1907,727,2634
1901,733,2634
1877,757,2634
1873,761,2634
1861,773,2634
1847,787,2634
1823,811,2634
1811,823,2634
1777,857,2634
1753,881,2634
1747,887,2634
1723,911,2634
1697,937,2634
1693,941,2634
1667,967,2634
1663,971,2634
1657,977,2634
1637,997,2634
1621,1013,2634
1613,1021,2634
1601,1033,2634
1583,1051,2634
1571,1063,2634
1543,1091,2634
1531,1103,2634
1511,1123,2634
1483,1151,2634
1481,1153,2634
1471,1163,2634
1453,1181,2634
1447,1187,2634
1433,1201,2634
1327,1307,2634
2633,3,2636
2617,19,2636
2593,43,2636
2557,79,2636
2539,97,2636
2473,163,2636
2437,199,2636
2287,349,2636
2269,367,2636
2239,397,2636
2203,433,2636
2179,457,2636
2137,499,2636
2113,523,2636
2089,547,2636
2029,607,2636
2017,619,2636
1993,643,2636
1879,757,2636
1867,769,2636
1783,853,2636
1777,859,2636
1759,877,2636
1753,883,2636
1699,937,2636
1669,967,2636
1627,1009,2636
1597,1039,2636
1567,1069,2636
1549,1087,2636
1543,1093,2636
1483,1153,2636
1423,1213,2636
1399,1237,2636
2633,5,2638
2621,17,2638
2609,29,2638
2591,47,2638
2579,59,2638
2549,89,2638
2531,107,2638
2459,179,2638
2447,191,2638
2441,197,2638
2411,227,2638
2399,239,2638
2381,257,2638
2357,281,2638
2237,401,2638
2207,431,2638
2129,509,2638
2081,557,2638
2069,569,2638
2039,599,2638
1997,641,2638
1979,659,2638
1877,761,2638
1811,827,2638
1709,929,2638
1697,941,2638
1667,971,2638
1619,1019,2638
1607,1031,2638
1487,1151,2638
1451,1187,2638
1409,1229,2638
1361,1277,2638
1319,1319,2638
2633,7,2640
2621,19,2640
2617,23,2640
2609,31,2640
2593,47,2640
2579,61,2640
2557,83,2640
2551,89,2640
2543,97,2640
2539,101,2640
2531,109,2640
2503,137,2640
2477,163,2640
2473,167,2640
2467,173,2640
2459,181,2640
2447,193,2640
2441,199,2640
2417,223,2640
2411,229,2640
2399,241,2640
2389,251,2640
2383,257,2640
2377,263,2640
2371,269,2640
2357,283,2640
2347,293,2640
2333,307,2640
2309,331,2640
2293,347,2640
2287,353,2640
2281,359,2640
2273,367,2640
2267,373,2640
2251,389,2640
2243,397,2640
2239,401,2640
2221,419,2640
2207,433,2640
2179,461,2640
2161,479,2640
2153,487,2640
2141,499,2640
2137,503,2640
2131,509,2640
2099,541,2640
2083,557,2640
2069,571,2640
2063,577,2640
2053,587,2640
2039,601,2640
2027,613,2640
1999,641,2640
1997,643,2640
1993,647,2640
1987,653,2640
1979,661,2640
1949,691,2640
1931,709,2640
1913,727,2640
1907,733,2640
1901,739,2640
1889,751,2640
1879,761,2640
1871,769,2640
1867,773,2640
1831,809,2640
1811,829,2640
1801,839,2640
1787,853,2640
1783,857,2640
1777,863,2640
1759,881,2640
1753,887,2640
1733,907,2640
1721,919,2640
1699,941,2640
1693,947,2640
1669,971,2640
1663,977,2640
1657,983,2640
1627,1013,2640
1621,1019,2640
1619,1021,2640
1609,1031,2640
1607,1033,2640
1601,1039,2640
1579,1061,2640
1571,1069,2640
1553,1087,2640
1549,1091,2640
1543,1097,2640
1531,1109,2640
1523,1117,2640
1511,1129,2640
1489,1151,2640
1487,1153,2640
1459,1181,2640
1453,1187,2640
1447,1193,2640
1439,1201,2640
1427,1213,2640
1423,1217,2640
1409,1231,2640
1381,1259,2640
1361,1279,2640
1321,1319,2640
2539,103,2642
2503,139,2642
2371,271,2642
2311,331,2642
2293,349,2642
2269,373,2642
2221,421,2642
2203,439,2642
2179,463,2642
2143,499,2642
2029,613,2642
2011,631,2642
1999,643,2642
1951,691,2642
1933,709,2642
1873,769,2642
1831,811,2642
1789,853,2642
1783,859,2642
1759,883,2642
1723,919,2642
1621,1021,2642
1609,1033,2642
1579,1063,2642
1549,1093,2642
1489,1153,2642
1471,1171,2642
1429,1213,2642
1321,1321,2642
2633,11,2644
2621,23,2644
2591,53,2644
2543,101,2644
2531,113,2644
2477,167,2644
2447,197,2644
2417,227,2644
2411,233,2644
2393,251,2644
2381,263,2644
2351,293,2644
2333,311,2644
2297,347,2644
2243,401,2644
2213,431,2644
2153,491,2644
2141,503,2644
2087,557,2644
2081,563,2644
2027,617,2644
2003,641,2644
1997,647,2644
1901,743,2644
1871,773,2644
1847,797,2644
1823,821,2644
1787,857,2644
1733,911,2644
1697,947,2644
1667,977,2644
1613,1031,2644
1583,1061,2644
1553,1091,2644
1493,1151,2644
1481,1163,2644
1451,1193,2644
1427,1217,2644
1367,1277,2644
1361,1283,2644
2633,13,2646
2617,29,2646
2609,37,2646
2593,53,2646
2579,67,2646
2557,89,2646
2549,97,2646
2543,103,2646
2539,107,2646
2473,173,2646
2467,179,2646
2447,199,2646
2423,223,2646
2417,229,2646
2389,257,2646
2383,263,2646
2377,269,2646
2339,307,2646
2333,313,2646
2309,337,2646
2297,349,2646
2293,353,2646
2287,359,2646
2273,373,2646
2267,379,2646
2237,409,2646
2213,433,2646
2207,439,2646
2203,443,2646
2179,467,2646
2143,503,2646
2137,509,2646
2099,547,2646
2089,557,2646
2083,563,2646
2069,577,2646
2053,593,2646
2039,607,2646
2029,617,2646
2027,619,2646
2003,643,2646
1999,647,2646
1993,653,2646
1987,659,2646
1973,673,2646
1913,733,2646
1907,739,2646
1889,757,2646
1877,769,2646
1873,773,2646
1823,823,2646
1789,857,2646
1787,859,2646
1783,863,2646
1759,887,2646
1709,937,2646
1699,947,2646
1693,953,2646
1669,977,2646
1663,983,2646
1637,1009,2646
1627,1019,2646
1613,1033,2646
1607,1039,2646
1597,1049,2646
1583,1063,2646
1559,1087,2646
1553,1093,2646
1549,1097,2646
1543,1103,2646
1523,1123,2646
1493,1153,2646
1483,1163,2646
1459,1187,2646
1453,1193,2646
1433,1213,2646
1429,1217,2646
1423,1223,2646
1409,1237,2646
1367,1279,2646
1327,1319,2646
2617,31,2648
2551,97,2648
2539,109,2648
2521,127,2648
2467,181,2648
2437,211,2648
2377,271,2648
2371,277,2648
2341,307,2648
2311,337,2648
2281,367,2648
2269,379,2648
2251,397,2648
2239,409,2648
2161,487,2648
2029,619,2648
2017,631,2648
1987,661,2648
1879,769,2648
1861,787,2648
1789,859,2648
1741,907,2648
1657,991,2648
1627,1021,2648
1609,1039,2648
1597,1051,2648
1579,1069,2648
1531,1117,2648
1447,1201,2648
1399,1249,2648
1327,1321,2648
2647,3,2650
2633,17,2650
2621,29,2650
2609,41,2650
2591,59,2650
2579,71,2650
2549,101,2650
2543,107,2650
2477,173,2650
2459,191,2650
2423,227,2650
2417,233,2650
2411,239,2650
2399,251,2650
2393,257,2650
2381,269,2650
2357,293,2650
2339,311,2650
2333,317,2650
2297,353,2650
2267,383,2650
2207,443,2650
2141,509,2650
2129,521,2650
2087,563,2650
2081,569,2650
2063,587,2650
2003,647,2650
1997,653,2650
1973,677,2650
1949,701,2650
1931,719,2650
1907,743,2650
1889,761,2650
1877,773,2650
1823,827,2650
1811,839,2650
1787,863,2650
1721,929,2650
1709,941,2650
1697,953,2650
1667,983,2650
1637,1013,2650
1619,1031,2650
1601,1049,2650
1559,1091,2650
1553,1097,2650
1499,1151,2650
1487,1163,2650
1433,1217,2650
1427,1223,2650
1373,1277,2650
1367,1283,2650
1361,1289,2650
2647,5,2652
2633,19,2652
2621,31,2652
2609,43,2652
2593,59,2652
2591,61,2652
2579,73,2652
2551,101,2652
2549,103,2652
2543,109,2652
2539,113,2652
2521,131,2652
2503,149,2652
2473,179,2652
2459,193,2652
2441,211,2652
2423,229,2652
2411,241,2652
2389,263,2652
2383,269,2652
2381,271,2652
2371,281,2652
2341,311,2652
2339,313,2652
2293,359,2652
2273,379,2652
2269,383,2652
2251,401,2652
2243,409,2652
2221,431,2652
2213,439,2652
2203,449,2652
2161,491,2652
2153,499,2652
2143,509,2652
2131,521,2652
2129,523,2652
2111,541,2652
2089,563,2652
2083,569,2652
2081,571,2652
2053,599,2652
2039,613,2652
2011,641,2652
1999,653,2652
1993,659,2652
1979,673,2652
1951,701,2652
1933,719,2652
1913,739,2652
1901,751,2652
1879,773,2652
1831,821,2652
1823,829,2652
1789,863,2652
1741,911,2652
1733,919,2652
1723,929,2652
1699,953,2652
1669,983,2652
1621,1031,2652
1619,1033,2652
1613,1039,2652
1601,1051,2652
1583,1069,2652
1559,1093,2652
1549,1103,2652
1543,1109,2652
1523,1129,2652
1499,1153,2652
1489,1163,2652
1481,1171,2652
1471,1181,2652
1459,1193,2652
1451,1201,2652
1439,1213,2652
1429,1223,2652
1423,1229,2652
1373,1279,2652
1361,1291,2652
2647,7,2654
2617,37,2654
2593,61,2654
2557,97,2654
2551,103,2654
2503,151,2654
2473,181,2654
2383,271,2654
2377,277,2654
2371,283,2654
2347,307,2654
2341,313,2654
2287,367,2654
2281,373,2654
2221,433,2654
2131,523,2654
2113,541,2654
2083,571,2654
2053,601,2654
2011,643,2654
1993,661,2654
1867,787,2654
1831,823,2654
1801,853,2654
1777,877,2654
1747,907,2654
1663,991,2654
1657,997,2654
1621,1033,2654
1567,1087,2654
1531,1123,2654
1483,1171,2654
1453,1201,2654
1423,1231,2654
1327,1327,2654
2633,23,2656
2609,47,2656
2549,107,2656
2543,113,2656
2477,179,2656
2459,197,2656
2423,233,2656
2417,239,2656
2399,257,2656
2393,263,2656
2339,317,2656
2309,347,2656
2297,359,2656
2273,383,2656
2267,389,2656
2237,419,2656
2213,443,2656
2207,449,2656
2153,503,2656
2099,557,2656
2087,569,2656
2069,587,2656
2063,593,2656
2039,617,2656
2003,653,2656
1997,659,2656
1979,677,2656
1973,683,2656
1913,743,2656
1847,809,2656
1709,947,2656
1637,1019,2656
1607,1049,2656
1559,1097,2656
1553,1103,2656
1493,1163,2656
1439,1217,2656
1433,1223,2656
1427,1229,2656
1373,1283,2656
1367,1289,2656
2647,11,2658
2621,37,2658
2617,41,2658
2591,67,2658
2579,79,2658
2557,101,2658
2551,107,2658
2549,109,2658
2531,127,2658
2521,137,2658
2477,181,2658
2467,191,2658
2459,199,2658
2447,211,2658
2417,241,2658
2389,269,2658
2381,277,2658
2377,281,2658
2351,307,2658
2347,311,2658
2341,317,2658
2311,347,2658
2309,349,2658
2269,389,2658
2239,419,2658
2237,421,2658
2179,479,2658
2137,521,2658
2111,547,2658
2089,569,2658
2087,571,2658
2081,577,2658
2039,619,2658
2027,631,2658
2017,641,2658
2011,647,2658
1999,659,2658
1997,661,2658
1949,709,2658
1931,727,2658
1907,751,2658
1901,757,2658
1889,769,2658
1871,787,2658
1861,797,2658
1847,811,2658
1831,827,2658
1801,857,2658
1777,881,2658
1747,911,2658
1721,937,2658
1667,991,2658
1637,1021,2658
1627,1031,2658
1619,1039,2658
1609,1049,2658
1607,1051,2658
1597,1061,2658
1571,1087,2658
1567,1091,2658
1549,1109,2658
1487,1171,2658
1471,1187,2658
1429,1229,2658
1427,1231,2658
1409,1249,2658
1399,1259,2658
1381,1277,2658
1367,1291,2658
1361,1297,2658
2657,3,2660
2647,13,2660
2617,43,2660
2593,67,2660
2557,103,2660
2551,109,2660
2521,139,2660
2503,157,2660
2467,193,2660
2437,223,2660
2389,271,2660
2383,277,2660
2377,283,2660
2347,313,2660
2311,349,2660
2293,367,2660
2287,373,2660
2281,379,2660
2251,409,2660
2239,421,2660
2221,439,2660
2203,457,2660
2161,499,2660
2137,523,2660
2113,547,2660
2089,571,2660
2083,577,2660
2053,607,2660
2029,631,2660
2017,643,2660
1999,661,2660
1987,673,2660
1951,709,2660
1933,727,2660
1873,787,2660
1831,829,2660
1801,859,2660
1783,877,2660
1777,883,2660
1753,907,2660
1741,919,2660
1723,937,2660
1693,967,2660
1669,991,2660
1663,997,2660
1627,1033,2660
1621,1039,2660
1609,1051,2660
1597,1063,2660
1567,1093,2660
1543,1117,2660
1531,1129,2660
1489,1171,2660
1459,1201,2660
1447,1213,2660
1429,1231,2660
1423,1237,2660
1381,1279,2660
2659,3,2662
2657,5,2662
2633,29,2662
2621,41,2662
2609,53,2662
2591,71,2662
2579,83,2662
2549,113,2662
2531,131,2662
2423,239,2662
2411,251,2662
2399,263,2662
2393,269,2662
2381,281,2662
2351,311,2662
2309,353,2662
2273,389,2662
2243,419,2662
2213,449,2662
2153,509,2662
2141,521,2662
2099,563,2662
2069,593,2662
2063,599,2662
2003,659,2662
1979,683,2662
1901,761,2662
1889,773,2662
1823,839,2662
1733,929,2662
1721,941,2662
1709,953,2662
1613,1049,2662
1601,1061,2662
1571,1091,2662
1559,1103,2662
1553,1109,2662
1511,1151,2662
1499,1163,2662
1481,1181,2662
1439,1223,2662
1433,1229,2662
1373,1289,2662
1361,1301,2662
2659,5,2664
2657,7,2664
2647,17,2664
2633,31,2664
2621,43,2664
2617,47,2664
2593,71,2664
2591,73,2664
2557,107,2664
2551,113,2664
2473,191,2664
2467,197,2664
2441,223,2664
2437,227,2664
2423,241,2664
2393,271,2664
2383,281,2664
2381,283,2664
2371,293,2664
2357,307,2664
2351,313,2664
2347,317,2664
2333,331,2664
2311,353,2664
2297,367,2664
2281,383,2664
2267,397,2664
2243,421,2664
2221,443,2664
2207,457,2664
2203,461,2664
2161,503,2664
2143,521,2664
2141,523,2664
2087,577,2664
2063,601,2664
2017,647,2664
2011,653,2664
2003,661,2664
1987,677,2664
1973,691,2664
1931,733,2664
1913,751,2664
1907,757,2664
1877,787,2664
1867,797,2664
1811,853,2664
1801,863,2664
1787,877,2664
1783,881,2664
1777,887,2664
1753,911,2664
1723,941,2664
1697,967,2664
1693,971,2664
1667,997,2664
1613,1051,2664
1601,1063,2664
1571,1093,2664
1567,1097,2664
1511,1153,2664
1493,1171,2664
1483,1181,2664
1471,1193,2664
1451,1213,2664
1447,1217,2664
1433,1231,2664
1427,1237,2664
1381,1283,2664
1373,1291,2664
1367,1297,2664
1361,1303,2664
2663,3,2666
2659,7,2666
2647,19,2666
2593,73,2666
2557,109,2666
2539,127,2666
2503,163,2666
2473,193,2666
2467,199,2666
2437,229,2666
2389,277,2666
2383,283,2666
2293,373,2666
2287,379,2666
2269,397,2666
2203,463,2666
2179,487,2666
2143,523,2666
2089,577,2666
2053,613,2666
1993,673,2666
1933,733,2666
1879,787,2666
1789,877,2666
1783,883,2666
1759,907,2666
1747,919,2666
1699,967,2666
1669,997,2666
1657,1009,2666
1627,1039,2666
1597,1069,2666
1579,1087,2666
1549,1117,2666
1543,1123,2666
1453,1213,2666
1429,1237,2666
2663,5,2668
2657,11,2668
2621,47,2668
2609,59,2668
2579,89,2668
2531,137,2668
2477,191,2668
2441,227,2668
2417,251,2668
2411,257,2668
2399,269,2668
2357,311,2668
2351,317,2668
2309,359,2668
2267,401,2668
2237,431,2668
2207,461,2668
2111,557,2668
2099,569,2668
2081,587,2668
2069,599,2668
2027,641,2668
1949,719,2668
1907,761,2668
1871,797,2668
1847,821,2668
1811,857,2668
1787,881,2668
1721,947,2668
1697,971,2668
1637,1031,2668
1619,1049,2668
1607,1061,2668
1571,1097,2668
1559,1109,2668
1487,1181,2668
1481,1187,2668
1451,1217,2668
1439,1229,2668
1409,1259,2668
1367,1301,2668
1361,1307,2668
2663,7,2670
2659,11,2670
2657,13,2670
2647,23,2670
2633,37,2670
2617,53,2670
2609,61,2670
2591,79,2670
2557,113,2670
2543,127,2670
2539,131,2670
2531,139,2670
2521,149,2670
2503,167,2670
2477,193,2670
2473,197,2670
2459,211,2670
2447,223,2670
2441,229,2670
2437,233,2670
2399,271,2670
2393,277,2670
2389,281,2670
2377,293,2670
2357,313,2670
2339,331,2670
2333,337,2670
2311,359,2670
2297,373,2670
2287,383,2670
2281,389,2670
2273,397,2670
2269,401,2670
2251,419,2670
2239,431,2670
2237,433,2670
2221,449,2670
2213,457,2670
2207,463,2670
2203,467,2670
2179,491,2670
2161,509,2670
2129,541,2670
2113,557,2670
2099,571,2670
2083,587,2670
2069,601,2670
2063,607,2670
2053,617,2670
2039,631,2670
2029,641,2670
2027,643,2670
2017,653,2670
2011,659,2670
1997,673,2670
1993,677,2670
1987,683,2670
1979,691,2670
1951,719,2670
1931,739,2670
1913,757,2670
1901,769,2670
1873,797,2670
1861,809,2670
1847,823,2670
1831,839,2670
1811,859,2670
1789,881,2670
1787,883,2670
1783,887,2670
1759,911,2670
1741,929,2670
1733,937,2670
1723,947,2670
1699,971,2670
1693,977,2670
1657,1013,2670
1637,1033,2670
1621,1049,2670
1619,1051,2670
1609,1061,2670
1607,1063,2670
1601,1069,2670
1583,1087,2670
1579,1091,2670
1567,1103,2670
1553,1117,2670
1499,1171,2670
1489,1181,2670
1483,1187,2670
1453,1217,2670
1447,1223,2670
1439,1231,2670
1433,1237,2670
1381,1289,2670
1373,1297,2670
1367,1303,2670
2659,13,2672
2593,79,2672
2521,151,2672
2473,199,2672
2389,283,2672
2341,331,2672
2293,379,2672
2251,421,2672
2239,433,2672
2131,541,2672
2053,619,2672
2029,643,2672
2011,661,2672
1999,673,2672
1933,739,2672
1861,811,2672
1789,883,2672
1753,919,2672
1663,1009,2672
1621,1051,2672
1609,1063,2672
1579,1093,2672
1549,1123,2672
1543,1129,2672
1471,1201,2672
1459,1213,2672
1423,1249,2672
1381,1291,2672
2671,3,2674
2663,11,2674
2657,17,2674
2633,41,2674
2621,53,2674
2591,83,2674
2543,131,2674
2477,197,2674
2447,227,2674
2441,233,2674
2423,251,2674
2417,257,2674
2411,263,2674
2393,281,2674
2381,293,2674
2357,317,2674
2273,401,2674
2243,431,2674
2213,461,2674
2207,467,2674
2153,521,2674
2111,563,2674
2087,587,2674
2081,593,2674
2027,647,2674
1997,677,2674
1973,701,2674
1931,743,2674
1913,761,2674
1901,773,2674
1877,797,2674
1847,827,2674
1811,863,2674
1787,887,2674
1733,941,2674
1721,953,2674
1697,977,2674
1613,1061,2674
1583,1091,2674
1571,1103,2674
1523,1151,2674
1511,1163,2674
1493,1181,2674
1487,1187,2674
1481,1193,2674
1451,1223,2674
1373,1301,2674
1367,1307,2674
2671,5,2676
2663,13,2676
2659,17,2676
2657,19,2676
2647,29,2676
2633,43,2676
2617,59,2676
2609,67,2676
2593,83,2676
2579,97,2676
2549,127,2676
2539,137,2676
2503,173,2676
2477,199,2676
2447,229,2676
2437,239,2676
2399,277,2676
2393,283,2676
2383,293,2676
2339,337,2676
2309,367,2676
2297,379,2676
2293,383,2676
2287,389,2676
2267,409,2676
2243,433,2676
2237,439,2676
2213,463,2676
2153,523,2676
2129,547,2676
2113,563,2676
2099,577,2676
2089,587,2676
2083,593,2676
2069,607,2676
2063,613,2676
2029,647,2676
2017,659,2676
2003,673,2676
1999,677,2676
1993,683,2676
1949,727,2676
1933,743,2676
1907,769,2676
1889,787,2676
1879,797,2676
1867,809,2676
1847,829,2676
1823,853,2676
1789,887,2676
1747,929,2676
1723,953,2676
1709,967,2676
1699,977,2676
1693,983,2676
1667,1009,2676
1663,1013,2676
1657,1019,2676
1637,1039,2676
1627,1049,2676
1613,1063,2676
1607,1069,2676
1583,1093,2676
1579,1097,2676
1567,1109,2676
1559,1117,2676
1553,1123,2676
1523,1153,2676
1489,1187,2676
1483,1193,2676
1459,1217,2676
1453,1223,2676
1447,1229,2676
1439,1237,2676
1427,1249,2676
1399,1277,2676
1373,1303,2676
2671,7,2678
2659,19,2678
2647,31,2678
2617,61,2678
2551,127,2678
2539,139,2678
2521,157,2678
2467,211,2678
2437,241,2678
2371,307,2678
2347,331,2678
2341,337,2678
2311,367,2678
2281,397,2678
2269,409,2678
2239,439,2678
2221,457,2678
2179,499,2678
2137,541,2678
2131,547,2678
2017,661,2678
1987,691,2678
1951,727,2678
1867,811,2678
1801,877,2678
1759,919,2678
1741,937,2678
1669,1009,2678
1657,1021,2678
1627,1051,2678
1609,1069,2678
1549,1129,2678
1447,1231,2678
1429,1249,2678
1399,1279,2678
1381,1297,2678
2677,3,2680
2663,17,2680
2657,23,2680
2633,47,2680
2621,59,2680
2609,71,2680
2591,89,2680
2579,101,2680
2549,131,2680
2543,137,2680
2531,149,2680
2447,233,2680
2441,239,2680
2423,257,2680
2417,263,2680
2411,269,2680
2399,281,2680
2333,347,2680
2297,383,2680
2237,443,2680
2213,467,2680
2111,569,2680
2087,593,2680
2081,599,2680
2063,617,2680
2039,641,2680
2027,653,2680
2003,677,2680
1997,683,2680
1979,701,2680
1907,773,2680
1871,809,2680
1823,857,2680
1733,947,2680
1709,971,2680
1697,983,2680
1667,1013,2680
1619,1061,2680
1583,1097,2680
1571,1109,2680
1499,1181,2680
1493,1187,2680
1487,1193,2680
1451,1229,2680
1373,1307,2680
1361,1319,2680
2677,5,2682
2671,11,2682
2663,19,2682
2659,23,2682
2621,61,2682
2609,73,2682
2593,89,2682
2579,103,2682
2551,131,2682
2543,139,2682
2531,151,2682
2503,179,2682
2459,223,2682
2441,241,2682
2411,271,2682
2399,283,2682
2389,293,2682
2371,311,2682
2351,331,2682
2333,349,2682
2309,373,2682
2293,389,2682
2281,401,2682
2273,409,2682
2251,431,2682
2243,439,2682
2239,443,2682
2221,461,2682
2203,479,2682
2179,503,2682
2161,521,2682
2141,541,2682
2113,569,2682
2111,571,2682
2089,593,2682
2083,599,2682
2081,601,2682
2069,613,2682
2063,619,2682
2039,643,2682
2029,653,2682
1999,683,2682
1973,709,2682
1949,733,2682
1931,751,2682
1913,769,2682
1873,809,2682
1871,811,2682
1861,821,2682
1823,859,2682
1801,881,2682
1753,929,2682
1741,941,2682
1699,983,2682
1669,1013,2682
1663,1019,2682
1621,1061,2682
1619,1063,2682
1613,1069,2682
1579,1103,2682
1559,1123,2682
1553,1129,2682
1531,1151,2682
1511,1171,2682
1489,1193,2682
1481,1201,2682
1459,1223,2682
1453,1229,2682
1451,1231,2682
1433,1249,2682
1423,1259,2682
1399,1283,2682
1381,1301,2682
1361,1321,2682
2677,7,2684
2671,13,2684
2647,37,2684
2617,67,2684
2557,127,2684
2521,163,2684
2503,181,2684
2473,211,2684
2377,307,2684
2371,313,2684
2347,337,2684
2311,373,2684
2287,397,2684
2251,433,2684
2221,463,2684
2161,523,2684
2143,541,2684
2137,547,2684
2113,571,2684
2083,601,2684
2053,631,2684
2011,673,2684
1993,691,2684
1951,733,2684
1933,751,2684
1873,811,2684
1861,823,2684
1831,853,2684
1801,883,2684
1777,907,2684
1747,937,2684
1693,991,2684
1663,1021,2684
1621,1063,2684
1597,1087,2684
1567,1117,2684
1531,1153,2684
1483,1201,2684
1471,1213,2684
1453,1231,2684
1447,1237,2684
1381,1303,2684
2683,3,2686
2663,23,2686
2657,29,2686
2633,53,2686
2579,107,2686
2549,137,2686
2459,227,2686
2447,239,2686
2423,263,2686
2417,269,2686
2393,293,2686
2339,347,2686
2333,353,2686
2297,389,2686
2267,419,2686
2243,443,2686
2237,449,2686
2207,479,2686
2129,557,2686
2099,587,2686
2087,599,2686
2069,617,2686
2039,647,2686
2027,659,2686
2003,683,2686
1913,773,2686
1889,797,2686
1877,809,2686
1847,839,2686
1823,863,2686
1733,953,2686
1709,977,2686
1667,1019,2686
1637,1049,2686
1583,1103,2686
1523,1163,2686
1499,1187,2686
1493,1193,2686
1427,1259,2686
1409,1277,2686
1367,1319,2686
2683,5,2688
2677,11,2688
2671,17,2688
2659,29,2688
2657,31,2688
2647,41,2688
2621,67,2688
2617,71,2688
2609,79,2688
2591,97,2688
2579,109,2688
2557,131,2688
2551,137,2688
2549,139,2688
2539,149,2688
2531,157,2688
2521,167,2688
2477,211,2688
2459,229,2688
2447,241,2688
2437,251,2688
2417,271,2688
2411,277,2688
2381,307,2688
2377,311,2688
2371,317,2688
2357,331,2688
2351,337,2688
2341,347,2688
2339,349,2688
2309,379,2688
2287,401,2688
2269,419,2688
2267,421,2688
2239,449,2688
2221,467,2688
2179,509,2688
2141,547,2688
2131,557,2688
2111,577,2688
2089,599,2688
2087,601,2688
2081,607,2688
2069,619,2688
2029,659,2688
2027,661,2688
2011,677,2688
1997,691,2688
1987,701,2688
1979,709,2688
1949,739,2688
1931,757,2688
1901,787,2688
1879,809,2688
1877,811,2688
1867,821,2688
1861,827,2688
1831,857,2688
1811,877,2688
1801,887,2688
1777,911,2688
1759,929,2688
1747,941,2688
1741,947,2688
1721,967,2688
1697,991,2688
1669,1019,2688
1667,1021,2688
1657,1031,2688
1637,1051,2688
1627,1061,2688
1619,1069,2688
1601,1087,2688
1597,1091,2688
1579,1109,2688
1571,1117,2688
1559,1129,2688
1487,1201,2688
1471,1217,2688
1459,1229,2688
1451,1237,2688
1439,1249,2688
1429,1259,2688
1409,1279,2688
1399,1289,2688
1381,1307,2688
1367,1321,2688
1361,1327,2688
2687,3,2690
2683,7,2690
2677,13,2690
2671,19,2690
2659,31,2690
2647,43,2690
2617,73,2690
2593,97,2690
2551,139,2690
2539,151,2690
2467,223,2690
2383,307,2690
2377,313,2690
2341,349,2690
2311,379,2690
2293,397,2690
2281,409,2690
2269,421,2690
2251,439,2690
2203,487,2690
2143,547,2690
2113,577,2690
2089,601,2690
2083,607,2690
2029,661,2690
2017,673,2690
1999,691,2690
1951,739,2690
1933,757,2690
1879,811,2690
1867,823,2690
1861,829,2690
1831,859,2690
1783,907,2690
1753,937,2690
1723,967,2690
1699,991,2690
1693,997,2690
1669,1021,2690
1657,1033,2690
1627,1063,2690
1621,1069,2690
1597,1093,2690
1567,1123,2690
1489,1201,2690
1459,1231,2690
1453,1237,2690
1399,1291,2690
2689,3,2692
2687,5,2692
2663,29,2692
2633,59,2692
2621,71,2692
2609,83,2692
2591,101,2692
2579,113,2692
2543,149,2692
2459,233,2692
2441,251,2692
2423,269,2692
2411,281,2692
2399,293,2692
2381,311,2692
2339,353,2692
2333,359,2692
2309,383,2692
2273,419,2692
2243,449,2692
2213,479,2692
2129,563,2692
2099,593,2692
2039,653,2692
1973,719,2692
1949,743,2692
1931,761,2692
1871,821,2692
1811,881,2692
1721,971,2692
1709,983,2692
1601,1091,2692
1583,1109,2692
1511,1181,2692
1499,1193,2692
1433,1259,2692
1409,1283,2692
1373,1319,2692
2689,5,2694
2687,7,2694
2683,11,2694
2677,17,2694
2671,23,2694
2663,31,2694
2657,37,2694
2647,47,2694
2633,61,2694
2621,73,2694
2593,101,2694
2591,103,2694
2557,137,2694
2543,151,2694
2531,163,2694
2521,173,2694
2503,191,2694
2467,227,2694
2437,257,2694
2423,271,2694
2417,277,2694
2411,283,2694
2383,311,2694
2381,313,2694
2377,317,2694
2357,337,2694
2347,347,2694
2341,353,2694
2311,383,2694
2297,397,2694
2293,401,2694
2273,421,2694
2251,443,2694
2237,457,2694
2207,487,2694
2203,491,2694
2153,541,2694
2137,557,2694
2131,563,2694
2087,607,2694
2081,613,2694
2063,631,2694
2053,641,2694
2017,677,2694
2011,683,2694
2003,691,2694
1993,701,2694
1951,743,2694
1933,761,2694
1907,787,2694
1873,821,2694
1871,823,2694
1867,827,2694
1831,863,2694
1811,883,2694
1787,907,2694
1783,911,2694
1753,941,2694
1747,947,2694
1741,953,2694
1723,971,2694
1697,997,2694
1663,1031,2694
1607,1087,2694
1601,1093,2694
1597,1097,2694
1571,1123,2694
1543,1151,2694
1531,1163,2694
1523,1171,2694
1493,1201,2694
1481,1213,2694
1471,1223,2694
1373,1321,2694
1367,1327,2694
2693,3,2696
2689,7,2696
2683,13,2696
2677,19,2696
2659,37,2696
2617,79,2696
2593,103,2696
2557,139,2696
2539,157,2696
2503,193,2696
2473,223,2696
2467,229,2696
2389,307,2696
2383,313,2696
2347,349,2696
2287,409,2696
2239,457,2696
2089,607,2696
2083,613,2696
2053,643,2696
1987,709,2696
1873,823,2696
1867,829,2696
1789,907,2696
1777,919,2696
1759,937,2696
1699,997,2696
1663,1033,2696
1657,1039,2696
1627,1069,2696
1609,1087,2696
1579,1117,2696
1567,1129,2696
1543,1153,2696
1483,1213,2696
1459,1237,2696
1447,1249,2696
1399,1297,2696
2693,5,2698
2687,11,2698
2657,41,2698
2609,89,2698
2591,107,2698
2549,149,2698
2531,167,2698
2459,239,2698
2447,251,2698
2441,257,2698
2417,281,2698
2381,317,2698
2351,347,2698
2339,359,2698
2309,389,2698
2297,401,2698
2267,431,2698
2237,461,2698
2207,491,2698
2141,557,2698
2129,569,2698
2111,587,2698
2099,599,2698
2081,617,2698
2039,659,2698
1997,701,2698
1979,719,2698
1901,797,2698
1889,809,2698
1877,821,2698
1871,827,2698
1811,887,2698
1787,911,2698
1721,977,2698
1667,1031,2698
1637,1061,2698
1607,1091,2698
1601,1097,2698
1511,1187,2698
1481,1217,2698
1439,1259,2698
1409,1289,2698
2693,7,2700
2689,11,2700
2687,13,2700
2683,17,2700
2677,23,2700
2671,29,2700
2663,37,2700
2659,41,2700
2657,43,2700
2647,53,2700
2633,67,2700
2621,79,2700
2617,83,2700
2593,107,2700
2591,109,2700
2551,149,2700
2549,151,2700
2543,157,2700
2521,179,2700
2503,197,2700
2477,223,2700
2473,227,2700
2467,233,2700
2459,241,2700
2437,263,2700
2423,277,2700
2417,283,2700
2393,307,2700
2389,311,2700
2383,317,2700
2351,349,2700
2347,353,2700
2341,359,2700
2333,367,2700
2311,389,2700
2281,419,2700
2269,431,2700
2267,433,2700
2251,449,2700
2243,457,2700
2239,461,2700
2237,463,2700
2221,479,2700
2213,487,2700
2179,521,2700
2153,547,2700
2143,557,2700
2137,563,2700
2131,569,2700
2129,571,2700
2113,587,2700
2099,601,2700
2087,613,2700
2083,617,2700
2081,619,2700
2069,631,2700
2053,647,2700
2039,661,2700
2027,673,2700
2017,683,2700
1999,701,2700
1973,727,2700
1949,751,2700
1931,769,2700
1913,787,2700
1889,811,2700
1879,821,2700
1877,823,2700
1873,827,2700
1871,829,2700
1861,839,2700
1847,853,2700
1823,877,2700
1789,911,2700
1759,941,2700
1753,947,2700
1747,953,2700
1733,967,2700
1723,977,2700
1709,991,2700
1669,1031,2700
1667,1033,2700
1637,1063,2700
1613,1087,2700
1609,1091,2700
1607,1093,2700
1597,1103,2700
1583,1117,2700
1571,1129,2700
1549,1151,2700
1499,1201,2700
1487,1213,2700
1483,1217,2700
1471,1229,2700
1451,1249,2700
1423,1277,2700
1409,1291,2700
1399,1301,2700
1381,1319,2700
1373,1327,2700
2699,3,2702
2689,13,2702
2683,19,2702
2671,31,2702
2659,43,2702
2593,109,2702
2551,151,2702
2539,163,2702
2521,181,2702
2503,199,2702
2473,229,2702
2389,313,2702
2371,331,2702
2293,409,2702
2281,421,2702
2269,433,2702
2239,463,2702
2203,499,2702
2179,523,2702
2161,541,2702
2131,571,2702
2089,613,2702
2083,619,2702
2029,673,2702
2011,691,2702
1993,709,2702
1951,751,2702
1933,769,2702
1879,823,2702
1873,829,2702
1783,919,2702
1693,1009,2702
1669,1033,2702
1663,1039,2702
1609,1093,2702
1579,1123,2702
1549,1153,2702
1531,1171,2702
1489,1213,2702
1471,1231,2702
1453,1249,2702
1423,1279,2702
1399,1303,2702
1381,1321,2702
2699,5,2704
2693,11,2704
2687,17,2704
2663,41,2704
2657,47,2704
2633,71,2704
2621,83,2704
2591,113,2704
2531,173,2704
2477,227,2704
2447,257,2704
2441,263,2704
2423,281,2704
2411,293,2704
2393,311,2704
2357,347,2704
2351,353,2704
2273,431,2704
2243,461,2704
2237,467,2704
2213,491,2704
2141,563,2704
2111,593,2704
2087,617,2704
2063,641,2704
2027,677,2704
2003,701,2704
1931,773,2704
1907,797,2704
1877,827,2704
1847,857,2704
1823,881,2704
1733,971,2704
1721,983,2704
1613,1091,2704
1607,1097,2704
1601,1103,2704
1553,1151,2704
1523,1181,2704
1511,1193,2704
1487,1217,2704
1481,1223,2704
1427,1277,2704
2699,7,2706
2693,13,2706
2689,17,2706
2687,19,2706
2683,23,2706
2677,29,2706
2663,43,2706
2659,47,2706
2647,59,2706
2633,73,2706
2617,89,2706
2609,97,2706
2593,113,2706
2579,127,2706
2557,149,2706
2549,157,2706
2543,163,2706
2539,167,2706
2477,229,2706
2473,233,2706
2467,239,2706
2437,269,2706
2423,283,2706
2399,307,2706
2393,313,2706
2389,317,2706
2357,349,2706
2347,359,2706
2339,367,2706
2333,373,2706
2309,397,2706
2297,409,2706
2287,419,2706
2273,433,2706
2267,439,2706
2243,463,2706
2239,467,2706
2207,499,2706
2203,503,2706
2143,563,2706
2137,569,2706
2129,577,2706
2113,593,2706
2099,607,2706
2089,617,2706
2087,619,2706
2063,643,2706
2053,653,2706
2029,677,2706
1997,709,2706
1987,719,2706
1979,727,2706
1973,733,2706
1949,757,2706
1933,773,2706
1879,827,2706
1877,829,2706
1867,839,2706
1847,859,2706
1823,883,2706
1787,919,2706
1777,929,2706
1759,947,2706
1753,953,2706
1723,983,2706
1709,997,2706
1697,1009,2706
1693,1013,2706
1667,1039,2706
1657,1049,2706
1637,1069,2706
1619,1087,2706
1613,1093,2706
1609,1097,2706
1597,1109,2706
1583,1123,2706
1553,1153,2706
1543,1163,2706
1493,1213,2706
1489,1217,2706
1483,1223,2706
1447,1259,2706
1429,1277,2706
1427,1279,2706
1423,1283,2706
1409,1297,2706
1399,1307,2706
2689,19,2708
2677,31,2708
2671,37,2708
2647,61,2708
2557,151,2708
2551,157,2708
2467,241,2708
2437,271,2708
2377,331,2708
2371,337,2708
2341,367,2708
2311,397,2708
2287,421,2708
2269,439,2708
2251,457,2708
2221,487,2708
2161,547,2708
2137,571,2708
2131,577,2708
2089,619,2708
2017,691,2708
1999,709,2708
1951,757,2708
1879,829,2708
1831,877,2708
1801,907,2708
1789,919,2708
1741,967,2708
1699,1009,2708
1669,1039,2708
1657,1051,2708
1621,1087,2708
1579,1129,2708
1471,1237,2708
1459,1249,2708
1429,1279,2708
1381,1327,2708
2707,3,2710
2699,11,2710
2693,17,2710
2687,23,2710
2663,47,2710
2657,53,2710
2621,89,2710
2609,101,2710
2579,131,2710
2543,167,2710
2531,179,2710
2477,233,2710
2459,251,2710
2447,263,2710
2441,269,2710
2417,293,2710
2399,311,2710
2393,317,2710
2357,353,2710
2351,359,2710
2309,401,2710
2267,443,2710
2243,467,2710
2207,503,2710
2153,557,2710
2141,569,2710
2111,599,2710
2069,641,2710
2063,647,2710
2027,683,2710
1949,761,2710
1913,797,2710
1901,809,2710
1889,821,2710
1871,839,2710
1847,863,2710
1823,887,2710
1733,977,2710
1697,1013,2710
1619,1091,2710
1613,1097,2710
1607,1103,2710
1601,1109,2710
1559,1151,2710
1523,1187,2710
1493,1217,2710
1487,1223,2710
1481,1229,2710
1451,1259,2710
1433,1277,2710
1427,1283,2710
1409,1301,2710
2707,5,2712
2699,13,2712
2693,19,2712
2689,23,2712
2683,29,2712
2671,41,2712
2659,53,2712
2633,79,2712
2609,103,2712
2549,163,2712
2539,173,2712
2531,181,2712
2521,191,2712
2473,239,2712
2441,271,2712
2399,313,2712
2381,331,2712
2339,373,2712
2333,379,2712
2311,401,2712
2293,419,2712
2281,431,2712
2273,439,2712
2269,443,2712
2251,461,2712
2221,491,2712
2213,499,2712
2203,509,2712
2143,569,2712
2141,571,2712
2113,599,2712
2111,601,2712
2099,613,2712
2081,631,2712
2069,643,2712
2053,659,2712
2039,673,2712
2029,683,2712
2011,701,2712
2003,709,2712
1993,719,2712
1979,733,2712
1973,739,2712
1951,761,2712
1901,811,2712
1889,823,2712
1873,839,2712
1831,881,2712
1801,911,2712
1783,929,2712
1759,953,2712
1741,971,2712
1721,991,2712
1699,1013,2712
1693,1019,2712
1663,1049,2712
1621,1091,2712
1619,1093,2712
1609,1103,2712
1583,1129,2712
1559,1153,2712
1549,1163,2712
1531,1181,2712
1511,1201,2712
1499,1213,2712
1489,1223,2712
1483,1229,2712
1481,1231,2712
1453,1259,2712
1433,1279,2712
1429,1283,2712
1423,1289,2712
1409,1303,2712
2711,3,2714
2707,7,2714
2683,31,2714
2677,37,2714
2671,43,2714
2647,67,2714
2617,97,2714
2557,157,2714
2551,163,2714
2521,193,2714
2503,211,2714
2473,241,2714
2437,277,2714
2383,331,2714
2377,337,2714
2347,367,2714
2341,373,2714
2293,421,2714
2281,433,2714
2251,463,2714
2143,571,2714
2137,577,2714
2113,601,2714
2083,631,2714
2053,661,2714
1987,727,2714
1861,853,2714
1831,883,2714
1777,937,2714
1747,967,2714
1723,991,2714
1693,1021,2714
1663,1051,2714
1627,1087,2714
1621,1093,2714
1597,1117,2714
1543,1171,2714
1483,1231,2714
1423,1291,2714
2713,3,2716
2711,5,2716
2699,17,2716
2693,23,2716
2687,29,2716
2663,53,2716
2657,59,2716
2633,83,2716
2609,107,2716
2579,137,2716
2549,167,2716
2543,173,2716
2477,239,2716
2459,257,2716
2447,269,2716
2423,293,2716
2399,317,2716
2357,359,2716
2333,383,2716
2297,419,2716
2273,443,2716
2267,449,2716
2237,479,2716
2213,503,2716
2207,509,2716
2153,563,2716
2129,587,2716
2099,617,2716
2069,647,2716
2063,653,2716
2039,677,2716
1997,719,2716
1973,743,2716
1907,809,2716
1889,827,2716
1877,839,2716
1787,929,2716
1733,983,2716
1697,1019,2716
1667,1049,2716
1619,1097,2716
1613,1103,2716
1607,1109,2716
1553,1163,2716
1523,1193,2716
1499,1217,2716
1493,1223,2716
1487,1229,2716
1439,1277,2716
1433,1283,2716
1427,1289,2716
1409,1307,2716
2713,5,2718
2711,7,2718
2707,11,2718
2699,19,2718
2689,29,2718
2687,31,2718
2677,41,2718
2671,47,2718
2659,59,2718
2657,61,2718
2647,71,2718
2621,97,2718
2617,101,2718
2609,109,2718
2591,127,2718
2579,139,2718
2551,167,2718
2539,179,2718
2521,197,2718
2477,241,2718
2467,251,2718
2447,271,2718
2441,277,2718
2437,281,2718
2411,307,2718
2381,337,2718
2371,347,2718
2351,367,2718
2339,379,2718
2309,409,2718
2297,421,2718
2287,431,2718
2269,449,2718
2251,467,2718
2239,479,2718
2161,557,2718
2141,577,2718
2131,587,2718
2111,607,2718
2099,619,2718
2087,631,2718
2027,691,2718
2017,701,2718
1999,719,2718
1979,739,2718
1949,769,2718
1931,787,2718
1907,811,2718
1889,829,2718
1879,839,2718
1861,857,2718
1831,887,2718
1811,907,2718
1789,929,2718
1777,941,2718
1747,971,2718
1741,977,2718
1721,997,2718
1709,1009,2718
1699,1019,2718
1697,1021,2718
1669,1049,2718
1667,1051,2718
1657,1061,2718
1627,1091,2718
1621,1097,2718
1609,1109,2718
1601,1117,2718
1567,1151,2718
1531,1187,2718
1489,1229,2718
1487,1231,2718
1481,1237,2718
1459,1259,2718
1439,1279,2718
1429,1289,2718
1427,1291,2718
1399,1319,2718
2713,7,2720
2707,13,2720
2689,31,2720
2683,37,2720
2677,43,2720
2659,61,2720
2647,73,2720
2617,103,2720
2593,127,2720
2557,163,2720
2539,181,2720
2521,199,2720
2437,283,2720
2389,331,2720
2383,337,2720
2371,349,2720
2347,373,2720
2341,379,2720
2311,409,2720
2287,433,2720
2281,439,2720
2221,499,2720
2179,541,2720
2143,577,2720
2113,607,2720
2089,631,2720
2029,691,2720
2011,709,2720
1993,727,2720
1987,733,2720
1951,769,2720
1933,787,2720
1867,853,2720
1861,859,2720
1801,919,2720
1783,937,2720
1753,967,2720
1723,997,2720
1699,1021,2720
1669,1051,2720
1657,1063,2720
1627,1093,2720
1597,1123,2720
1567,1153,2720
1549,1171,2720
1489,1231,2720
1483,1237,2720
1471,1249,2720
1429,1291,2720
1423,1297,2720
1399,1321,2720
2719,3,2722
2711,11,2722
2699,23,2722
2693,29,2722
2663,59,2722
2633,89,2722
2621,101,2722
2609,113,2722
2591,131,2722
2549,173,2722
2543,179,2722
2531,191,2722
2459,263,2722
2441,281,2722
2411,311,2722
2339,383,2722
2333,389,2722
2273,449,2722
2243,479,2722
2213,509,2722
2153,569,2722
2129,593,2722
2081,641,2722
2069,653,2722
2063,659,2722
2039,683,2722
2003,719,2722
1979,743,2722
1949,773,2722
1913,809,2722
1901,821,2722
1811,911,2722
1709,1013,2722
1619,1103,2722
1613,1109,2722
1571,1151,2722
1559,1163,2722
1499,1223,2722
1493,1229,2722
1439,1283,2722
1433,1289,2722
1361,1361,2722
2719,5,2724
2713,11,2724
2711,13,2724
2707,17,2724
2693,31,2724
2687,37,2724
2683,41,2724
2677,47,2724
2671,53,2724
2663,61,2724
2657,67,2724
2621,103,2724
2617,107,2724
2593,131,2724
2557,167,2724
2551,173,2724
2543,181,2724
2531,193,2724
2473,251,2724
2467,257,2724
2447,277,2724
2441,283,2724
2417,307,2724
2411,313,2724
2393,331,2724
2377,347,2724
2371,353,2724
2357,367,2724
2351,373,2724
2341,383,2724
2293,431,2724
2281,443,2724
2267,457,2724
2237,487,2724
2221,503,2724
2203,521,2724
2161,563,2724
2153,571,2724
2137,587,2724
2131,593,2724
2111,613,2724
2083,641,2724
2081,643,2724
2063,661,2724
1997,727,2724
1973,751,2724
1951,773,2724
1913,811,2724
1901,823,2724
1871,853,2724
1867,857,2724
1861,863,2724
1847,877,2724
1787,937,2724
1783,941,2724
1777,947,2724
1753,971,2724
1747,977,2724
1741,983,2724
1733,991,2724
1693,1031,2724
1663,1061,2724
1637,1087,2724
1627,1097,2724
1621,1103,2724
1607,1117,2724
1601,1123,2724
1571,1153,2724
1553,1171,2724
1543,1181,2724
1531,1193,2724
1523,1201,2724
1511,1213,2724
1493,1231,2724
1487,1237,2724
1447,1277,2724
1433,1291,2724
1427,1297,2724
1423,1301,2724
2719,7,2726
2713,13,2726
2707,19,2726
2689,37,2726
2683,43,2726
2659,67,2726
2647,79,2726
2617,109,2726
2503,223,2726
2389,337,2726
2377,349,2726
2347,379,2726
2293,433,2726
2287,439,2726
2269,457,2726
2239,487,2726
2203,523,2726
2179,547,2726
2113,613,2726
2083,643,2726
2053,673,2726
2017,709,2726
1999,727,2726
1993,733,2726
1987,739,2726
1873,853,2726
1867,859,2726
1789,937,2726
1759,967,2726
1693,1033,2726
1663,1063,2726
1657,1069,2726
1609,1117,2726
1597,1129,2726
1489,1237,2726
1447,1279,2726
1429,1297,2726
1423,1303,2726
1399,1327,2726
2711,17,2728
2699,29,2728
2687,41,2728
2657,71,2728
2621,107,2728
2591,137,2728
2579,149,2728
2549,179,2728
2531,197,2728
2477,251,2728
2459,269,2728
2447,281,2728
2417,311,2728
2411,317,2728
2381,347,2728
2339,389,2728
2309,419,2728
2297,431,2728
2267,461,2728
2237,491,2728
2207,521,2728
2141,587,2728
2129,599,2728
2111,617,2728
2087,641,2728
2081,647,2728
2069,659,2728
2027,701,2728
1931,797,2728
1907,821,2728
1901,827,2728
1889,839,2728
1871,857,2728
1847,881,2728
1787,941,2728
1709,1019,2728
1697,1031,2728
1667,1061,2728
1637,1091,2728
1619,1109,2728
1511,1217,2728
1499,1229,2728
1451,1277,2728
1439,1289,2728
1427,1301,2728
1409,1319,2728
1367,1361,2728
2719,11,2730
2713,17,2730
2711,19,2730
2707,23,2730
2699,31,2730
2693,37,2730
2689,41,2730
2687,43,2730
2683,47,2730
2677,53,2730
2671,59,2730
2663,67,2730
2659,71,2730
2657,73,2730
2647,83,2730
2633,97,2730
2621,109,2730
2617,113,2730
2593,137,2730
2591,139,2730
2579,151,2730
2557,173,2730
2551,179,2730
2549,181,2730
2539,191,2730
2531,199,2730
2503,227,2730
2473,257,2730
2467,263,2730
2459,271,2730
2447,283,2730
2437,293,2730
2423,307,2730
2417,313,2730
2399,331,2730
2393,337,2730
2383,347,2730
2381,349,2730
2377,353,2730
2371,359,2730
2357,373,2730
2351,379,2730
2347,383,2730
2341,389,2730
2333,397,2730
2311,419,2730
2309,421,2730
2297,433,2730
2287,443,2730
2281,449,2730
2273,457,2730
2269,461,2730
2267,463,2730
2251,479,2730
2243,487,2730
2239,491,2730
2221,509,2730
2207,523,2730
2161,569,2730
2153,577,2730
2143,587,2730
2137,593,2730
2131,599,2730
2129,601,2730
2113,617,2730
2111,619,2730
2099,631,2730
2089,641,2730
2087,643,2730
2083,647,2730
2069,661,2730
2053,677,2730
2039,691,2730
2029,701,2730
2011,719,2730
2003,727,2730
1997,733,2730
1987,743,2730
1979,751,2730
1973,757,2730
1933,797,2730
1907,823,2730
1901,829,2730
1877,853,2730
1873,857,2730
1871,859,2730
1867,863,2730
1847,883,2730
1823,907,2730
1811,919,2730
1801,929,2730
1789,941,2730
1783,947,2730
1777,953,2730
1759,971,2730
1753,977,2730
1747,983,2730
1733,997,2730
1721,1009,2730
1709,1021,2730
1699,1031,2730
1697,1033,2730
1669,1061,2730
1667,1063,2730
1637,1093,2730
1627,1103,2730
1621,1109,2730
1613,1117,2730
1607,1123,2730
1601,1129,2730
1579,1151,2730
1567,1163,2730
1559,1171,2730
1549,1181,2730
1543,1187,2730
1499,1231,2730
1493,1237,2730
1481,1249,2730
1471,1259,2730
1453,1277,2730
1451,1279,2730
1447,1283,2730
1439,1291,2730
1433,1297,2730
1429,1301,2730
1427,1303,2730
1423,1307,2730
1409,1321,2730
2729,3,2732
2719,13,2732
2713,19,2732
2689,43,2732
2671,61,2732
2659,73,2732
2593,139,2732
2551,181,2732
2539,193,2732
2521,211,2732
2503,229,2732
2383,349,2732
2311,421,2732
2293,439,2732
2269,463,2732
2161,571,2732
2131,601,2732
2113,619,2732
2089,643,2732
1999,733,2732
1993,739,2732
1879,853,2732
1873,859,2732
1741,991,2732
1723,1009,2732
1699,1033,2732
1693,1039,2732
1669,1063,2732
1663,1069,2732
1609,1123,2732
1579,1153,2732
1531,1201,2732
1483,1249,2732
1453,1279,2732
1429,1303,2732
2731,3,2734
2729,5,2734
2711,23,2734
2693,41,2734
2687,47,2734
2663,71,2734
2633,101,2734
2621,113,2734
2543,191,2734
2477,257,2734
2441,293,2734
2423,311,2734
2417,317,2734
2381,353,2734
2351,383,2734
2333,401,2734
2273,461,2734
2267,467,2734
2243,491,2734
2213,521,2734
2141,593,2734
2087,647,2734
2081,653,2734
1973,761,2734
1913,821,2734
1907,827,2734
1877,857,2734
1871,863,2734
1847,887,2734
1823,911,2734
1787,947,2734
1721,1013,2734
1637,1097,2734
1583,1151,2734
1571,1163,2734
1553,1181,2734
1511,1223,2734
1451,1283,2734
1433,1301,2734
1427,1307,2734
1373,1361,2734
1367,1367,2734
2731,5,2736
2729,7,2736
2719,17,2736
2713,23,2736
2707,29,2736
2699,37,2736
2693,43,2736
2689,47,2736
2683,53,2736
2677,59,2736
2663,73,2736
2657,79,2736
2647,89,2736
2633,103,2736
2609,127,2736
2579,157,2736
2557,179,2736
2543,193,2736
2539,197,2736
2503,233,2736
2473,263,2736
2467,269,2736
2459,277,2736
2423,313,2736
2399,337,2736
2389,347,2736
2383,353,2736
2377,359,2736
2357,379,2736
2347,389,2736
2339,397,2736
2297,439,2736
2293,443,2736
2287,449,2736
2273,463,2736
2269,467,2736
2237,499,2736
2213,523,2736
2179,557,2736
2143,593,2736
2137,599,2736
2129,607,2736
2089,647,2736
2083,653,2736
2063,673,2736
2053,683,2736
2027,709,2736
2017,719,2736
2003,733,2736
1997,739,2736
1993,743,2736
1979,757,2736
1949,787,2736
1913,823,2736
1907,829,2736
1879,857,2736
1877,859,2736
1873,863,2736
1789,947,2736
1783,953,2736
1759,977,2736
1753,983,2736
1723,1013,2736
1697,1039,2736
1667,1069,2736
1627,1109,2736
1619,1117,2736
1613,1123,2736
1607,1129,2736
1583,1153,2736
1549,1187,2736
1543,1193,2736
1523,1213,2736
1499,1237,2736
1487,1249,2736
1459,1277,2736
1453,1283,2736
1447,1289,2736
1439,1297,2736
1433,1303,2736
1429,1307,2736
1409,1327,2736
2731,7,2738
2719,19,2738
2707,31,2738
2677,61,2738
2671,67,2738
2659,79,2738
2557,181,2738
2539,199,2738
2467,271,2738
2389,349,2738
2371,367,2738
2341,397,2738
2281,457,2738
2251,487,2738
2239,499,2738
2161,577,2738
2137,601,2738
2131,607,2738
2029,709,2738
2011,727,2738
1999,739,2738
1987,751,2738
1951,787,2738
1879,859,2738
1861,877,2738
1831,907,2738
1801,937,2738
1747,991,2738
1741,997,2738
1699,1039,2738
1669,1069,2738
1621,1117,2738
1609,1129,2738
1567,1171,2738
1489,1249,2738
1459,1279,2738
1447,1291,2738
2729,11,2740
2711,29,2740
2699,41,2740
2693,47,2740
2687,53,2740
2657,83,2740
2633,107,2740
2609,131,2740
2591,149,2740
2549,191,2740
2543,197,2740
2477,263,2740
2459,281,2740
2447,293,2740
2423,317,2740
2393,347,2740
2381,359,2740
2357,383,2740
2351,389,2740
2339,401,2740
2309,431,2740
2297,443,2740
2273,467,2740
2237,503,2740
2153,587,2740
2141,599,2740
2099,641,2740
2087,653,2740
2081,659,2740
2063,677,2740
2039,701,2740
1997,743,2740
1979,761,2740
1931,809,2740
1913,827,2740
1901,839,2740
1877,863,2740
1811,929,2740
1787,953,2740
1721,1019,2740
1709,1031,2740
1637,1103,2740
1559,1181,2740
1553,1187,2740
1523,1217,2740
1511,1229,2740
1481,1259,2740
1451,1289,2740
1439,1301,2740
1433,1307,2740
1373,1367,2740
2731,11,2742
2729,13,2742
2719,23,2742
2713,29,2742
2711,31,2742
2699,43,2742
2689,53,2742
2683,59,2742
2671,71,2742
2663,79,2742
2659,83,2742
2633,109,2742
2593,149,2742
2591,151,2742
2579,163,2742
2551,191,2742
2549,193,2742
2543,199,2742
2531,211,2742
2503,239,2742
2473,269,2742
2459,283,2742
2411,331,2742
2393,349,2742
2389,353,2742
2383,359,2742
2341,401,2742
2333,409,2742
2311,431,2742
2309,433,2742
2293,449,2742
2281,461,2742
2251,491,2742
2243,499,2742
2239,503,2742
2221,521,2742
2179,563,2742
2143,599,2742
2141,601,2742
2129,613,2742
2111,631,2742
2099,643,2742
2089,653,2742
2083,659,2742
2081,661,2742
2069,673,2742
2003,739,2742
1999,743,2742
1973,769,2742
1933,809,2742
1931,811,2742
1913,829,2742
1889,853,2742
1879,863,2742
1861,881,2742
1831,911,2742
1823,919,2742
1801,941,2742
1789,953,2742
1759,983,2742
1733,1009,2742
1723,1019,2742
1721,1021,2742
1709,1033,2742
1693,1049,2742
1619,1123,2742
1613,1129,2742
1579,1163,2742
1571,1171,2742
1549,1193,2742
1511,1231,2742
1493,1249,2742
1483,1259,2742
1459,1283,2742
1453,1289,2742
1451,1291,2742
1439,1303,2742
1423,1319,2742
1381,1361,2742
2741,3,2744
2731,13,2744
2713,31,2744
2707,37,2744
2683,61,2744
2677,67,2744
2671,73,2744
2647,97,2744
2617,127,2744
2593,151,2744
2551,193,2744
2521,223,2744
2503,241,2744
2473,271,2744
2467,277,2744
2437,307,2744
2377,367,2744
2371,373,2744
2347,397,2744
2311,433,2744
2287,457,2744
2281,463,2744
2221,523,2744
2203,541,2744
2143,601,2744
2137,607,2744
2131,613,2744
2113,631,2744
2083,661,2744
2053,691,2744
2017,727,2744
2011,733,2744
1993,751,2744
1987,757,2744
1933,811,2744
1867,877,2744
1861,883,2744
1777,967,2744
1753,991,2744
1747,997,2744
1723,1021,2744
1693,1051,2744
1657,1087,2744
1627,1117,2744
1621,1123,2744
1543,1201,2744
1531,1213,2744
1453,1291,2744
1447,1297,2744
1423,1321,2744
2741,5,2746
2729,17,2746
2699,47,2746
2693,53,2746
2687,59,2746
2663,83,2746
2657,89,2746
2633,113,2746
2609,137,2746
2579,167,2746
2549,197,2746
2477,269,2746
2399,347,2746
2393,353,2746
2357,389,2746
2297,449,2746
2267,479,2746
2243,503,2746
2237,509,2746
2153,593,2746
2129,617,2746
2099,647,2746
2087,659,2746
2069,677,2746
2063,683,2746
2027,719,2746
2003,743,2746
1973,773,2746
1949,797,2746
1907,839,2746
1889,857,2746
1733,1013,2746
1697,1049,2746
1637,1109,2746
1583,1163,2746
1559,1187,2746
1553,1193,2746
1523,1223,2746
1487,1259,2746
1439,1307,2746
1427,1319,2746
1373,1373,2746
2741,7,2748
2731,17,2748
2729,19,2748
2719,29,2748
2711,37,2748
2707,41,2748
2689,59,2748
2687,61,2748
2677,71,2748
2659,89,2748
2647,101,2748
2621,127,2748
2617,131,2748
2609,139,2748
2591,157,2748
2557,191,2748
2551,197,2748
2549,199,2748
2521,227,2748
2477,271,2748
2467,281,2748
2441,307,2748
2437,311,2748
2417,331,2748
2411,337,2748
2399,349,2748
2389,359,2748
2381,367,2748
2351,397,2748
2347,401,2748
2339,409,2748
2309,439,2748
2287,461,2748
2281,467,2748
2269,479,2748
2239,509,2748
2207,541,2748
2179,569,2748
2161,587,2748
2141,607,2748
2131,617,2748
2129,619,2748
2089,659,2748
2087,661,2748
2039,709,2748
2029,719,2748
1997,751,2748
1987,761,2748
1979,769,2748
1951,797,2748
1889,859,2748
1871,877,2748
1867,881,2748
1861,887,2748
1811,937,2748
1801,947,2748
1777,971,2748
1709,1039,2748
1699,1049,2748
1697,1051,2748
1657,1091,2748
1619,1129,2748
1597,1151,2748
1567,1181,2748
1531,1217,2748
1511,1237,2748
1499,1249,2748
1489,1259,2748
1471,1277,2748
1459,1289,2748
1451,1297,2748
1447,1301,2748
1429,1319,2748
1427,1321,2748
1381,1367,2748
2731,19,2750
2719,31,2750
2713,37,2750
2707,43,2750
2689,61,2750
2683,67,2750
2677,73,2750
2671,79,2750
2647,103,2750
2593,157,2750
2557,193,2750
2551,199,2750
2539,211,2750
2521,229,2750
2473,277,2750
2467,283,2750
2437,313,2750
2383,367,2750
2377,373,2750
2371,379,2750
2341,409,2750
2311,439,2750
2293,457,2750
2287,463,2750
2251,499,2750
2203,547,2750
2179,571,2750
2143,607,2750
2137,613,2750
2131,619,2750
2089,661,2750
2017,733,2750
2011,739,2750
1999,751,2750
1993,757,2750
1873,877,2750
1867,883,2750
1831,919,2750
1783,967,2750
1759,991,2750
1753,997,2750
1741,1009,2750
1699,1051,2750
1663,1087,2750
1657,1093,2750
1627,1123,2750
1621,1129,2750
1597,1153,2750
1579,1171,2750
1549,1201,2750
1471,1279,2750
1459,1291,2750
1453,1297,2750
1447,1303,2750
1429,1321,2750
1423,1327,2750
2749,3,2752
2741,11,2752
2729,23,2752
2711,41,2752
2699,53,2752
2693,59,2752
2663,89,2752
2621,131,2752
2579,173,2752
2459,293,2752
2441,311,2752
2399,353,2752
2393,359,2752
2351,401,2752
2333,419,2752
2309,443,2752
2273,479,2752
2243,509,2752
2153,599,2752
2111,641,2752
2099,653,2752
2069,683,2752
1979,773,2752
1931,821,2752
1913,839,2752
1889,863,2752
1871,881,2752
1823,929,2752
1811,941,2752
1733,1019,2752
1721,1031,2752
1601,1151,2752
1571,1181,2752
1559,1193,2752
1523,1229,2752
1493,1259,2752
1451,1301,2752
1433,1319,2752
2749,5,2754
2741,13,2754
2731,23,2754
2713,41,2754
2711,43,2754
2707,47,2754
2693,61,2754
2687,67,2754
2683,71,2754
2671,83,2754
2657,97,2754
2647,107,2754
2617,137,2754
2591,163,2754
2557,197,2754
2543,211,2754
2531,223,2754
2521,233,2754
2503,251,2754
2477,277,2754
2473,281,2754
2447,307,2754
2441,313,2754
2437,317,2754
2423,331,2754
2417,337,2754
2381,373,2754
2371,383,2754
2357,397,2754
2333,421,2754
2311,443,2754
2297,457,2754
2293,461,2754
2287,467,2754
2267,487,2754
2251,503,2754
2213,541,2754
2207,547,2754
2161,593,2754
2153,601,2754
2141,613,2754
2137,617,2754
2113,641,2754
2111,643,2754
2081,673,2754
2063,691,2754
2053,701,2754
2027,727,2754
2011,743,2754
2003,751,2754
1997,757,2754
1993,761,2754
1933,821,2754
1931,823,2754
1901,853,2754
1877,877,2754
1873,881,2754
1871,883,2754
1867,887,2754
1847,907,2754
1801,953,2754
1787,967,2754
1783,971,2754
1777,977,2754
1741,1013,2754
1733,1021,2754
1723,1031,2754
1721,1033,2754
1693,1061,2754
1667,1087,2754
1663,1091,2754
1657,1097,2754
1637,1117,2754
1601,1153,2754
1583,1171,2754
1567,1187,2754
1553,1201,2754
1531,1223,2754
1523,1231,2754
1471,1283,2754
1453,1301,2754
1451,1303,2754
1447,1307,2754
1433,1321,2754
1427,1327,2754
1381,1373,2754
2753,3,2756
2749,7,2756
2719,37,2756
2713,43,2756
2689,67,2756
2683,73,2756
2677,79,2756
2659,97,2756
2647,109,2756
2617,139,2756
2593,163,2756
2557,199,2756
2473,283,2756
2389,367,2756
2383,373,2756
2377,379,2756
2347,409,2756
2293,463,2756
2269,487,2756
2179,577,2756
2143,613,2756
2137,619,2756
2113,643,2756
2083,673,2756
2029,727,2756
2017,739,2756
1999,757,2756
1987,769,2756
1933,823,2756
1879,877,2756
1873,883,2756
1789,967,2756
1759,997,2756
1747,1009,2756
1723,1033,2756
1693,1063,2756
1669,1087,2756
1663,1093,2756
1627,1129,2756
1543,1213,2756
1459,1297,2756
1453,1303,2756
1429,1327,2756
2753,5,2758
2741,17,2758
2729,29,2758
2711,47,2758
2699,59,2758
2687,71,2758
2657,101,2758
2621,137,2758
2609,149,2758
2591,167,2758
2579,179,2758
2531,227,2758
2477,281,2758
2447,311,2758
2441,317,2758
2411,347,2758
2399,359,2758
2357,401,2758
2339,419,2758
2309,449,2758
2297,461,2758
2267,491,2758
2237,521,2758
2141,617,2758
2111,647,2758
2099,659,2758
2081,677,2758
2039,719,2758
1997,761,2758
1949,809,2758
1931,827,2758
1901,857,2758
1877,881,2758
1871,887,2758
1847,911,2758
1811,947,2758
1787,971,2758
1709,1049,2758
1697,1061,2758
1667,1091,2758
1607,1151,2758
1571,1187,2758
1499,1259,2758
1481,1277,2758
1451,1307,2758
1439,1319,2758
2753,7,2760
2749,11,2760
2741,19,2760
2731,29,2760
2729,31,2760
2719,41,2760
2713,47,2760
2707,53,2760
2699,61,2760
2693,67,2760
2689,71,2760
2687,73,2760
2677,83,2760
2671,89,2760
2663,97,2760
2659,101,2760
2657,103,2760
2647,113,2760
2633,127,2760
2621,139,2760
2609,151,2760
2593,167,2760
2579,181,2760
2549,211,2760
2531,229,2760
2521,239,2760
2503,257,2760
2477,283,2760
2467,293,2760
2447,313,2760
2423,337,2760
2411,349,2760
2393,367,2760
2381,379,2760
2377,383,2760
2371,389,2760
2351,409,2760
2341,419,2760
2339,421,2760
2311,449,2760
2297,463,2760
2293,467,2760
2281,479,2760
2273,487,2760
2269,491,2760
2251,509,2760
2239,521,2760
2237,523,2760
2213,547,2760
2203,557,2760
2161,599,2760
2153,607,2760
2143,617,2760
2141,619,2760
2129,631,2760
2113,647,2760
2099,661,2760
2087,673,2760
2083,677,2760
2069,691,2760
2027,733,2760
2017,743,2760
2003,757,2760
1999,761,2760
1987,773,2760
1973,787,2760
1951,809,2760
1949,811,2760
1933,827,2760
1931,829,2760
1907,853,2760
1901,859,2760
1879,881,2760
1877,883,2760
1873,887,2760
1831,929,2760
1823,937,2760
1789,971,2760
1783,977,2760
1777,983,2760
1747,1013,2760
1741,1019,2760
1721,1039,2760
1709,1051,2760
1699,1061,2760
1697,1063,2760
1669,1091,2760
1667,1093,2760
1663,1097,2760
1657,1103,2760
1637,1123,2760
1609,1151,2760
1607,1153,2760
1597,1163,2760
1579,1181,2760
1567,1193,2760
1559,1201,2760
1543,1217,2760
1531,1229,2760
1523,1237,2760
1511,1249,2760
1483,1277,2760
1481,1279,2760
1471,1289,2760
1459,1301,2760
1453,1307,2760
1439,1321,2760
1433,1327,2760
1399,1361,2760
2749,13,2762
2731,31,2762
2719,43,2762
2689,73,2762
2683,79,2762
2659,103,2762
2551,211,2762
2539,223,2762
2521,241,2762
2389,373,2762
2383,379,2762
2341,421,2762
2239,523,2762
2221,541,2762
2161,601,2762
2143,619,2762
2131,631,2762
2089,673,2762
2053,709,2762
2029,733,2762
2011,751,2762
1993,769,2762
1951,811,2762
1933,829,2762
1879,883,2762
1753,1009,2762
1741,1021,2762
1723,1039,2762
1699,1063,2762
1693,1069,2762
1669,1093,2762
1609,1153,2762
1549,1213,2762
1531,1231,2762
1483,1279,2762
1471,1291,2762
1459,1303,2762
1381,1381,2762
2753,11,2764
2741,23,2764
2711,53,2764
2693,71,2764
2663,101,2764
2657,107,2764
2633,131,2764
2591,173,2764
2531,233,2764
2447,317,2764
2417,347,2764
2411,353,2764
2381,383,2764
2333,431,2764
2297,467,2764
2273,491,2764
2243,521,2764
2207,557,2764
2111,653,2764
2087,677,2764
2081,683,2764
2063,701,2764
2003,761,2764
1907,857,2764
1901,863,2764
1877,887,2764
1823,941,2764
1811,953,2764
1787,977,2764
1733,1031,2764
1667,1097,2764
1613,1151,2764
1601,1163,2764
1583,1181,2764
1571,1193,2764
1487,1277,2764
1481,1283,2764
2753,13,2766
2749,17,2766
2729,37,2766
2719,47,2766
2713,53,2766
2707,59,2766
2699,67,2766
2693,73,2766
2687,79,2766
2683,83,2766
2677,89,2766
2663,103,2766
2659,107,2766
2657,109,2766
2617,149,2766
2609,157,2766
2593,173,2766
2543,223,2766
2539,227,2766
2503,263,2766
2473,293,2766
2459,307,2766
2417,349,2766
2399,367,2766
2393,373,2766
2383,383,2766
2377,389,2766
2357,409,2766
2347,419,2766
2333,433,2766
2309,457,2766
2287,479,2766
2267,499,2766
2243,523,2766
2203,563,2766
2179,587,2766
2153,613,2766
2113,653,2766
2089,677,2766
2083,683,2766
2039,727,2766
2027,739,2766
1997,769,2766
1993,773,2766
1979,787,2766
1913,853,2766
1907,859,2766
1889,877,2766
1879,887,2766
1847,919,2766
1789,977,2766
1783,983,2766
1753,1013,2766
1747,1019,2766
1733,1033,2766
1697,1069,2766
1669,1097,2766
1663,1103,2766
1657,1109,2766
1637,1129,2766
1613,1153,2766
1579,1187,2766
1553,1213,2766
1549,1217,2766
1543,1223,2766
1489,1277,2766
1487,1279,2766
1483,1283,2766
1459,1307,2766
1447,1319,2766
1439,1327,2766
1399,1367,2766
2749,19,2768
2731,37,2768
2707,61,2768
2689,79,2768
2671,97,2768
2659,109,2768
2617,151,2768
2557,211,2768
2539,229,2768
2437,331,2768
2389,379,2768
2371,397,2768
2347,421,2768
2311,457,2768
2281,487,2768
2269,499,2768
2221,547,2768
2161,607,2768
2137,631,2768
2029,739,2768
2017,751,2768
2011,757,2768
1999,769,2768
1861,907,2768
1831,937,2768
1801,967,2768
1777,991,2768
1759,1009,2768
1747,1021,2768
1699,1069,2768
1597,1171,2768
1567,1201,2768
1531,1237,2768
1489,1279,2768
1471,1297,2768
1447,1321,2768
2767,3,2770
2753,17,2770
2741,29,2770
2729,41,2770
2711,59,2770
2699,71,2770
2687,83,2770
2663,107,2770
2657,113,2770
2633,137,2770
2621,149,2770
2591,179,2770
2579,191,2770
2543,227,2770
2531,239,2770
2477,293,2770
2459,311,2770
2423,347,2770
2417,353,2770
2411,359,2770
2381,389,2770
2351,419,2770
2339,431,2770
2309,461,2770
2267,503,2770
2213,557,2770
2207,563,2770
2153,617,2770
2129,641,2770
2111,659,2770
2087,683,2770
2069,701,2770
2027,743,2770
1997,773,2770
1973,797,2770
1949,821,2770
1931,839,2770
1913,857,2770
1907,863,2770
1889,881,2770
1823,947,2770
1787,983,2770
1721,1049,2770
1709,1061,2770
1667,1103,2770
1619,1151,2770
1607,1163,2770
1583,1187,2770
1553,1217,2770
1511,1259,2770
1493,1277,2770
1487,1283,2770
1481,1289,2770
1451,1319,2770
1409,1361,2770
2767,5,2772
2753,19,2772
2749,23,2772
2741,31,2772
2731,41,2772
2729,43,2772
2719,53,2772
2713,59,2772
2711,61,2772
2699,73,2772
2693,79,2772
2689,83,2772
2683,89,2772
2671,101,2772
2663,109,2772
2659,113,2772
2633,139,2772
2621,151,2772
2609,163,2772
2593,179,2772
2591,181,2772
2579,193,2772
2549,223,2772
2543,229,2772
2539,233,2772
2531,241,2772
2521,251,2772
2503,269,2772
2459,313,2772
2441,331,2772
2423,349,2772
2399,373,2772
2393,379,2772
2389,383,2772
2383,389,2772
2371,401,2772
2351,421,2772
2341,431,2772
2339,433,2772
2333,439,2772
2311,461,2772
2309,463,2772
2293,479,2772
2281,491,2772
2273,499,2772
2269,503,2772
2251,521,2772
2203,569,2772
2179,593,2772
2153,619,2772
2141,631,2772
2131,641,2772
2129,643,2772
2113,659,2772
2111,661,2772
2099,673,2772
2089,683,2772
2081,691,2772
2063,709,2772
2053,719,2772
2039,733,2772
2029,743,2772
2011,761,2772
2003,769,2772
1999,773,2772
1951,821,2772
1949,823,2772
1933,839,2772
1913,859,2772
1889,883,2772
1861,911,2772
1831,941,2772
1801,971,2772
1789,983,2772
1759,1013,2772
1753,1019,2772
1741,1031,2772
1733,1039,2772
1723,1049,2772
1721,1051,2772
1709,1063,2772
1669,1103,2772
1663,1109,2772
1621,1151,2772
1619,1153,2772
1609,1163,2772
1601,1171,2772
1579,1193,2772
1571,1201,2772
1559,1213,2772
1549,1223,2772
1543,1229,2772
1523,1249,2772
1493,1279,2772
1489,1283,2772
1483,1289,2772
1481,1291,2772
1471,1301,2772
1453,1319,2772
1451,1321,2772
1399,1373,2772
2767,7,2774
2731,43,2774
2713,61,2774
2707,67,2774
2677,97,2774
2671,103,2774
2647,127,2774
2617,157,2774
2593,181,2774
2551,223,2774
2503,271,2774
2467,307,2774
2437,337,2774
2377,397,2774
2341,433,2774
2311,463,2774
2287,487,2774
2251,523,2774
2203,571,2774
2161,613,2774
2143,631,2774
2131,643,2774
2113,661,2774
2083,691,2774
2017,757,2774
1987,787,2774
1951,823,2774
1867,907,2774
1783,991,2774
1777,997,2774
1753,1021,2774
1741,1033,2774
1723,1051,2774
1657,1117,2774
1621,1153,2774
1543,1231,2774
1483,1291,2774
1471,1303,2774
1453,1321,2774
1447,1327,2774
2753,23,2776
2729,47,2776
2693,83,2776
2687,89,2776
2663,113,2776
2609,167,2776
2579,197,2776
2549,227,2776
2543,233,2776
2459,317,2776
2423,353,2776
2417,359,2776
2393,383,2776
2357,419,2776
2333,443,2776
2309,467,2776
2297,479,2776
2273,503,2776
2267,509,2776
2213,563,2776
2207,569,2776
2129,647,2776
2099,677,2776
2003,773,2776
1979,797,2776
1949,827,2776
1913,863,2776
1889,887,2776
1847,929,2776
1823,953,2776
1667,1109,2776
1613,1163,2776
1583,1193,2776
1559,1217,2776
1553,1223,2776
1499,1277,2776
1493,1283,2776
1487,1289,2776
1409,1367,2776
2767,11,2778
2749,29,2778
2741,37,2778
2731,47,2778
2719,59,2778
2711,67,2778
2707,71,2778
2699,79,2778
2689,89,2778
2677,101,2778
2671,107,2778
2647,131,2778
2621,157,2778
2579,199,2778
2551,227,2778
2549,229,2778
2539,239,2778
2521,257,2778
2467,311,2778
2447,331,2778
2441,337,2778
2411,367,2778
2399,379,2778
2389,389,2778
2381,397,2778
2377,401,2778
2357,421,2778
2347,431,2778
2339,439,2778
2311,467,2778
2287,491,2778
2269,509,2778
2237,541,2778
2221,557,2778
2207,571,2778
2179,599,2778
2161,617,2778
2137,641,2778
2131,647,2778
2087,691,2778
2069,709,2778
2039,739,2778
2027,751,2778
2017,761,2778
1951,827,2778
1949,829,2778
1901,877,2778
1871,907,2778
1867,911,2778
1831,947,2778
1811,967,2778
1801,977,2778
1787,991,2778
1759,1019,2778
1747,1031,2778
1709,1069,2778
1669,1109,2778
1627,1151,2778
1607,1171,2778
1597,1181,2778
1549,1229,2778
1499,1279,2778
1489,1289,2778
1487,1291,2778
1481,1297,2778
1471,1307,2778
1459,1319,2778
1451,1327,2778
2777,3,2780
2767,13,2780
2749,31,2780
2719,61,2780
2713,67,2780
2707,73,2780
2683,97,2780
2677,103,2780
2671,109,2780
2617,163,2780
2557,223,2780
2551,229,2780
2539,241,2780
2503,277,2780
2473,307,2780
2467,313,2780
2383,397,2780
2371,409,2780
2347,433,2780
2341,439,2780
2293,487,2780
2281,499,2780
2239,541,2780
2203,577,2780
2179,601,2780
2161,619,2780
2137,643,2780
2089,691,2780
2053,727,2780
2029,751,2780
2011,769,2780
1993,787,2780
1951,829,2780
1873,907,2780
1861,919,2780
1789,991,2780
1783,997,2780
1759,1021,2780
1747,1033,2780
1741,1039,2780
1693,1087,2780
1663,1117,2780
1657,1123,2780
1627,1153,2780
1609,1171,2780
1579,1201,2780
1567,1213,2780
1549,1231,2780
1543,1237,2780
1531,1249,2780
1489,1291,2780
1483,1297,2780
1459,1321,2780
1453,1327,2780
1399,1381,2780
2777,5,2782
2753,29,2782
2741,41,2782
2729,53,2782
2711,71,2782
2699,83,2782
2693,89,2782
2633,149,2782
2609,173,2782
2591,191,2782
2549,233,2782
2543,239,2782
2531,251,2782
2423,359,2782
2399,383,2782
2393,389,2782
2381,401,2782
2351,431,2782
2339,443,2782
2333,449,2782
2273,509,2782
2213,569,2782
2141,641,2782
2129,653,2782
2099,683,2782
2081,701,2782
2063,719,2782
2039,743,2782
1973,809,2782
1901,881,2782
1871,911,2782
1811,971,2782
1733,1049,2782
1721,1061,2782
1619,1163,2782
1601,1181,2782
1559,1223,2782
1553,1229,2782
1523,1259,2782
1499,1283,2782
1493,1289,2782
1481,1301,2782
1409,1373,2782
2777,7,2784
2767,17,2784
2753,31,2784
2741,43,2784
2731,53,2784
2713,71,2784
2711,73,2784
2687,97,2784
2683,101,2784
2677,107,2784
2671,113,2784
2657,127,2784
2647,137,2784
2633,151,2784
2621,163,2784
2617,167,2784
2593,191,2784
2591,193,2784
2557,227,2784
2551,233,2784
2543,241,2784
2521,263,2784
2503,281,2784
2477,307,2784
2473,311,2784
2467,317,2784
2447,337,2784
2437,347,2784
2417,367,2784
2411,373,2784
2383,401,2784
2351,433,2784
2341,443,2784
2297,487,2784
2293,491,2784
2281,503,2784
2243,541,2784
2237,547,2784
2221,563,2784
2213,571,2784
2207,577,2784
2153,631,2784
2143,641,2784
2141,643,2784
2137,647,2784
2131,653,2784
2111,673,2784
2083,701,2784
2027,757,2784
2011,773,2784
1997,787,2784
1987,797,2784
1973,811,2784
1931,853,2784
1907,877,2784
1901,883,2784
1877,907,2784
1873,911,2784
1847,937,2784
1831,953,2784
1801,983,2784
1787,997,2784
1753,1031,2784
1733,1051,2784
1723,1061,2784
1721,1063,2784
1697,1087,2784
1693,1091,2784
1667,1117,2784
1621,1163,2784
1613,1171,2784
1597,1187,2784
1583,1201,2784
1571,1213,2784
1567,1217,2784
1553,1231,2784
1493,1291,2784
1487,1297,2784
1483,1301,2784
1481,1303,2784
1423,1361,2784
2767,19,2786
2749,37,2786
2719,67,2786
2713,73,2786
2707,79,2786
2689,97,2786
2683,103,2786
2677,109,2786
2659,127,2786
2647,139,2786
2593,193,2786
2557,229,2786
2503,283,2786
2473,313,2786
2437,349,2786
2389,397,2786
2377,409,2786
2347,439,2786
2287,499,2786
2239,547,2786
2179,607,2786
2143,643,2786
2113,673,2786
2053,733,2786
2029,757,2786
2017,769,2786
1999,787,2786
1933,853,2786
1879,907,2786
1867,919,2786
1789,997,2786
1777,1009,2786
1753,1033,2786
1747,1039,2786
1723,1063,2786
1699,1087,2786
1693,1093,2786
1669,1117,2786
1663,1123,2786
1657,1129,2786
1549,1237,2786
1489,1297,2786
1483,1303,2786
1459,1327,2786
2777,11,2788
2741,47,2788
2729,59,2788
2699,89,2788
2687,101,2788
2657,131,2788
2621,167,2788
2609,179,2788
2591,197,2788
2549,239,2788
2531,257,2788
2477,311,2788
2441,347,2788
2399,389,2788
2357,431,2788
2339,449,2788
2309,479,2788
2297,491,2788
2267,521,2788
2141,647,2788
2129,659,2788
2111,677,2788
2087,701,2788
2069,719,2788
2027,761,2788
1979,809,2788
1949,839,2788
1931,857,2788
1907,881,2788
1901,887,2788
1877,911,2788
1847,941,2788
1811,977,2788
1697,1091,2788
1637,1151,2788
1607,1181,2788
1601,1187,2788
1571,1217,2788
1559,1229,2788
1511,1277,2788
1499,1289,2788
1487,1301,2788
1481,1307,2788
1427,1361,2788
2777,13,2790
2767,23,2790
2753,37,2790
2749,41,2790
2731,59,2790
2729,61,2790
2719,71,2790
2711,79,2790
2707,83,2790
2693,97,2790
2689,101,2790
2687,103,2790
2683,107,2790
2677,113,2790
2663,127,2790
2659,131,2790
2633,157,2790
2617,173,2790
2609,181,2790
2593,197,2790
2591,199,2790
2579,211,2790
2557,233,2790
2551,239,2790
2549,241,2790
2539,251,2790
2521,269,2790
2477,313,2790
2473,317,2790
2459,331,2790
2441,349,2790
2437,353,2790
2423,367,2790
2417,373,2790
2411,379,2790
2393,397,2790
2389,401,2790
2381,409,2790
2371,419,2790
2357,433,2790
2351,439,2790
2347,443,2790
2341,449,2790
2333,457,2790
2311,479,2790
2287,503,2790
2281,509,2790
2269,521,2790
2267,523,2790
2243,547,2790
2221,569,2790
2213,577,2790
2203,587,2790
2143,647,2790
2137,653,2790
2131,659,2790
2129,661,2790
2113,677,2790
2099,691,2790
2089,701,2790
2081,709,2790
2063,727,2790
2039,751,2790
2029,761,2790
2017,773,2790
2003,787,2790
1993,797,2790
1979,811,2790
1951,839,2790
1933,857,2790
1931,859,2790
1913,877,2790
1907,883,2790
1879,911,2790
1871,919,2790
1861,929,2790
1823,967,2790
1777,1013,2790
1759,1031,2790
1741,1049,2790
1721,1069,2790
1699,1091,2790
1697,1093,2790
1693,1097,2790
1667,1123,2790
1637,1153,2790
1627,1163,2790
1619,1171,2790
1609,1181,2790
1597,1193,2790
1567,1223,2790
1559,1231,2790
1553,1237,2790
1531,1259,2790
1511,1279,2790
1499,1291,2790
1493,1297,2790
1489,1301,2790
1487,1303,2790
1483,1307,2790
1471,1319,2790
1429,1361,2790
1423,1367,2790
1409,1381,2790
2789,3,2792
2749,43,2792
2731,61,2792
2719,73,2792
2713,79,2792
2689,103,2792
2683,109,2792
2593,199,2792
2551,241,2792
2521,271,2792
2383,409,2792
2371,421,2792
2293,499,2792
2269,523,2792
2251,541,2792
2221,571,2792
2179,613,2792
2161,631,2792
2131,661,2792
2083,709,2792
2053,739,2792
1933,859,2792
1873,919,2792
1801,991,2792
1783,1009,2792
1759,1033,2792
1753,1039,2792
1741,1051,2792
1723,1069,2792
1699,1093,2792
1669,1123,2792
1663,1129,2792
1621,1171,2792
1579,1213,2792
1543,1249,2792
1489,1303,2792
1471,1321,2792
2791,3,2794
2789,5,2794
2777,17,2794
2753,41,2794
2741,53,2794
2711,83,2794
2693,101,2794
2687,107,2794
2663,131,2794
2657,137,2794
2621,173,2794
2543,251,2794
2531,263,2794
2477,317,2794
2447,347,2794
2441,353,2794
2411,383,2794
2393,401,2794
2351,443,2794
2333,461,2794
2273,521,2794
2237,557,2794
2207,587,2794
2153,641,2794
2141,653,2794
2111,683,2794
1997,797,2794
1973,821,2794
1931,863,2794
1913,881,2794
1907,887,2794
1847,947,2794
1823,971,2794
1811,983,2794
1733,1061,2794
1697,1097,2794
1613,1181,2794
1607,1187,2794
1601,1193,2794
1571,1223,2794
1511,1283,2794
1493,1301,2794
1487,1307,2794
1433,1361,2794
1427,1367,2794
2791,5,2796
2789,7,2796
2777,19,2796
2767,29,2796
2753,43,2796
2749,47,2796
2729,67,2796
2713,83,2796
2707,89,2796
2699,97,2796
2693,103,2796
2689,107,2796
2687,109,2796
2683,113,2796
2659,137,2796
2657,139,2796
2647,149,2796
2633,163,2796
2617,179,2796
2557,239,2796
2539,257,2796
2503,293,2796
2459,337,2796
2447,349,2796
2437,359,2796
2423,373,2796
2417,379,2796
2399,397,2796
2377,419,2796
2357,439,2796
2347,449,2796
2339,457,2796
2333,463,2796
2309,487,2796
2297,499,2796
2293,503,2796
2287,509,2796
2273,523,2796
2239,557,2796
2203,593,2796
2179,617,2796
2153,643,2796
2143,653,2796
2137,659,2796
2113,683,2796
2087,709,2796
2069,727,2796
2063,733,2796
2053,743,2796
2039,757,2796
2027,769,2796
1999,797,2796
1987,809,2796
1973,823,2796
1933,863,2796
1913,883,2796
1889,907,2796
1877,919,2796
1867,929,2796
1787,1009,2796
1783,1013,2796
1777,1019,2796
1747,1049,2796
1733,1063,2796
1709,1087,2796
1699,1097,2796
1693,1103,2796
1667,1129,2796
1609,1187,2796
1583,1213,2796
1579,1217,2796
1567,1229,2796
1559,1237,2796
1499,1297,2796
1493,1303,2796
1489,1307,2796
1429,1367,2796
1423,1373,2796
2791,7,2798
2767,31,2798
2731,67,2798
2719,79,2798
2689,109,2798
2671,127,2798
2659,139,2798
2647,151,2798
2617,181,2798
2557,241,2798
2521,277,2798
2467,331,2798
2389,409,2798
2377,421,2798
2341,457,2798
2311,487,2798
2251,547,2798
2221,577,2798
2179,619,2798
2137,661,2798
2089,709,2798
2029,769,2798
2011,787,2798
1987,811,2798
1879,919,2798
1861,937,2798
1831,967,2798
1801,997,2798
1789,1009,2798
1777,1021,2798
1759,1039,2798
1747,1051,2798
1669,1129,2798
1627,1171,2798
1597,1201,2798
1567,1231,2798
1549,1249,2798
1471,1327,2798
1399,1399,2798
2797,3,2800
2789,11,2800
2777,23,2800
2753,47,2800
2741,59,2800
2729,71,2800
2711,89,2800
2699,101,2800
2693,107,2800
2687,113,2800
2663,137,2800
2633,167,2800
2621,179,2800
2609,191,2800
2549,251,2800
2543,257,2800
2531,269,2800
2447,353,2800
2441,359,2800
2417,383,2800
2411,389,2800
2399,401,2800
2381,419,2800
2357,443,2800
2351,449,2800
2339,461,2800
2333,467,2800
2309,491,2800
2297,503,2800
2243,557,2800
2237,563,2800
2213,587,2800
2207,593,2800
2153,647,2800
2141,659,2800
2099,701,2800
2081,719,2800
2039,761,2800
2027,773,2800
2003,797,2800
1979,821,2800
1973,827,2800
1913,887,2800
1889,911,2800
1871,929,2800
1847,953,2800
1823,977,2800
1787,1013,2800
1709,1091,2800
1697,1103,2800
1637,1163,2800
1619,1181,2800
1613,1187,2800
1607,1193,2800
1583,1217,2800
1571,1229,2800
1523,1277,2800
1511,1289,2800
1499,1301,2800
1493,1307,2800
1481,1319,2800
1439,1361,2800
1433,1367,2800
1427,1373,2800
2797,5,2802
2791,11,2802
2789,13,2802
2749,53,2802
2741,61,2802
2731,71,2802
2729,73,2802
2719,83,2802
2713,89,2802
2699,103,2802
2693,109,2802
2689,113,2802
2671,131,2802
2663,139,2802
2621,181,2802
2609,193,2802
2591,211,2802
2579,223,2802
2551,251,2802
2539,263,2802
2531,271,2802
2521,281,2802
2423,379,2802
2393,409,2802
2383,419,2802
2381,421,2802
2371,431,2802
2341,461,2802
2339,463,2802
2311,491,2802
2293,509,2802
2281,521,2802
2239,563,2802
2203,599,2802
2161,641,2802
2143,659,2802
2141,661,2802
2129,673,2802
2111,691,2802
2083,719,2802
2069,733,2802
2063,739,2802
2029,773,2802
1993,809,2802
1979,823,2802
1973,829,2802
1949,853,2802
1873,929,2802
1861,941,2802
1831,971,2802
1811,991,2802
1789,1013,2802
1783,1019,2802
1753,1049,2802
1741,1061,2802
1733,1069,2802
1709,1093,2802
1699,1103,2802
1693,1109,2802
1621,1181,2802
1609,1193,2802
1601,1201,2802
1579,1223,2802
1571,1231,2802
1553,1249,2802
1543,1259,2802
1523,1279,2802
1511,1291,2802
1499,1303,2802
1483,1319,2802
1481,1321,2802
1429,1373,2802
2801,3,2804
2797,7,2804
2791,13,2804
2767,37,2804
2731,73,2804
2707,97,2804
2677,127,2804
2647,157,2804
2593,211,2804
2521,283,2804
2473,331,2804
2467,337,2804
2437,367,2804
2383,421,2804
2371,433,2804
2347,457,2804
2341,463,2804
2281,523,2804
2203,601,2804
2161,643,2804
2143,661,2804
2131,673,2804
2113,691,2804
2053,751,2804
2017,787,2804
1993,811,2804
1951,853,2804
1867,937,2804
1783,1021,2804
1753,1051,2804
1741,1063,2804
1567,1237,2804
1483,1321,2804
1423,1381,2804
2803,3,2806
2801,5,2806
2789,17,2806
2777,29,2806
2753,53,2806
2699,107,2806
2693,113,2806
2657,149,2806
2633,173,2806
2609,197,2806
2579,227,2806
2549,257,2806
2543,263,2806
2459,347,2806
2447,359,2806
2423,383,2806
2417,389,2806
2357,449,2806
2339,467,2806
2297,509,2806
2243,563,2806
2237,569,2806
2213,593,2806
2207,599,2806
2153,653,2806
2129,677,2806
2087,719,2806
2063,743,2806
1997,809,2806
1979,827,2806
1949,857,2806
1877,929,2806
1823,983,2806
1787,1019,2806
1709,1097,2806
1697,1109,2806
1619,1187,2806
1613,1193,2806
1583,1223,2806
1523,1283,2806
1499,1307,2806
1487,1319,2806
1439,1367,2806
1433,1373,2806
2803,5,2808
2801,7,2808
2797,11,2808
2791,17,2808
2789,19,2808
2777,31,2808
2767,41,2808
2749,59,2808
2741,67,2808
2729,79,2808
2719,89,2808
2711,97,2808
2707,101,2808
2699,109,2808
2677,131,2808
2671,137,2808
2659,149,2808
2657,151,2808
2617,191,2808
2609,199,2808
2579,229,2808
2557,251,2808
2551,257,2808
2539,269,2808
2531,277,2808
2477,331,2808
2459,349,2808
2441,367,2808
2411,397,2808
2399,409,2808
2389,419,2808
2377,431,2808
2351,457,2808
2347,461,2808
2341,467,2808
2309,499,2808
2287,521,2808
2267,541,2808
2251,557,2808
2239,569,2808
2237,571,2808
2221,587,2808
2207,601,2808
2161,647,2808
2131,677,2808
2099,709,2808
2089,719,2808
2081,727,2808
2069,739,2808
2039,769,2808
2011,797,2808
1999,809,2808
1997,811,2808
1987,821,2808
1979,829,2808
1951,857,2808
1949,859,2808
1931,877,2808
1901,907,2808
1889,919,2808
1879,929,2808
1871,937,2808
1867,941,2808
1861,947,2808
1831,977,2808
1811,997,2808
1789,1019,2808
1787,1021,2808
1777,1031,2808
1759,1049,2808
1747,1061,2808
1721,1087,2808
1699,1109,2808
1657,1151,2808
1637,1171,2808
1627,1181,2808
1621,1187,2808
1607,1201,2808
1579,1229,2808
1571,1237,2808
1559,1249,2808
1549,1259,2808
1531,1277,2808
1511,1297,2808
1489,1319,2808
1487,1321,2808
1481,1327,2808
1447,1361,2808
1427,1381,2808
1409,1399,2808
2803,7,2810
2797,13,2810
2791,19,2810
2767,43,2810
2749,61,2810
2731,79,2810
2713,97,2810
2707,103,2810
2683,127,2810
2671,139,2810
2659,151,2810
2647,163,2810
2617,193,2810
2539,271,2810
2503,307,2810
2473,337,2810
2437,373,2810
2389,421,2810
2377,433,2810
2371,439,2810
2347,463,2810
2311,499,2810
2287,523,2810
2269,541,2810
2239,571,2810
2203,607,2810
2179,631,2810
2137,673,2810
2083,727,2810
2053,757,2810
1999,811,2810
1987,823,2810
1951,859,2810
1933,877,2810
1873,937,2810
1801,1009,2810
1789,1021,2810
1777,1033,2810
1759,1051,2810
1747,1063,2810
1741,1069,2810
1723,1087,2810
1693,1117,2810
1657,1153,2810
1609,1201,2810
1597,1213,2810
1579,1231,2810
1531,1279,2810
1489,1321,2810
1483,1327,2810
1429,1381,2810
2801,11,2812
2789,23,2812
2753,59,2812
2741,71,2812
2729,83,2812
2711,101,2812
2699,113,2812
2663,149,2812
2633,179,2812
2621,191,2812
2579,233,2812
2549,263,2812
2543,269,2812
2531,281,2812
2459,353,2812
2423,389,2812
2411,401,2812
2393,419,2812
2381,431,2812
2351,461,2812
2333,479,2812
2309,503,2812
2243,569,2812
2213,599,2812
2153,659,2812
2129,683,2812
2111,701,2812
2069,743,2812
2039,773,2812
2003,809,2812
1973,839,2812
1949,863,2812
1931,881,2812
1901,911,2812
1871,941,2812
1721,1091,2812
1709,1103,2812
1619,1193,2812
1583,1229,2812
1553,1259,2812
1523,1289,2812
1511,1301,2812
1493,1319,2812
1451,1361,2812
1439,1373,2812
2803,11,2814
2801,13,2814
2797,17,2814
2791,23,2814
2777,37,2814
2767,47,2814
2753,61,2814
2741,73,2814
2731,83,2814
2713,101,2814
2711,103,2814
2707,107,2814
2687,127,2814
2683,131,2814
2677,137,2814
2663,151,2814
2657,157,2814
2647,167,2814
2633,181,2814
2621,193,2814
2617,197,2814
2591,223,2814
2557,257,2814
2551,263,2814
2543,271,2814
2531,283,2814
2521,293,2814
2503,311,2814
2477,337,2814
2467,347,2814
2447,367,2814
2441,373,2814
2417,397,2814
2393,421,2814
2383,431,2814
2381,433,2814
2371,443,2814
2357,457,2814
2351,463,2814
2347,467,2814
2311,503,2814
2293,521,2814
2273,541,2814
2267,547,2814
2251,563,2814
2243,571,2814
2237,577,2814
2221,593,2814
2213,601,2814
2207,607,2814
2161,653,2814
2153,661,2814
2141,673,2814
2137,677,2814
2131,683,2814
2113,701,2814
2087,727,2814
2081,733,2814
2063,751,2814
2053,761,2814
2027,787,2814
2017,797,2814
2003,811,2814
1993,821,2814
1987,827,2814
1951,863,2814
1933,881,2814
1931,883,2814
1907,907,2814
1877,937,2814
1873,941,2814
1867,947,2814
1861,953,2814
1847,967,2814
1831,983,2814
1823,991,2814
1801,1013,2814
1783,1031,2814
1753,1061,2814
1723,1091,2814
1721,1093,2814
1697,1117,2814
1663,1151,2814
1627,1187,2814
1621,1193,2814
1613,1201,2814
1601,1213,2814
1597,1217,2814
1583,1231,2814
1531,1283,2814
1523,1291,2814
1511,1303,2814
1493,1321,2814
1487,1327,2814
1453,1361,2814
1447,1367,2814
1433,1381,2814
2803,13,2816
2797,19,2816
2749,67,2816
2719,97,2816
2713,103,2816
2707,109,2816
2689,127,2816
2677,139,2816
2659,157,2816
2617,199,2816
2593,223,2816
2539,277,2816
2503,313,2816
2467,349,2816
2437,379,2816
2383,433,2816
2377,439,2816
2293,523,2816
2269,547,2816
2239,577,2816
2203,613,2816
2143,673,2816
2089,727,2816
2083,733,2816
2029,787,2816
1993,823,2816
1987,829,2816
1933,883,2816
1879,937,2816
1783,1033,2816
1777,1039,2816
1753,1063,2816
1747,1069,2816
1723,1093,2816
1699,1117,2816
1693,1123,2816
1663,1153,2816
1579,1237,2816
1567,1249,2816
1489,1327,2816
2801,17,2818
2789,29,2818
2777,41,2818
2729,89,2818
2711,107,2818
2687,131,2818
2621,197,2818
2591,227,2818
2579,239,2818
2549,269,2818
2459,359,2818
2417,401,2818
2399,419,2818
2357,461,2818
2351,467,2818
2339,479,2818
2309,509,2818
2297,521,2818
2141,677,2818
2099,719,2818
1997,821,2818
1979,839,2818
1931,887,2818
1907,911,2818
1889,929,2818
1877,941,2818
1871,947,2818
1847,971,2818
1787,1031,2818
1721,1097,2818
1709,1109,2818
1667,1151,2818
1637,1181,2818
1601,1217,2818
1559,1259,2818
1511,1307,2818
1499,1319,2818
1451,1367,2818
1409,1409,2818
2803,17,2820
2801,19,2820
2797,23,2820
2791,29,2820
2789,31,2820
2777,43,2820
2767,53,2820
2753,67,2820
2749,71,2820
2741,79,2820
2731,89,2820
2719,101,2820
2713,107,2820
2711,109,2820
2707,113,2820
2693,127,2820
2689,131,2820
2683,137,2820
2671,149,2820
2663,157,2820
2657,163,2820
2647,173,2820
2621,199,2820
2609,211,2820
2593,227,2820
2591,229,2820
2579,241,2820
2557,263,2820
2551,269,2820
2549,271,2820
2543,277,2820
2539,281,2820
2503,317,2820
2473,347,2820
2467,353,2820
2447,373,2820
2441,379,2820
2437,383,2820
2423,397,2820
2411,409,2820
2399,421,2820
2389,431,2820
2381,439,2820
2377,443,2820
2371,449,2820
2357,463,2820
2341,479,2820
2333,487,2820
2311,509,2820
2297,523,2820
2273,547,2820
2251,569,2820
2243,577,2820
2221,599,2820
2213,607,2820
2207,613,2820
2203,617,2820
2179,641,2820
2161,659,2820
2143,677,2820
2137,683,2820
2129,691,2820
2111,709,2820
2087,733,2820
2081,739,2820
2069,751,2820
2063,757,2820
2011,809,2820
1999,821,2820
1997,823,2820
1993,827,2820
1933,887,2820
1913,907,2820
1901,919,2820
1879,941,2820
1873,947,2820
1867,953,2820
1823,997,2820
1811,1009,2820
1801,1019,2820
1789,1031,2820
1787,1033,2820
1759,1061,2820
1733,1087,2820
1723,1097,2820
1697,1123,2820
1669,1151,2820
1667,1153,2820
1657,1163,2820
1627,1193,2820
1619,1201,2820
1607,1213,2820
1597,1223,2820
1583,1237,2820
1571,1249,2820
1543,1277,2820
1531,1289,2820
1523,1297,2820
1499,1321,2820
1493,1327,2820
1459,1361,2820
1453,1367,2820
1447,1373,2820
1439,1381,2820
2819,3,2822
2803,19,2822
2791,31,2822
2749,73,2822
2719,103,2822
2713,109,2822
2683,139,2822
2671,151,2822
2659,163,2822
2593,229,2822
2551,271,2822
2539,283,2822
2473,349,2822
2389,433,2822
2383,439,2822
2281,541,2822
2251,571,2822
2221,601,2822
2203,619,2822
2179,643,2822
2161,661,2822
2131,691,2822
2113,709,2822
2089,733,2822
2083,739,2822
2053,769,2822
2011,811,2822
1999,823,2822
1993,829,2822
1831,991,2822
1801,1021,2822
1789,1033,2822
1783,1039,2822
1759,1063,2822
1753,1069,2822
1699,1123,2822
1693,1129,2822
1669,1153,2822
1621,1201,2822
1609,1213,2822
1543,1279,2822
1531,1291,2822
1423,1399,2822
2819,5,2824
2801,23,2824
2777,47,2824
2753,71,2824
2741,83,2824
2711,113,2824
2693,131,2824
2687,137,2824
2657,167,2824
2633,191,2824
2591,233,2824
2543,281,2824
2531,293,2824
2477,347,2824
2441,383,2824
2423,401,2824
2393,431,2824
2381,443,2824
2357,467,2824
2333,491,2824
2267,557,2824
2237,587,2824
2207,617,2824
2141,683,2824
2081,743,2824
2063,761,2824
2027,797,2824
2003,821,2824
1997,827,2824
1913,911,2824
1877,947,2824
1871,953,2824
1847,977,2824
1811,1013,2824
1733,1091,2824
1721,1103,2824
1637,1187,2824
1607,1217,2824
1601,1223,2824
1523,1301,2824
1451,1373,2824
2819,7,2826
2803,23,2826
2797,29,2826
2789,37,2826
2767,59,2826
2753,73,2826
2729,97,2826
2719,107,2826
2713,113,2826
2699,127,2826
2689,137,2826
2687,139,2826
2677,149,2826
2663,163,2826
2659,167,2826
2647,179,2826
2633,193,2826
2593,233,2826
2557,269,2826
2549,277,2826
2543,283,2826
2477,349,2826
2473,353,2826
2467,359,2826
2459,367,2826
2447,379,2826
2437,389,2826
2417,409,2826
2393,433,2826
2383,443,2826
2377,449,2826
2347,479,2826
2339,487,2826
2269,557,2826
2239,587,2826
2213,613,2826
2207,619,2826
2179,647,2826
2153,673,2826
2143,683,2826
2099,727,2826
2087,739,2826
2083,743,2826
2069,757,2826
2053,773,2826
2039,787,2826
2029,797,2826
2017,809,2826
2003,823,2826
1999,827,2826
1997,829,2826
1987,839,2826
1973,853,2826
1949,877,2826
1907,919,2826
1889,937,2826
1879,947,2826
1873,953,2826
1787,1039,2826
1777,1049,2826
1733,1093,2826
1723,1103,2826
1709,1117,2826
1697,1129,2826
1663,1163,2826
1613,1213,2826
1609,1217,2826
1597,1229,2826
1567,1259,2826
1549,1277,2826
1543,1283,2826
1523,1303,2826
1499,1327,2826
1459,1367,2826
1453,1373,2826
1427,1399,2826
2797,31,2828
2791,37,2828
2767,61,2828
2749,79,2828
2731,97,2828
2719,109,2828
2689,139,2828
2677,151,2828
2671,157,2828
2647,181,2828
2617,211,2828
2557,271,2828
2551,277,2828
2521,307,2828
2389,439,2828
2371,457,2828
2341,487,2828
2287,541,2828
2281,547,2828
2251,577,2828
2221,607,2828
2137,691,2828
2089,739,2828
2017,811,2828
1999,829,2828
1951,877,2828
1861,967,2828
1831,997,2828
1789,1039,2828
1777,1051,2828
1759,1069,2828
1741,1087,2828
1699,1129,2828
1657,1171,2828
1627,1201,2828
1597,1231,2828
1579,1249,2828
1549,1279,2828
1531,1297,2828
1447,1381,2828
1429,1399,2828
2819,11,2830
2801,29,2830
2789,41,2830
2777,53,2830
2741,89,2830
2729,101,2830
2699,131,2830
2693,137,2830
2663,167,2830
2657,173,2830
2633,197,2830
2591,239,2830
2579,251,2830
2549,281,2830
2477,353,2830
2447,383,2830
2441,389,2830
2411,419,2830
2399,431,2830
2381,449,2830
2351,479,2830
2339,491,2830
2309,521,2830
2273,557,2830
2267,563,2830
2243,587,2830
2237,593,2830
2213,617,2830
2153,677,2830
2129,701,2830
2111,719,2830
2087,743,2830
2069,761,2830
2003,827,2830
1973,857,2830
1949,881,2830
1901,929,2830
1889,941,2830
1877,953,2830
1847,983,2830
1811,1019,2830
1733,1097,2830
1721,1109,2830
1667,1163,2830
1637,1193,2830
1613,1217,2830
1607,1223,2830
1601,1229,2830
1571,1259,2830
1553,1277,2830
1523,1307,2830
1511,1319,2830
2819,13,2832
2803,29,2832
2801,31,2832
2791,41,2832
2789,43,2832
2753,79,2832
2749,83,2832
2731,101,2832
2729,103,2832
2719,113,2832
2693,139,2832
2683,149,2832
2659,173,2832
2633,199,2832
2621,211,2832
2609,223,2832
2593,239,2832
2591,241,2832
2551,281,2832
2549,283,2832
2539,293,2832
2521,311,2832
2473,359,2832
2459,373,2832
2423,409,2832
2411,421,2832
2399,433,2832
2393,439,2832
2389,443,2832
2383,449,2832
2371,461,2832
2341,491,2832
2333,499,2832
2311,521,2832
2309,523,2832
2269,563,2832
2239,593,2832
2213,619,2832
2179,653,2832
2141,691,2832
2131,701,2832
2113,719,2832
2099,733,2832
2089,743,2832
2081,751,2832
2063,769,2832
2011,821,2832
2003,829,2832
1993,839,2832
1979,853,2832
1973,859,2832
1951,881,2832
1949,883,2832
1913,919,2832
1879,953,2832
1861,971,2832
1823,1009,2832
1811,1021,2832
1801,1031,2832
1783,1049,2832
1741,1091,2832
1723,1109,2832
1709,1123,2832
1669,1163,2832
1619,1213,2832
1609,1223,2832
1601,1231,2832
1583,1249,2832
1553,1279,2832
1549,1283,2832
1543,1289,2832
1531,1301,2832
1511,1321,2832
1471,1361,2832
1459,1373,2832
1451,1381,2832
1433,1399,2832
1423,1409,2832
2803,31,2834
2797,37,2834
2791,43,2834
2767,67,2834
2731,103,2834
2707,127,2834
2683,151,2834
2677,157,2834
2671,163,2834
2593,241,2834
2557,277,2834
2551,283,2834
2521,313,2834
2503,331,2834
2467,367,2834
2437,397,2834
2377,457,2834
2371,463,2834
2347,487,2834
2311,523,2834
2293,541,2834
2287,547,2834
2221,613,2834
2203,631,2834
2161,673,2834
2143,691,2834
2083,751,2834
2011,823,2834
1951,883,2834
1867,967,2834
1801,1033,2834
1783,1051,2834
1747,1087,2834
1741,1093,2834
1663,1171,2834
1621,1213,2834
1597,1237,2834
1543,1291,2834
1531,1303,2834
1453,1381,2834
2833,3,2836
2819,17,2836
2789,47,2836
2777,59,2836
2753,83,2836
2729,107,2836
2699,137,2836
2687,149,2836
2663,173,2836
2657,179,2836
2609,227,2836
2579,257,2836
2543,293,2836
2477,359,2836
2447,389,2836
2417,419,2836
2393,443,2836
2357,479,2836
2333,503,2836
2273,563,2836
2267,569,2836
2243,593,2836
2237,599,2836
2153,683,2836
2063,773,2836
2039,797,2836
2027,809,2836
1997,839,2836
1979,857,2836
1973,863,2836
1949,887,2836
1907,929,2836
1889,947,2836
1823,1013,2836
1787,1049,2836
1733,1103,2836
1619,1217,2836
1613,1223,2836
1607,1229,2836
1559,1277,2836
1553,1283,2836
1427,1409,2836
2833,5,2838
2819,19,2838
2801,37,2838
2797,41,2838
2791,47,2838
2777,61,2838
2767,71,2838
2749,89,2838
2741,97,2838
2731,107,2838
2729,109,2838
2711,127,2838
2707,131,2838
2699,139,2838
2689,149,2838
2687,151,2838
2671,167,2838
2659,179,2838
2657,181,2838
2647,191,2838
2609,229,2838
2557,281,2838
2531,307,2838
2521,317,2838
2459,379,2838
2441,397,2838
2437,401,2838
2417,421,2838
2399,439,2838
2389,449,2838
2381,457,2838
2377,461,2838
2371,467,2838
2351,487,2838
2347,491,2838
2339,499,2838
2297,541,2838
2281,557,2838
2269,569,2838
2267,571,2838
2251,587,2838
2239,599,2838
2237,601,2838
2221,617,2838
2207,631,2838
2179,659,2838
2161,677,2838
2137,701,2838
2129,709,2838
2111,727,2838
2099,739,2838
2087,751,2838
2081,757,2838
2069,769,2838
2029,809,2838
2027,811,2838
2017,821,2838
2011,827,2838
1999,839,2838
1979,859,2838
1951,887,2838
1931,907,2838
1901,937,2838
1871,967,2838
1867,971,2838
1861,977,2838
1847,991,2838
1789,1049,2838
1787,1051,2838
1777,1061,2838
1747,1091,2838
1741,1097,2838
1721,1117,2838
1709,1129,2838
1667,1171,2838
1657,1181,2838
1637,1201,2838
1621,1217,2838
1609,1229,2838
1607,1231,2838
1601,1237,2838
1579,1259,2838
1559,1279,2838
1549,1289,2838
1531,1307,2838
1511,1327,2838
1471,1367,2838
1439,1399,2838
1429,1409,2838
2837,3,2840
2833,7,2840
2803,37,2840
2797,43,2840
2767,73,2840
2731,109,2840
2713,127,2840
2689,151,2840
2683,157,2840
2677,163,2840
2659,181,2840
2647,193,2840
2617,223,2840
2557,283,2840
2503,337,2840
2473,367,2840
2467,373,2840
2383,457,2840
2377,463,2840
2341,499,2840
2293,547,2840
2269,571,2840
2239,601,2840
2221,619,2840
2179,661,2840
2131,709,2840
2113,727,2840
2089,751,2840
2083,757,2840
2053,787,2840
2029,811,2840
2017,823,2840
2011,829,2840
1987,853,2840
1933,907,2840
1873,967,2840
1831,1009,2840
1801,1039,2840
1789,1051,2840
1777,1063,2840
1753,1087,2840
1747,1093,2840
1723,1117,2840
1669,1171,2840
1627,1213,2840
1609,1231,2840
1549,1291,2840
1543,1297,2840
1459,1381,2840
2837,5,2842
2819,23,2842
2801,41,2842
2789,53,2842
2753,89,2842
2741,101,2842
2729,113,2842
2711,131,2842
2693,149,2842
2663,179,2842
2609,233,2842
2591,251,2842
2579,263,2842
2549,293,2842
2531,311,2842
2459,383,2842
2441,401,2842
2423,419,2842
2411,431,2842
2399,443,2842
2393,449,2842
2381,461,2842
2351,491,2842
2339,503,2842
2333,509,2842
2273,569,2842
2243,599,2842
2141,701,2842
2099,743,2842
2081,761,2842
2069,773,2842
2003,839,2842
1979,863,2842
1931,911,2842
1913,929,2842
1901,941,2842
1889,953,2842
1871,971,2842
1823,1019,2842
1811,1031,2842
1733,1109,2842
1619,1223,2842
1613,1229,2842
1583,1259,2842
1559,1283,2842
1553,1289,2842
1523,1319,2842
1481,1361,2842
1433,1409,2842
2837,7,2844
2833,11,2844
2803,41,2844
2801,43,2844
2797,47,2844
2791,53,2844
2777,67,2844
2741,103,2844
2731,113,2844
2713,131,2844
2707,137,2844
2693,151,2844
2687,157,2844
2677,167,2844
2671,173,2844
2663,181,2844
2647,197,2844
2633,211,2844
2621,223,2844
2617,227,2844
2593,251,2844
2551,293,2844
2531,313,2844
2477,367,2844
2447,397,2844
2423,421,2844
2411,433,2844
2383,461,2844
2381,463,2844
2377,467,2844
2357,487,2844
2341,503,2844
2297,547,2844
2287,557,2844
2281,563,2844
2273,571,2844
2267,577,2844
2251,593,2844
2243,601,2844
2237,607,2844
2213,631,2844
2203,641,2844
2161,683,2844
2153,691,2844
2143,701,2844
2111,733,2844
2087,757,2844
2083,761,2844
2017,827,2844
1987,857,2844
1933,911,2844
1907,937,2844
1877,967,2844
1873,971,2844
1867,977,2844
1861,983,2844
1847,997,2844
1831,1013,2844
1823,1021,2844
1811,1033,2844
1783,1061,2844
1753,1091,2844
1747,1097,2844
1741,1103,2844
1721,1123,2844
1693,1151,2844
1663,1181,2844
1657,1187,2844
1627,1217,2844
1621,1223,2844
1613,1231,2844
1607,1237,2844
1567,1277,2844
1553,1291,2844
1543,1301,2844
1523,1321,2844
1483,1361,2844
1471,1373,2844
2843,3,2846
2833,13,2846
2803,43,2846
2767,79,2846
2749,97,2846
2719,127,2846
2707,139,2846
2689,157,2846
2683,163,2846
2647,199,2846
2617,229,2846
2539,307,2846
2473,373,2846
2467,379,2846
2437,409,2846
2389,457,2846
2383,463,2846
2347,499,2846
2269,577,2846
2239,607,2846
2203,643,2846
2137,709,2846
2113,733,2846
2089,757,2846
2017,829,2846
1993,853,2846
1987,859,2846
1879,967,2846
1783,1063,2846
1777,1069,2846
1759,1087,2846
1753,1093,2846
1723,1123,2846
1693,1153,2846
1609,1237,2846
1597,1249,2846
1567,1279,2846
1549,1297,2846
1543,1303,2846
1447,1399,2846
1423,1423,2846
2843,5,2848
2837,11,2848
2819,29,2848
2801,47,2848
2789,59,2848
2777,71,2848
2741,107,2848
2711,137,2848
2699,149,2848
2657,191,2848
2621,227,2848
2609,239,2848
2591,257,2848
2579,269,2848
2531,317,2848
2459,389,2848
2447,401,2848
2417,431,2848
2399,449,2848
2381,467,2848
2357,491,2848
2339,509,2848
2207,641,2848
2129,719,2848
2087,761,2848
2039,809,2848
2027,821,2848
1907,941,2848
1901,947,2848
1877,971,2848
1871,977,2848
1787,1061,2848
1697,1151,2848
1667,1181,2848
1619,1229,2848
1571,1277,2848
1559,1289,2848
1487,1361,2848
1481,1367,2848
1439,1409,2848
2843,7,2850
2837,13,2850
2833,17,2850
2819,31,2850
2803,47,2850
2797,53,2850
2791,59,2850
2789,61,2850
2777,73,2850
2767,83,2850
2753,97,2850
2749,101,2850
2741,109,2850
2719,131,2850
2713,137,2850
2711,139,2850
2699,151,2850
2693,157,2850
2687,163,2850
2683,167,2850
2677,173,2850
2671,179,2850
2659,191,2850
2657,193,2850
2621,229,2850
2617,233,2850
2609,241,2850
2593,257,2850
2579,271,2850
2557,293,2850
2543,307,2850
2539,311,2850
2503,347,2850
2477,373,2850
2467,383,2850
2441,409,2850
2417,433,2850
2411,439,2850
2393,457,2850
2389,461,2850
2383,467,2850
2371,479,2850
2351,499,2850
2347,503,2850
2341,509,2850
2309,541,2850
2293,557,2850
2287,563,2850
2281,569,2850
2273,577,2850
2251,599,2850
2243,607,2850
2237,613,2850
2207,643,2850
2203,647,2850
2141,709,2850
2131,719,2850
2111,739,2850
2099,751,2850
2089,761,2850
2081,769,2850
2063,787,2850
2053,797,2850
2039,811,2850
2029,821,2850
2027,823,2850
2011,839,2850
1997,853,2850
1993,857,2850
1987,863,2850
1973,877,2850
1931,919,2850
1913,937,2850
1879,971,2850
1873,977,2850
1867,983,2850
1831,1019,2850
1811,1039,2850
1801,1049,2850
1789,1061,2850
1787,1063,2850
1759,1091,2850
1753,1097,2850
1747,1103,2850
1741,1109,2850
1733,1117,2850
1721,1129,2850
1699,1151,2850
1697,1153,2850
1669,1181,2850
1663,1187,2850
1657,1193,2850
1637,1213,2850
1627,1223,2850
1621,1229,2850
1619,1231,2850
1613,1237,2850
1601,1249,2850
1571,1279,2850
1567,1283,2850
1559,1291,2850
1553,1297,2850
1549,1301,2850
1543,1307,2850
1531,1319,2850
1523,1327,2850
1489,1361,2850
1483,1367,2850
1451,1399,2850
1427,1423,2850
2833,19,2852
2791,61,2852
2749,103,2852
2713,139,2852
2689,163,2852
2671,181,2852
2659,193,2852
2539,313,2852
2521,331,2852
2503,349,2852
2473,379,2852
2389,463,2852
2311,541,2852
2281,571,2852
2251,601,2852
2239,613,2852
2221,631,2852
2179,673,2852
2161,691,2852
2143,709,2852
2113,739,2852
2083,769,2852
2029,823,2852
1999,853,2852
1993,859,2852
1933,919,2852
1861,991,2852
1831,1021,2852
1801,1051,2852
1789,1063,2852
1783,1069,2852
1759,1093,2852
1723,1129,2852
1699,1153,2852
1621,1231,2852
1549,1303,2852
1531,1321,2852
1471,1381,2852
1453,1399,2852
1429,1423,2852
2851,3,2854
2843,11,2854
2837,17,2854
2801,53,2854
2753,101,2854
2741,113,2854
2687,167,2854
2663,191,2854
2657,197,2854
2621,233,2854
2591,263,2854
2543,311,2854
2423,431,2854
2411,443,2854
2393,461,2854
2351,503,2854
2333,521,2854
2297,557,2854
2267,587,2854
2237,617,2854
2213,641,2854
2207,647,2854
2153,701,2854
2111,743,2854
2081,773,2854
2027,827,2854
1997,857,2854
1973,881,2854
1913,941,2854
1907,947,2854
1901,953,2854
1877,977,2854
1871,983,2854
1823,1031,2854
1667,1187,2854
1637,1217,2854
1571,1283,2854
1553,1301,2854
1493,1361,2854
1487,1367,2854
1481,1373,2854
1427,1427,2854
2851,5,2856
2843,13,2856
2837,19,2856
2833,23,2856
2819,37,2856
2803,53,2856
2797,59,2856
2789,67,2856
2777,79,2856
2767,89,2856
2753,103,2856
2749,107,2856
2729,127,2856
2719,137,2856
2707,149,2856
2699,157,2856
2693,163,2856
2689,167,2856
2683,173,2856
2677,179,2856
2663,193,2856
2659,197,2856
2657,199,2856
2633,223,2856
2617,239,2856
2593,263,2856
2579,277,2856
2549,307,2856
2543,313,2856
2539,317,2856
2503,353,2856
2477,379,2856
2473,383,2856
2467,389,2856
2459,397,2856
2447,409,2856
2437,419,2856
2423,433,2856
2417,439,2856
2399,457,2856
2393,463,2856
2389,467,2856
2377,479,2856
2357,499,2856
2347,509,2856
2333,523,2856
2309,547,2856
2293,563,2856
2287,569,2856
2269,587,2856
2243,613,2856
2239,617,2856
2237,619,2856
2213,643,2856
2203,653,2856
2179,677,2856
2137,719,2856
2129,727,2856
2113,743,2856
2099,757,2856
2087,769,2856
2083,773,2856
2069,787,2856
2029,827,2856
2027,829,2856
2017,839,2856
2003,853,2856
1999,857,2856
1997,859,2856
1993,863,2856
1979,877,2856
1973,883,2856
1949,907,2856
1889,967,2856
1879,977,2856
1873,983,2856
1847,1009,2856
1823,1033,2856
1787,1069,2856
1759,1097,2856
1753,1103,2856
1747,1109,2856
1733,1123,2856
1693,1163,2856
1669,1187,2856
1663,1193,2856
1627,1229,2856
1619,1237,2856
1607,1249,2856
1597,1259,2856
1579,1277,2856
1567,1289,2856
1559,1297,2856
1553,1303,2856
1549,1307,2856
1489,1367,2856
1483,1373,2856
1447,1409,2856
1433,1423,2856
1429,1427,2856
2851,7,2858
2797,61,2858
2791,67,2858
2749,109,2858
2731,127,2858
2719,139,2858
2707,151,2858
2677,181,2858
2659,199,2858
2647,211,2858
2617,241,2858
2551,307,2858
2521,337,2858
2437,421,2858
2371,487,2858
2311,547,2858
2287,571,2858
2281,577,2858
2251,607,2858
2239,619,2858
2131,727,2858
2089,769,2858
2029,829,2858
1999,859,2858
1951,907,2858
1867,991,2858
1861,997,2858
1789,1069,2858
1741,1117,2858
1657,1201,2858
1627,1231,2858
1621,1237,2858
1609,1249,2858
1579,1279,2858
1567,1291,2858
1531,1327,2858
1459,1399,2858
1429,1429,2858
2857,3,2860
2843,17,2860
2837,23,2860
2819,41,2860
2801,59,2860
2789,71,2860
2777,83,2860
2753,107,2860
2729,131,2860
2711,149,2860
2693,167,2860
2687,173,2860
2663,197,2860
2633,227,2860
2621,239,2860
2609,251,2860
2591,269,2860
2579,281,2860
2549,311,2860
2543,317,2860
2477,383,2860
2459,401,2860
2441,419,2860
2417,443,2860
2411,449,2860
2399,461,2860
2393,467,2860
2381,479,2860
2357,503,2860
2351,509,2860
2339,521,2860
2297,563,2860
2273,587,2860
2267,593,2860
2243,617,2860
2213,647,2860
2207,653,2860
2141,719,2860
2099,761,2860
2087,773,2860
2063,797,2860
2039,821,2860
2003,857,2860
1997,863,2860
1979,881,2860
1973,887,2860
1949,911,2860
1931,929,2860
1913,947,2860
1907,953,2860
1889,971,2860
1877,983,2860
1847,1013,2860
1811,1049,2860
1709,1151,2860
1697,1163,2860
1667,1193,2860
1637,1223,2860
1601,1259,2860
1583,1277,2860
1571,1289,2860
1559,1301,2860
1553,1307,2860
1499,1361,2860
1493,1367,2860
1487,1373,2860
1451,1409,2860
1433,1427,2860
2857,5,2862
2851,11,2862
2843,19,2862
2833,29,2862
2819,43,2862
2803,59,2862
2801,61,2862
2791,71,2862
2789,73,2862
2753,109,2862
2749,113,2862
2731,131,2862
2713,149,2862
2711,151,2862
2699,163,2862
2689,173,2862
2683,179,2862
2671,191,2862
2663,199,2862
2633,229,2862
2621,241,2862
2593,269,2862
2591,271,2862
2579,283,2862
2551,311,2862
2549,313,2862
2531,331,2862
2503,359,2862
2473,389,2862
2441,421,2862
2423,439,2862
2399,463,2862
2383,479,2862
2371,491,2862
2341,521,2862
2339,523,2862
2293,569,2862
2269,593,2862
2243,619,2862
2221,641,2862
2203,659,2862
2179,683,2862
2161,701,2862
2153,709,2862
2143,719,2862
2129,733,2862
2111,751,2862
2089,773,2862
2053,809,2862
2039,823,2862
2003,859,2862
1999,863,2862
1979,883,2862
1951,911,2862
1933,929,2862
1879,983,2862
1871,991,2862
1831,1031,2862
1823,1039,2862
1811,1051,2862
1801,1061,2862
1759,1103,2862
1753,1109,2862
1733,1129,2862
1709,1153,2862
1699,1163,2862
1669,1193,2862
1613,1249,2862
1583,1279,2862
1579,1283,2862
1571,1291,2862
1559,1303,2862
1543,1319,2862
1489,1373,2862
1481,1381,2862
1453,1409,2862
1439,1423,2862
1433,1429,2862
2861,3,2864
2857,7,2864
2851,13,2864
2833,31,2864
2803,61,2864
2797,67,2864
2791,73,2864
2767,97,2864
2713,151,2864
2707,157,2864
2683,181,2864
2671,193,2864
2593,271,2864
2557,307,2864
2551,313,2864
2467,397,2864
2377,487,2864
2341,523,2864
2293,571,2864
2287,577,2864
2251,613,2864
2221,643,2864
2203,661,2864
2137,727,2864
2131,733,2864
2113,751,2864
2053,811,2864
2011,853,2864
1987,877,2864
1873,991,2864
1867,997,2864
1831,1033,2864
1801,1063,2864
1777,1087,2864
1747,1117,2864
1741,1123,2864
1693,1171,2864
1663,1201,2864
1627,1237,2864
1567,1297,2864
1543,1321,2864
1483,1381,2864
2861,5,2866
2843,23,2866
2837,29,2866
2819,47,2866
2777,89,2866
2753,113,2866
2729,137,2866
2699,167,2866
2693,173,2866
2687,179,2866
2633,233,2866
2609,257,2866
2549,317,2866
2477,389,2866
2447,419,2866
2423,443,2866
2417,449,2866
2399,467,2866
2357,509,2866
2309,557,2866
2297,569,2866
2273,593,2866
2267,599,2866
2213,653,2866
2207,659,2866
2069,797,2866
2039,827,2866
2027,839,2866
2003,863,2866
1979,887,2866
1913,953,2866
1889,977,2866
1847,1019,2866
1637,1229,2866
1607,1259,2866
1583,1283,2866
1559,1307,2866
1499,1367,2866
1493,1373,2866
1439,1427,2866
1433,1433,2866
2861,7,2868
2857,11,2868
2851,17,2868
2837,31,2868
2801,67,2868
2797,71,2868
2789,79,2868
2767,101,2868
2741,127,2868
2731,137,2868
2729,139,2868
2719,149,2868
2711,157,2868
2689,179,2868
2687,181,2868
2677,191,2868
2671,197,2868
2657,211,2868
2617,251,2868
2591,277,2868
2557,311,2868
2551,317,2868
2531,337,2868
2521,347,2868
2467,401,2868
2459,409,2868
2447,421,2868
2437,431,2868
2411,457,2868
2389,479,2868
2381,487,2868
2377,491,2868
2347,521,2868
2311,557,2868
2297,571,2868
2281,587,2868
2269,599,2868
2267,601,2868
2251,617,2868
2237,631,2868
2221,647,2868
2207,661,2868
2141,727,2868
2129,739,2868
2111,757,2868
2099,769,2868
2081,787,2868
2039,829,2868
2029,839,2868
2011,857,2868
1987,881,2868
1949,919,2868
1931,937,2868
1901,967,2868
1877,991,2868
1871,997,2868
1847,1021,2868
1777,1091,2868
1759,1109,2868
1697,1171,2868
1667,1201,2868
1637,1231,2868
1619,1249,2868
1609,1259,2868
1579,1289,2868
1571,1297,2868
1567,1301,2868
1549,1319,2868
1487,1381,2868
1459,1409,2868
1439,1429,2868
2857,13,2870
2851,19,2870
2833,37,2870
2803,67,2870
2797,73,2870
2791,79,2870
2767,103,2870
2731,139,2870
2719,151,2870
2713,157,2870
2707,163,2870
2689,181,2870
2677,193,2870
2671,199,2870
2659,211,2870
2647,223,2870
2593,277,2870
2557,313,2870
2539,331,2870
2521,349,2870
2503,367,2870
2473,397,2870
2437,433,2870
2383,487,2870
2371,499,2870
2347,523,2870
2293,577,2870
2269,601,2870
2251,619,2870
2239,631,2870
2179,691,2870
2161,709,2870
2143,727,2870
2137,733,2870
2131,739,2870
2113,757,2870
2083,787,2870
2017,853,2870
2011,859,2870
1993,877,2870
1987,883,2870
1951,919,2870
1933,937,2870
1879,991,2870
1873,997,2870
1861,1009,2870
1831,1039,2870
1801,1069,2870
1783,1087,2870
1777,1093,2870
1753,1117,2870
1747,1123,2870
1741,1129,2870
1699,1171,2870
1669,1201,2870
1657,1213,2870
1621,1249,2870
1579,1291,2870
1567,1303,2870
1549,1321,2870
1543,1327,2870
1489,1381,2870
1471,1399,2870
1447,1423,2870
2861,11,2872
2843,29,2872
2819,53,2872
2801,71,2872
2789,83,2872
2741,131,2872
2699,173,2872
2693,179,2872
2633,239,2872
2621,251,2872
2609,263,2872
2591,281,2872
2579,293,2872
2441,431,2872
2423,449,2872
2411,461,2872
2393,479,2872
2381,491,2872
2351,521,2872
2309,563,2872
2273,599,2872
2213,659,2872
2153,719,2872
2129,743,2872
2111,761,2872
2099,773,2872
2063,809,2872
1931,941,2872
1901,971,2872
1889,983,2872
1823,1049,2872
1811,1061,2872
1721,1151,2872
1709,1163,2872
1613,1259,2872
1583,1289,2872
1571,1301,2872
1553,1319,2872
1511,1361,2872
1499,1373,2872
1439,1433,2872
2861,13,2874
2857,17,2874
2851,23,2874
2843,31,2874
2837,37,2874
2833,41,2874
2803,71,2874
2801,73,2874
2791,83,2874
2777,97,2874
2767,107,2874
2711,163,2874
2707,167,2874
2693,181,2874
2683,191,2874
2677,197,2874
2663,211,2874
2647,227,2874
2633,241,2874
2617,257,2874
2593,281,2874
2591,283,2874
2557,317,2874
2543,331,2874
2521,353,2874
2477,397,2874
2473,401,2874
2441,433,2874
2417,457,2874
2411,463,2874
2383,491,2874
2371,503,2874
2351,523,2874
2333,541,2874
2311,563,2874
2297,577,2874
2287,587,2874
2281,593,2874
2273,601,2874
2267,607,2874
2243,631,2874
2221,653,2874
2213,661,2874
2141,733,2874
2131,743,2874
2113,761,2874
2087,787,2874
2063,811,2874
2053,821,2874
2017,857,2874
2011,863,2874
1997,877,2874
1993,881,2874
1987,887,2874
1933,941,2874
1907,967,2874
1877,997,2874
1861,1013,2874
1823,1051,2874
1811,1063,2874
1787,1087,2874
1783,1091,2874
1777,1097,2874
1723,1151,2874
1721,1153,2874
1693,1181,2874
1657,1217,2874
1637,1237,2874
1597,1277,2874
1583,1291,2874
1571,1303,2874
1567,1307,2874
1553,1321,2874
1493,1381,2874
1451,1423,2874
1447,1427,2874
2857,19,2876
2833,43,2876
2803,73,2876
2797,79,2876
2767,109,2876
2749,127,2876
2719,157,2876
2713,163,2876
2683,193,2876
2677,199,2876
2647,229,2876
2593,283,2876
2539,337,2876
2503,373,2876
2467,409,2876
2437,439,2876
2389,487,2876
2377,499,2876
2269,607,2876
2203,673,2876
2143,733,2876
2137,739,2876
2089,787,2876
2053,823,2876
2017,859,2876
1999,877,2876
1993,883,2876
1879,997,2876
1867,1009,2876
1789,1087,2876
1783,1093,2876
1759,1117,2876
1753,1123,2876
1747,1129,2876
1723,1153,2876
1663,1213,2876
1627,1249,2876
1597,1279,2876
1579,1297,2876
1549,1327,2876
1453,1423,2876
1447,1429,2876
2861,17,2878
2837,41,2878
2819,59,2878
2789,89,2878
2777,101,2878
2741,137,2878
2729,149,2878
2711,167,2878
2699,179,2878
2687,191,2878
2621,257,2878
2609,269,2878
2531,347,2878
2477,401,2878
2459,419,2878
2447,431,2878
2417,461,2878
2411,467,2878
2399,479,2878
2357,521,2878
2309,569,2878
2237,641,2878
2081,797,2878
2069,809,2878
2039,839,2878
1997,881,2878
1949,929,2878
1931,947,2878
1907,971,2878
1901,977,2878
1847,1031,2878
1787,1091,2878
1697,1181,2878
1619,1259,2878
1601,1277,2878
1571,1307,2878
1559,1319,2878
1511,1367,2878
1451,1427,2878
1439,1439,2878
2861,19,2880
2857,23,2880
2851,29,2880
2843,37,2880
2837,43,2880
2833,47,2880
2819,61,2880
2801,79,2880
2797,83,2880
2791,89,2880
2777,103,2880
2767,113,2880
2753,127,2880
2749,131,2880
2741,139,2880
2731,149,2880
2729,151,2880
2713,167,2880
2707,173,2880
2699,181,2880
2689,191,2880
2687,193,2880
2683,197,2880
2657,223,2880
2647,233,2880
2617,263,2880
2609,271,2880
2549,331,2880
2543,337,2880
2531,349,2880
2521,359,2880
2459,421,2880
2447,433,2880
2441,439,2880
2437,443,2880
2423,457,2880
2417,463,2880
2393,487,2880
2389,491,2880
2381,499,2880
2377,503,2880
2371,509,2880
2357,523,2880
2339,541,2880
2333,547,2880
2311,569,2880
2309,571,2880
2293,587,2880
2287,593,2880
2281,599,2880
2273,607,2880
2267,613,2880
2239,641,2880
2237,643,2880
2221,659,2880
2207,673,2880
2203,677,2880
2179,701,2880
2161,719,2880
2153,727,2880
2141,739,2880
2137,743,2880
2129,751,2880
2111,769,2880
2083,797,2880
2069,811,2880
2053,827,2880
2027,853,2880
2017,863,2880
2003,877,2880
1999,881,2880
1997,883,2880
1993,887,2880
1973,907,2880
1951,929,2880
1933,947,2880
1913,967,2880
1889,991,2880
1871,1009,2880
1867,1013,2880
1861,1019,2880
1847,1033,2880
1831,1049,2880
1811,1069,2880
1789,1091,2880
1787,1093,2880
1783,1097,2880
1777,1103,2880
1709,1171,2880
1699,1181,2880
1693,1187,2880
1667,1213,2880
1663,1217,2880
1657,1223,2880
1621,1259,2880
1601,1279,2880
1597,1283,2880
1583,1297,2880
1579,1301,2880
1559,1321,2880
1553,1327,2880
1499,1381,2880
1481,1399,2880
1471,1409,2880
1453,1427,2880
1451,1429,2880
1447,1433,2880
2879,3,2882
2851,31,2882
2803,79,2882
2731,151,2882
2719,163,2882
2689,193,2882
2683,199,2882
2671,211,2882
2659,223,2882
2551,331,2882
2503,379,2882
2473,409,2882
2383,499,2882
2341,541,2882
2311,571,2882
2281,601,2882
2269,613,2882
2251,631,2882
2239,643,2882
2221,661,2882
2143,739,2882
2131,751,2882
2113,769,2882
2053,829,2882
2029,853,2882
1999,883,2882
1873,1009,2882
1861,1021,2882
1831,1051,2882
1789,1093,2882
1759,1123,2882
1753,1129,2882
1669,1213,2882
1579,1303,2882
1483,1399,2882
1459,1423,2882
1453,1429,2882
2879,5,2884
2861,23,2884
2843,41,2884
2837,47,2884
2801,83,2884
2777,107,2884
2753,131,2884
2711,173,2884
2693,191,2884
2687,197,2884
2657,227,2884
2633,251,2884
2621,263,2884
2591,293,2884
2531,353,2884
2441,443,2884
2423,461,2884
2417,467,2884
2393,491,2884
2381,503,2884
2297,587,2884
2267,617,2884
2243,641,2884
2237,647,2884
2207,677,2884
2141,743,2884
2111,773,2884
2087,797,2884
2063,821,2884
2027,857,2884
2003,881,2884
1997,887,2884
1973,911,2884
1931,953,2884
1913,971,2884
1907,977,2884
1901,983,2884
1871,1013,2884
1823,1061,2884
1787,1097,2884
1733,1151,2884
1721,1163,2884
1697,1187,2884
1667,1217,2884
1607,1277,2884
1601,1283,2884
1583,1301,2884
1523,1361,2884
1511,1373,2884
1451,1433,2884
2879,7,2886
2857,29,2886
2843,43,2886
2833,53,2886
2819,67,2886
2803,83,2886
2797,89,2886
2789,97,2886
2777,109,2886
2749,137,2886
2729,157,2886
2719,167,2886
2713,173,2886
2707,179,2886
2693,193,2886
2689,197,2886
2687,199,2886
2663,223,2886
2659,227,2886
2657,229,2886
2647,239,2886
2617,269,2886
2609,277,2886
2593,293,2886
2579,307,2886
2549,337,2886
2539,347,2886
2503,383,2886
2477,409,2886
2467,419,2886
2447,439,2886
2437,449,2886
2423,463,2886
2399,487,2886
2383,503,2886
2377,509,2886
2339,547,2886
2309,577,2886
2293,593,2886
2287,599,2886
2273,613,2886
2269,617,2886
2267,619,2886
2243,643,2886
2239,647,2886
2213,673,2886
2203,683,2886
2153,733,2886
2143,743,2886
2129,757,2886
2113,773,2886
2099,787,2886
2089,797,2886
2063,823,2886
2029,857,2886
2027,859,2886
2003,883,2886
1999,887,2886
1979,907,2886
1949,937,2886
1933,953,2886
1889,997,2886
1877,1009,2886
1873,1013,2886
1867,1019,2886
1847,1039,2886
1823,1063,2886
1789,1097,2886
1783,1103,2886
1777,1109,2886
1733,1153,2886
1723,1163,2886
1699,1187,2886
1693,1193,2886
1669,1217,2886
1663,1223,2886
1657,1229,2886
1637,1249,2886
1627,1259,2886
1609,1277,2886
1607,1279,2886
1597,1289,2886
1583,1303,2886
1579,1307,2886
1567,1319,2886
1559,1327,2886
1487,1399,2886
1459,1427,2886
1453,1433,2886
1447,1439,2886
2857,31,2888
2851,37,2888
2791,97,2888
2749,139,2888
2731,157,2888
2707,181,2888
2689,199,2888
2677,211,2888
2659,229,2888
2647,241,2888
2617,271,2888
2557,331,2888
2551,337,2888
2539,349,2888
2521,367,2888
2467,421,2888
2389,499,2888
2347,541,2888
2341,547,2888
2311,577,2888
2287,601,2888
2281,607,2888
2269,619,2888
2179,709,2888
2161,727,2888
2137,751,2888
2131,757,2888
2029,859,2888
2011,877,2888
1951,937,2888
1879,1009,2888
1867,1021,2888
1801,1087,2888
1759,1129,2888
1657,1231,2888
1609,1279,2888
1597,1291,2888
1567,1321,2888
1489,1399,2888
1459,1429,2888
2887,3,2890
2879,11,2890
2861,29,2890
2843,47,2890
2837,53,2890
2819,71,2890
2801,89,2890
2789,101,2890
2777,113,2890
2753,137,2890
2741,149,2890
2711,179,2890
2699,191,2890
2693,197,2890
2663,227,2890
2657,233,2890
2633,257,2890
2621,269,2890
2609,281,2890
2579,311,2890
2543,347,2890
2531,359,2890
2459,431,2890
2447,443,2890
2441,449,2890
2423,467,2890
2411,479,2890
2399,491,2890
2381,509,2890
2333,557,2890
2297,593,2890
2273,617,2890
2243,647,2890
2237,653,2890
2213,677,2890
2207,683,2890
2129,761,2890
2081,809,2890
2069,821,2890
2063,827,2890
2027,863,2890
2003,887,2890
1979,911,2890
1949,941,2890
1913,977,2890
1907,983,2890
1877,1013,2890
1871,1019,2890
1787,1103,2890
1709,1181,2890
1697,1193,2890
1667,1223,2890
1613,1277,2890
1607,1283,2890
1601,1289,2890
1583,1307,2890
1571,1319,2890
1523,1367,2890
1481,1409,2890
1451,1439,2890
2887,5,2892
2879,13,2892
2861,31,2892
2851,41,2892
2833,59,2892
2819,73,2892
2803,89,2892
2791,101,2892
2789,103,2892
2753,139,2892
2741,151,2892
2729,163,2892
2719,173,2892
2713,179,2892
2711,181,2892
2699,193,2892
2693,199,2892
2663,229,2892
2659,233,2892
2621,271,2892
2609,283,2892
2579,313,2892
2543,349,2892
2539,353,2892
2503,389,2892
2473,419,2892
2459,433,2892
2393,499,2892
2389,503,2892
2383,509,2892
2371,521,2892
2351,541,2892
2293,599,2892
2273,619,2892
2251,641,2892
2239,653,2892
2153,739,2892
2141,751,2892
2131,761,2892
2083,809,2892
2081,811,2892
2069,823,2892
2063,829,2892
2053,839,2892
2039,853,2892
2029,863,2892
2011,881,2892
1973,919,2892
1951,941,2892
1901,991,2892
1879,1013,2892
1873,1019,2892
1871,1021,2892
1861,1031,2892
1831,1061,2892
1823,1069,2892
1801,1091,2892
1789,1103,2892
1783,1109,2892
1741,1151,2892
1721,1171,2892
1699,1193,2892
1669,1223,2892
1663,1229,2892
1613,1279,2892
1609,1283,2892
1601,1291,2892
1571,1321,2892
1531,1361,2892
1511,1381,2892
1493,1399,2892
1483,1409,2892
1459,1433,2892
1453,1439,2892
2887,7,2894
2857,37,2894
2851,43,2894
2833,61,2894
2797,97,2894
2791,103,2894
2767,127,2894
2731,163,2894
2713,181,2894
2683,211,2894
2671,223,2894
2617,277,2894
2557,337,2894
2521,373,2894
2473,421,2894
2437,457,2894
2371,523,2894
2347,547,2894
2293,601,2894
2287,607,2894
2281,613,2894
2251,643,2894
2221,673,2894
2203,691,2894
2161,733,2894
2143,751,2894
2137,757,2894
2083,811,2894
2017,877,2894
2011,883,2894
1987,907,2894
1873,1021,2894
1861,1033,2894
1831,1063,2894
1801,1093,2894
1777,1117,2894
1741,1153,2894
1723,1171,2894
1693,1201,2894
1663,1231,2894
1657,1237,2894
1597,1297,2894
1567,1327,2894
1471,1423,2894
1447,1447,2894
2879,17,2896
2843,53,2896
2837,59,2896
2789,107,2896
2729,167,2896
2699,197,2896
2663,233,2896
2657,239,2896
2633,263,2896
2579,317,2896
2549,347,2896
2543,353,2896
2477,419,2896
2447,449,2896
2417,479,2896
2393,503,2896
2339,557,2896
2333,563,2896
2309,587,2896
2297,599,2896
2243,653,2896
2237,659,2896
2213,683,2896
2153,743,2896
2099,797,2896
2087,809,2896
2069,827,2896
2039,857,2896
1949,947,2896
1913,983,2896
1877,1019,2896
1847,1049,2896
1787,1109,2896
1733,1163,2896
1709,1187,2896
1667,1229,2896
1637,1259,2896
1619,1277,2896
1613,1283,2896
1607,1289,2896
1523,1373,2896
1487,1409,2896
2887,11,2898
2879,19,2898
2861,37,2898
2857,41,2898
2851,47,2898
2837,61,2898
2819,79,2898
2801,97,2898
2797,101,2898
2791,107,2898
2789,109,2898
2767,131,2898
2749,149,2898
2741,157,2898
2731,167,2898
2719,179,2898
2707,191,2898
2699,199,2898
2687,211,2898
2671,227,2898
2659,239,2898
2657,241,2898
2647,251,2898
2621,277,2898
2617,281,2898
2591,307,2898
2551,347,2898
2549,349,2898
2539,359,2898
2531,367,2898
2477,421,2898
2467,431,2898
2459,439,2898
2441,457,2898
2437,461,2898
2411,487,2898
2399,499,2898
2389,509,2898
2377,521,2898
2357,541,2898
2351,547,2898
2341,557,2898
2311,587,2898
2297,601,2898
2281,617,2898
2267,631,2898
2251,647,2898
2239,659,2898
2237,661,2898
2221,677,2898
2207,691,2898
2179,719,2898
2141,757,2898
2137,761,2898
2129,769,2898
2111,787,2898
2089,809,2898
2087,811,2898
2069,829,2898
2039,859,2898
2017,881,2898
2011,887,2898
1987,911,2898
1979,919,2898
1951,947,2898
1931,967,2898
1907,991,2898
1901,997,2898
1889,1009,2898
1879,1019,2898
1877,1021,2898
1867,1031,2898
1847,1051,2898
1811,1087,2898
1801,1097,2898
1789,1109,2898
1747,1151,2898
1697,1201,2898
1669,1229,2898
1667,1231,2898
1621,1277,2898
1619,1279,2898
1609,1289,2898
1607,1291,2898
1601,1297,2898
1597,1301,2898
1579,1319,2898
1571,1327,2898
1531,1367,2898
1499,1399,2898
1489,1409,2898
1471,1427,2898
1459,1439,2898
1451,1447,2898
2897,3,2900
2887,13,2900
2857,43,2900
2833,67,2900
2803,97,2900
2797,103,2900
2791,109,2900
2749,151,2900
2719,181,2900
2707,193,2900
2689,211,2900
2677,223,2900
2671,229,2900
2659,241,2900
2617,283,2900
2593,307,2900
2551,349,2900
2521,379,2900
2503,397,2900
2467,433,2900
2437,463,2900
2377,523,2900
2293,607,2900
2287,613,2900
2281,619,2900
2269,631,2900
2239,661,2900
2161,739,2900
2143,757,2900
2131,769,2900
2113,787,2900
2089,811,2900
2017,883,2900
1993,907,2900
1933,967,2900
1879,1021,2900
1867,1033,2900
1861,1039,2900
1831,1069,2900
1783,1117,2900
1777,1123,2900
1747,1153,2900
1699,1201,2900
1669,1231,2900
1663,1237,2900
1621,1279,2900
1609,1291,2900
1597,1303,2900
1579,1321,2900
1471,1429,2900
1453,1447,2900
2897,5,2902
2879,23,2902
2861,41,2902
2843,59,2902
2819,83,2902
2801,101,2902
2789,113,2902
2753,149,2902
2729,173,2902
2711,191,2902
2663,239,2902
2633,269,2902
2621,281,2902
2609,293,2902
2591,311,2902
2549,353,2902
2543,359,2902
2459,443,2902
2441,461,2902
2423,479,2902
2411,491,2902
2399,503,2902
2393,509,2902
2381,521,2902
2339,563,2902
2333,569,2902
2309,593,2902
2243,659,2902
2141,761,2902
2129,773,2902
2081,821,2902
2063,839,2902
2039,863,2902
1973,929,2902
1949,953,2902
1931,971,2902
1889,1013,2902
1871,1031,2902
1811,1091,2902
1721,1181,2902
1709,1193,2902
1619,1283,2902
1613,1289,2902
1601,1301,2902
1583,1319,2902
1493,1409,2902
1451,1451,2902
2897,7,2904
2887,17,2904
2861,43,2904
2857,47,2904
2851,53,2904
2843,61,2904
2837,67,2904
2833,71,2904
2803,101,2904
2801,103,2904
2797,107,2904
2791,113,2904
2777,127,2904
2767,137,2904
2753,151,2904
2741,163,2904
2731,173,2904
2713,191,2904
2711,193,2904
2707,197,2904
2693,211,2904
2677,227,2904
2671,233,2904
2663,241,2904
2647,257,2904
2633,271,2904
2621,283,2904
2593,311,2904
2591,313,2904
2557,347,2904
2551,353,2904
2531,373,2904
2521,383,2904
2503,401,2904
2473,431,2904
2447,457,2904
2441,463,2904
2437,467,2904
2417,487,2904
2383,521,2904
2381,523,2904
2357,547,2904
2347,557,2904
2341,563,2904
2333,571,2904
2311,593,2904
2297,607,2904
2287,617,2904
2273,631,2904
2251,653,2904
2243,661,2904
2221,683,2904
2213,691,2904
2203,701,2904
2161,743,2904
2153,751,2904
2143,761,2904
2131,773,2904
2083,821,2904
2081,823,2904
2027,877,2904
2017,887,2904
1997,907,2904
1993,911,2904
1951,953,2904
1933,971,2904
1913,991,2904
1907,997,2904
1873,1031,2904
1871,1033,2904
1811,1093,2904
1801,1103,2904
1787,1117,2904
1753,1151,2904
1741,1163,2904
1733,1171,2904
1723,1181,2904
1667,1237,2904
1627,1277,2904
1621,1283,2904
1613,1291,2904
1607,1297,2904
1601,1303,2904
1597,1307,2904
1583,1321,2904
1543,1361,2904
1531,1373,2904
1523,1381,2904
1481,1423,2904
1471,1433,2904
1453,1451,2904
2903,3,2906
2887,19,2906
2833,73,2906
2803,103,2906
2797,109,2906
2767,139,2906
2749,157,2906
2713,193,2906
2707,199,2906
2683,223,2906
2677,229,2906
2593,313,2906
2557,349,2906
2539,367,2906
2473,433,2906
2467,439,2906
2383,523,2906
2293,613,2906
2287,619,2906
2179,727,2906
2137,769,2906
2083,823,2906
2053,853,2906
2029,877,2906
1999,907,2906
1987,919,2906
1873,1033,2906
1867,1039,2906
1789,1117,2906
1783,1123,2906
1777,1129,2906
1753,1153,2906
1693,1213,2906
1669,1237,2906
1657,1249,2906
1627,1279,2906
1609,1297,2906
1579,1327,2906
1483,1423,2906
1459,1447,2906
1453,1453,2906
2903,5,2908
2897,11,2908
2879,29,2908
2861,47,2908
2837,71,2908
2819,89,2908
2801,107,2908
2777,131,2908
2741,167,2908
2729,179,2908
2711,197,2908
2657,251,2908
2591,317,2908
2549,359,2908
2477,431,2908
2459,449,2908
2447,461,2908
2441,467,2908
2417,491,2908
2399,509,2908
2351,557,2908
2339,569,2908
2309,599,2908
2267,641,2908
2207,701,2908
2111,797,2908
2099,809,2908
2087,821,2908
2081,827,2908
2069,839,2908
2027,881,2908
1997,911,2908
1979,929,2908
1931,977,2908
1889,1019,2908
1877,1031,2908
1847,1061,2908
1811,1097,2908
1721,1187,2908
1619,1289,2908
1607,1301,2908
1601,1307,2908
1499,1409,2908
1481,1427,2908
2903,7,2910
2897,13,2910
2887,23,2910
2879,31,2910
2857,53,2910
2851,59,2910
2843,67,2910
2837,73,2910
2803,107,2910
2801,109,2910
2797,113,2910
2753,157,2910
2731,179,2910
2729,181,2910
2719,191,2910
2713,197,2910
2711,199,2910
2699,211,2910
2687,223,2910
2683,227,2910
2677,233,2910
2671,239,2910
2659,251,2910
2647,263,2910
2633,277,2910
2617,293,2910
2593,317,2910
2579,331,2910
2557,353,2910
2551,359,2910
2543,367,2910
2531,379,2910
2521,389,2910
2477,433,2910
2467,443,2910
2447,463,2910
2423,487,2910
2411,499,2910
2389,521,2910
2347,563,2910
2341,569,2910
2339,571,2910
2333,577,2910
2311,599,2910
2309,601,2910
2297,613,2910
2293,617,2910
2269,641,2910
2267,643,2910
2251,659,2910
2237,673,2910
2153,757,2910
2141,769,2910
2137,773,2910
2113,797,2910
2099,811,2910
2089,821,2910
2087,823,2910
2083,827,2910
2081,829,2910
2053,857,2910
2029,881,2910
2027,883,2910
2003,907,2910
1999,911,2910
1973,937,2910
1933,977,2910
1913,997,2910
1901,1009,2910
1889,1021,2910
1879,1031,2910
1877,1033,2910
1871,1039,2910
1861,1049,2910
1847,1063,2910
1823,1087,2910
1801,1109,2910
1787,1123,2910
1759,1151,2910
1747,1163,2910
1723,1187,2910
1709,1201,2910
1697,1213,2910
1693,1217,2910
1627,1283,2910
1621,1289,2910
1619,1291,2910
1613,1297,2910
1609,1301,2910
1607,1303,2910
1583,1327,2910
1549,1361,2910
1543,1367,2910
1511,1399,2910
1487,1423,2910
1483,1427,2910
1481,1429,2910
1471,1439,2910
1459,1451,2910
2909,3,2912
2851,61,2912
2833,79,2912
2803,109,2912
2749,163,2912
2731,181,2912
2719,193,2912
2713,199,2912
2689,223,2912
2683,229,2912
2671,241,2912
2539,373,2912
2503,409,2912
2473,439,2912
2389,523,2912
2371,541,2912
2341,571,2912
2311,601,2912
2293,619,2912
2281,631,2912
2269,643,2912
2251,661,2912
2239,673,2912
2221,691,2912
2203,709,2912
2179,733,2912
2161,751,2912
2143,769,2912
2089,823,2912
2083,829,2912
2053,859,2912
2029,883,2912
1993,919,2912
1879,1033,2912
1873,1039,2912
1861,1051,2912
1789,1123,2912
1783,1129,2912
1759,1153,2912
1741,1171,2912
1699,1213,2912
1663,1249,2912
1621,1291,2912
1609,1303,2912
1531,1381,2912
1489,1423,2912
1483,1429,2912
1459,1453,2912
2909,5,2914
2903,11,2914
2897,17,2914
2861,53,2914
2843,71,2914
2801,113,2914
2777,137,2914
2741,173,2914
2687,227,2914
2663,251,2914
2657,257,2914
2633,281,2914
2621,293,2914
2531,383,2914
2447,467,2914
2423,491,2914
2411,503,2914
2393,521,2914
2357,557,2914
2351,563,2914
2297,617,2914
2273,641,2914
2267,647,2914
2237,677,2914
2213,701,2914
2153,761,2914
2141,773,2914
2087,827,2914
2027,887,2914
2003,911,2914
1973,941,2914
1931,983,2914
1901,1013,2914
1823,1091,2914
1811,1103,2914
1733,1181,2914
1721,1193,2914
1697,1217,2914
1637,1277,2914
1613,1301,2914
1607,1307,2914
1553,1361,2914
1487,1427,2914
1481,1433,2914
2909,7,2916
2903,13,2916
2897,19,2916
2887,29,2916
2879,37,2916
2857,59,2916
2843,73,2916
2837,79,2916
2833,83,2916
2819,97,2916
2803,113,2916
2789,127,2916
2777,139,2916
2767,149,2916
2753,163,2916
2749,167,2916
2719,197,2916
2693,223,2916
2689,227,2916
2687,229,2916
2683,233,2916
2677,239,2916
2659,257,2916
2647,269,2916
2633,283,2916
2609,307,2916
2579,337,2916
2557,359,2916
2549,367,2916
2543,373,2916
2477,439,2916
2473,443,2916
2467,449,2916
2459,457,2916
2437,479,2916
2417,499,2916
2393,523,2916
2347,569,2916
2339,577,2916
2309,607,2916
2297,619,2916
2273,643,2916
2269,647,2916
2243,673,2916
2239,677,2916
2207,709,2916
2143,773,2916
2129,787,2916
2089,827,2916
2087,829,2916
2063,853,2916
2053,863,2916
2039,877,2916
2029,887,2916
1997,919,2916
1987,929,2916
1979,937,2916
1949,967,2916
1933,983,2916
1907,1009,2916
1877,1039,2916
1867,1049,2916
1847,1069,2916
1823,1093,2916
1787,1129,2916
1753,1163,2916
1723,1193,2916
1699,1217,2916
1693,1223,2916
1667,1249,2916
1657,1259,2916
1637,1279,2916
1627,1289,2916
1619,1297,2916
1613,1303,2916
1609,1307,2916
1597,1319,2916
1549,1367,2916
1543,1373,2916
1493,1423,2916
1489,1427,2916
1487,1429,2916
1483,1433,2916
2887,31,2918
2857,61,2918
2851,67,2918
2791,127,2918
2767,151,2918
2719,199,2918
2707,211,2918
2689,229,2918
2677,241,2918
2647,271,2918
2551,367,2918
2539,379,2918
2521,397,2918
2377,541,2918
2371,547,2918
2347,571,2918
2341,577,2918
2311,607,2918
2287,631,2918
2179,739,2918
2161,757,2918
2131,787,2918
2089,829,2918
2011,907,2918
1999,919,2918
1951,967,2918
1879,1039,2918
1867,1051,2918
1831,1087,2918
1801,1117,2918
1789,1129,2918
1747,1171,2918
1669,1249,2918
1627,1291,2918
1621,1297,2918
1597,1321,2918
1489,1429,2918
1471,1447,2918
1459,1459,2918
2917,3,2920
2909,11,2920
2903,17,2920
2897,23,2920
2879,41,2920
2861,59,2920
2837,83,2920
2819,101,2920
2789,131,2920
2753,167,2920
2741,179,2920
2729,191,2920
2693,227,2920
2687,233,2920
2663,257,2920
2657,263,2920
2609,311,2920
2531,389,2920
2477,443,2920
2459,461,2920
2441,479,2920
2417,503,2920
2411,509,2920
2399,521,2920
2357,563,2920
2351,569,2920
2333,587,2920
2273,647,2920
2267,653,2920
2243,677,2920
2237,683,2920
2111,809,2920
2099,821,2920
2081,839,2920
2063,857,2920
2039,881,2920
1979,941,2920
1973,947,2920
1949,971,2920
1907,1013,2920
1901,1019,2920
1889,1031,2920
1871,1049,2920
1823,1097,2920
1811,1109,2920
1733,1187,2920
1697,1223,2920
1637,1283,2920
1619,1301,2920
1613,1307,2920
1601,1319,2920
1559,1361,2920
1553,1367,2920
1511,1409,2920
1493,1427,2920
1487,1433,2920
1481,1439,2920
2917,5,2922
2909,13,2922
2903,19,2922
2879,43,2922
2861,61,2922
2851,71,2922
2843,79,2922
2833,89,2922
2819,103,2922
2791,131,2922
2749,173,2922
2741,181,2922
2731,191,2922
2729,193,2922
2711,211,2922
2699,223,2922
2693,229,2922
2689,233,2922
2683,239,2922
2671,251,2922
2659,263,2922
2609,313,2922
2591,331,2922
2549,373,2922
2543,379,2922
2539,383,2922
2521,401,2922
2503,419,2922
2473,449,2922
2459,463,2922
2423,499,2922
2399,523,2922
2381,541,2922
2351,571,2922
2309,613,2922
2281,641,2922
2269,653,2922
2239,683,2922
2221,701,2922
2213,709,2922
2203,719,2922
2179,743,2922
2161,761,2922
2153,769,2922
2113,809,2922
2111,811,2922
2099,823,2922
2083,839,2922
2069,853,2922
2063,859,2922
2039,883,2922
2011,911,2922
2003,919,2922
1993,929,2922
1951,971,2922
1931,991,2922
1913,1009,2922
1901,1021,2922
1889,1033,2922
1873,1049,2922
1871,1051,2922
1861,1061,2922
1831,1091,2922
1759,1163,2922
1741,1181,2922
1721,1201,2922
1709,1213,2922
1699,1223,2922
1693,1229,2922
1663,1259,2922
1621,1301,2922
1619,1303,2922
1601,1321,2922
1549,1373,2922
1523,1399,2922
1499,1423,2922
1493,1429,2922
1489,1433,2922
1483,1439,2922
1471,1451,2922
2917,7,2924
2887,37,2924
2857,67,2924
2851,73,2924
2797,127,2924
2767,157,2924
2731,193,2924
2713,211,2924
2683,241,2924
2647,277,2924
2617,307,2924
2593,331,2924
2557,367,2924
2551,373,2924
2503,421,2924
2467,457,2924
2437,487,2924
2383,541,2924
2377,547,2924
2347,577,2924
2311,613,2924
2293,631,2924
2281,643,2924
2251,673,2924
2137,787,2924
2113,811,2924
2017,907,2924
1987,937,2924
1933,991,2924
1873,1051,2924
1861,1063,2924
1831,1093,2924
1801,1123,2924
1753,1171,2924
1723,1201,2924
1693,1231,2924
1627,1297,2924
1621,1303,2924
1597,1327,2924
1543,1381,2924
1471,1453,2924
2909,17,2926
2903,23,2926
2897,29,2926
2879,47,2926
2843,83,2926
2837,89,2926
2819,107,2926
2789,137,2926
2777,149,2926
2753,173,2926
2729,197,2926
2699,227,2926
2693,233,2926
2687,239,2926
2663,263,2926
2657,269,2926
2633,293,2926
2609,317,2926
2579,347,2926
2543,383,2926
2477,449,2926
2459,467,2926
2447,479,2926
2423,503,2926
2417,509,2926
2357,569,2926
2339,587,2926
2333,593,2926
2309,617,2926
2273,653,2926
2267,659,2926
2243,683,2926
2207,719,2926
2153,773,2926
2129,797,2926
2099,827,2926
2087,839,2926
2069,857,2926
2063,863,2926
2039,887,2926
1997,929,2926
1979,947,2926
1973,953,2926
1949,977,2926
1913,1013,2926
1907,1019,2926
1877,1049,2926
1823,1103,2926
1733,1193,2926
1709,1217,2926
1697,1229,2926
1667,1259,2926
1637,1289,2926
1619,1307,2926
1607,1319,2926
1559,1367,2926
1553,1373,2926
1499,1427,2926
1493,1433,2926
1487,1439,2926
2917,11,2928
2909,19,2928
2897,31,2928
2887,41,2928
2861,67,2928
2857,71,2928
2819,109,2928
2801,127,2928
2797,131,2928
2791,137,2928
2789,139,2928
2777,151,2928
2749,179,2928
2731,197,2928
2729,199,2928
2699,229,2928
2689,239,2928
2687,241,2928
2677,251,2928
2671,257,2928
2659,269,2928
2657,271,2928
2647,281,2928
2621,307,2928
2617,311,2928
2591,337,2928
2579,349,2928
2549,379,2928
2539,389,2928
2531,397,2928
2467,461,2928
2441,487,2928
2437,491,2928
2381,547,2928
2371,557,2928
2357,571,2928
2351,577,2928
2341,587,2928
2311,617,2928
2309,619,2928
2297,631,2928
2287,641,2928
2281,647,2928
2269,659,2928
2267,661,2928
2251,677,2928
2237,691,2928
2141,787,2928
2131,797,2928
2099,829,2928
2089,839,2928
2069,859,2928
2017,911,2928
1999,929,2928
1987,941,2928
1951,977,2928
1931,997,2928
1907,1021,2928
1889,1039,2928
1879,1049,2928
1877,1051,2928
1867,1061,2928
1831,1097,2928
1811,1117,2928
1777,1151,2928
1747,1181,2928
1741,1187,2928
1699,1229,2928
1697,1231,2928
1669,1259,2928
1637,1291,2928
1627,1301,2928
1621,1307,2928
1609,1319,2928
1607,1321,2928
1601,1327,2928
1567,1361,2928
1499,1429,2928
1489,1439,2928
1481,1447,2928
2927,3,2930
2917,13,2930
2887,43,2930
2857,73,2930
2851,79,2930
2833,97,2930
2803,127,2930
2791,139,2930
2767,163,2930
2749,181,2930
2731,199,2930
2719,211,2930
2707,223,2930
2689,241,2930
2659,271,2930
2647,283,2930
2617,313,2930
2593,337,2930
2557,373,2930
2551,379,2930
2521,409,2930
2473,457,2930
2467,463,2930
2389,541,2930
2383,547,2930
2311,619,2930
2287,643,2930
2269,661,2930
2239,691,2930
2221,709,2930
2203,727,2930
2179,751,2930
2161,769,2930
2143,787,2930
2053,877,2930
2011,919,2930
1993,937,2930
1933,997,2930
1879,1051,2930
1867,1063,2930
1861,1069,2930
1801,1129,2930
1777,1153,2930
1759,1171,2930
1699,1231,2930
1693,1237,2930
1627,1303,2930
1609,1321,2930
1549,1381,2930
1531,1399,2930
1483,1447,2930
1471,1459,2930
2927,5,2932
2909,23,2932
2903,29,2932
2879,53,2932
2861,71,2932
2843,89,2932
2819,113,2932
2801,131,2932
2753,179,2932
2741,191,2932
2699,233,2932
2693,239,2932
2663,269,2932
2621,311,2932
2579,353,2932
2549,383,2932
2543,389,2932
2531,401,2932
2441,491,2932
2423,509,2932
2411,521,2932
2339,593,2932
2333,599,2932
2273,659,2932
2213,719,2932
2111,821,2932
2069,863,2932
2003,929,2932
1979,953,2932
1949,983,2932
1913,1019,2932
1901,1031,2932
1871,1061,2932
1823,1109,2932
1709,1223,2932
1613,1319,2932
1571,1361,2932
1559,1373,2932
1523,1409,2932
1499,1433,2932
1493,1439,2932
1481,1451,2932
2927,7,2934
2917,17,2934
2903,31,2934
2897,37,2934
2887,47,2934
2861,73,2934
2851,83,2934
2837,97,2934
2833,101,2934
2803,131,2934
2797,137,2934
2777,157,2934
2767,167,2934
2753,181,2934
2741,193,2934
2711,223,2934
2707,227,2934
2693,241,2934
2683,251,2934
2677,257,2934
2671,263,2934
2663,271,2934
2657,277,2934
2621,313,2934
2617,317,2934
2551,383,2934
2503,431,2934
2477,457,2934
2473,461,2934
2467,467,2934
2447,487,2934
2411,523,2934
2393,541,2934
2377,557,2934
2371,563,2934
2357,577,2934
2347,587,2934
2341,593,2934
2333,601,2934
2293,641,2934
2287,647,2934
2281,653,2934
2273,661,2934
2251,683,2934
2243,691,2934
2207,727,2934
2161,773,2934
2137,797,2934
2113,821,2934
2111,823,2934
2081,853,2934
2053,881,2934
2027,907,2934
1997,937,2934
1993,941,2934
1987,947,2934
1951,983,2934
1913,1021,2934
1901,1033,2934
1873,1061,2934
1871,1063,2934
1847,1087,2934
1831,1103,2934
1811,1123,2934
1783,1151,2934
1753,1181,2934
1747,1187,2934
1741,1193,2934
1733,1201,2934
1721,1213,2934
1697,1237,2934
1657,1277,2934
1637,1297,2934
1627,1307,2934
1613,1321,2934
1607,1327,2934
1567,1367,2934
1553,1381,2934
1511,1423,2934
1487,1447,2934
1483,1451,2934
1481,1453,2934
2917,19,2936
2857,79,2936
2833,103,2936
2797,139,2936
2713,223,2936
2707,229,2936
2659,277,2936
2557,379,2936
2539,397,2936
2503,433,2936
2473,463,2936
2437,499,2936
2389,547,2936
2293,643,2936
2203,733,2936
2179,757,2936
2113,823,2936
2083,853,2936
2053,883,2936
2029,907,2936
2017,919,2936
1999,937,2936
1873,1063,2936
1867,1069,2936
1783,1153,2936
1723,1213,2936
1699,1237,2936
1657,1279,2936
1609,1327,2936
1489,1447,2936
1483,1453,2936
2927,11,2938
2909,29,2938
2897,41,2938
2879,59,2938
2837,101,2938
2801,137,2938
2789,149,2938
2741,197,2938
2711,227,2938
2699,239,2938
2687,251,2938
2657,281,2938
2621,317,2938
2591,347,2938
2579,359,2938
2549,389,2938
2477,461,2938
2459,479,2938
2447,491,2938
2417,521,2938
2381,557,2938
2351,587,2938
2339,599,2938
2297,641,2938
2237,701,2938
2141,797,2938
2129,809,2938
2111,827,2938
2099,839,2938
2081,857,2938
2027,911,2938
1997,941,2938
1907,1031,2938
1889,1049,2938
1877,1061,2938
1847,1091,2938
1787,1151,2938
1721,1217,2938
1709,1229,2938
1637,1301,2938
1619,1319,2938
1571,1367,2938
1511,1427,2938
1499,1439,2938
1487,1451,2938
2927,13,2940
2917,23,2940
2909,31,2940
2903,37,2940
2897,43,2940
2887,53,2940
2879,61,2940
2861,79,2940
2857,83,2940
2851,89,2940
2843,97,2940
2837,103,2940
2833,107,2940
2803,137,2940
2801,139,2940
2791,149,2940
2789,151,2940
2777,163,2940
2767,173,2940
2749,191,2940
2741,199,2940
2729,211,2940
2713,227,2940
2711,229,2940
2707,233,2940
2699,241,2940
2689,251,2940
2683,257,2940
2677,263,2940
2671,269,2940
2663,277,2940
2659,281,2940
2657,283,2940
2647,293,2940
2633,307,2940
2609,331,2940
2593,347,2940
2591,349,2940
2557,383,2940
2551,389,2940
2543,397,2940
2539,401,2940
2531,409,2940
2521,419,2940
2477,463,2940
2473,467,2940
2441,499,2940
2437,503,2940
2417,523,2940
2399,541,2940
2393,547,2940
2383,557,2940
2377,563,2940
2371,569,2940
2347,593,2940
2341,599,2940
2339,601,2940
2333,607,2940
2309,631,2940
2297,643,2940
2293,647,2940
2287,653,2940
2281,659,2940
2267,673,2940
2239,701,2940
2221,719,2940
2213,727,2940
2207,733,2940
2179,761,2940
2153,787,2940
2143,797,2940
2131,809,2940
2129,811,2940
2113,827,2940
2111,829,2940
2087,853,2940
2083,857,2940
2081,859,2940
2063,877,2940
2053,887,2940
2029,911,2940
2011,929,2940
2003,937,2940
1999,941,2940
1993,947,2940
1987,953,2940
1973,967,2940
1949,991,2940
1931,1009,2940
1907,1033,2940
1901,1039,2940
1889,1051,2940
1879,1061,2940
1877,1063,2940
1871,1069,2940
1847,1093,2940
1831,1109,2940
1823,1117,2940
1811,1129,2940
1789,1151,2940
1787,1153,2940
1777,1163,2940
1759,1181,2940
1753,1187,2940
1747,1193,2940
1723,1217,2940
1709,1231,2940
1663,1277,2940
1657,1283,2940
1637,1303,2940
1621,1319,2940
1619,1321,2940
1613,1327,2940
1579,1361,2940
1567,1373,2940
1559,1381,2940
1531,1409,2940
1511,1429,2940
1493,1447,2940
1489,1451,2940
1487,1453,2940
1481,1459,2940
2939,3,2942
2833,109,2942
2803,139,2942
2791,151,2942
2749,193,2942
2731,211,2942
2719,223,2942
2713,229,2942
2671,271,2942
2659,283,2942
2593,349,2942
2521,421,2942
2503,439,2942
2371,571,2942
2341,601,2942
2311,631,2942
2281,661,2942
2269,673,2942
2251,691,2942
2203,739,2942
2131,811,2942
2113,829,2942
2089,853,2942
2083,859,2942
1951,991,2942
1933,1009,2942
1879,1063,2942
1873,1069,2942
1789,1153,2942
1741,1201,2942
1693,1249,2942
1663,1279,2942
1621,1321,2942
1543,1399,2942
1489,1453,2942
1483,1459,2942
1471,1471,2942
2939,5,2944
2927,17,2944
2903,41,2944
2897,47,2944
2861,83,2944
2843,101,2944
2837,107,2944
2777,167,2944
2753,191,2944
2711,233,2944
2693,251,2944
2687,257,2944
2663,281,2944
2633,311,2944
2591,353,2944
2543,401,2944
2477,467,2944
2441,503,2944
2423,521,2944
2381,563,2944
2357,587,2944
2351,593,2944
2297,647,2944
2267,677,2944
2243,701,2944
2087,857,2944
2081,863,2944
2063,881,2944
2003,941,2944
1997,947,2944
1973,971,2944
1931,1013,2944
1913,1031,2944
1847,1097,2944
1721,1223,2944
1667,1277,2944
1637,1307,2944
1583,1361,2944
1571,1373,2944
1511,1433,2944
1493,1451,2944
2939,7,2946
2927,19,2946
2917,29,2946
2909,37,2946
2903,43,2946
2887,59,2946
2879,67,2946
2857,89,2946
2843,103,2946
2837,109,2946
2833,113,2946
2819,127,2946
2797,149,2946
2789,157,2946
2767,179,2946
2753,193,2946
2749,197,2946
2719,227,2946
2713,233,2946
2707,239,2946
2689,257,2946
2683,263,2946
2677,269,2946
2663,283,2946
2633,313,2946
2609,337,2946
2593,353,2946
2579,367,2946
2557,389,2946
2549,397,2946
2503,443,2946
2467,479,2946
2459,487,2946
2447,499,2946
2437,509,2946
2423,523,2946
2399,547,2946
2389,557,2946
2383,563,2946
2377,569,2946
2347,599,2946
2339,607,2946
2333,613,2946
2293,653,2946
2287,659,2946
2273,673,2946
2269,677,2946
2237,709,2946
2213,733,2946
2207,739,2946
2203,743,2946
2137,809,2946
2089,857,2946
2087,859,2946
2083,863,2946
2069,877,2946
2063,883,2946
2039,907,2946
2027,919,2946
2017,929,2946
1999,947,2946
1993,953,2946
1979,967,2946
1949,997,2946
1933,1013,2946
1913,1033,2946
1907,1039,2946
1877,1069,2946
1823,1123,2946
1783,1163,2946
1759,1187,2946
1753,1193,2946
1733,1213,2946
1723,1223,2946
1709,1237,2946
1697,1249,2946
1669,1277,2946
1667,1279,2946
1663,1283,2946
1657,1289,2946
1627,1319,2946
1619,1327,2946
1579,1367,2946
1523,1423,2946
1499,1447,2946
1493,1453,2946
1487,1459,2946
2917,31,2948
2887,61,2948
2851,97,2948
2797,151,2948
2791,157,2948
2767,181,2948
2749,199,2948
2719,229,2948
2707,241,2948
2677,271,2948
2671,277,2948
2617,331,2948
2551,397,2948
2539,409,2948
2377,571,2948
2371,577,2948
2347,601,2948
2341,607,2948
2287,661,2948
2239,709,2948
2221,727,2948
2179,769,2948
2161,787,2948
2137,811,2948
2089,859,2948
2029,919,2948
2011,937,2948
1951,997,2948
1879,1069,2948
1861,1087,2948
1831,1117,2948
1777,1171,2948
1747,1201,2948
1699,1249,2948
1669,1279,2948
1657,1291,2948
1627,1321,2948
1621,1327,2948
1567,1381,2948
1549,1399,2948
1489,1459,2948
2939,11,2950
2927,23,2950
2909,41,2950
2903,47,2950
2897,53,2950
2879,71,2950
2861,89,2950
2843,107,2950
2837,113,2950
2819,131,2950
2801,149,2950
2777,173,2950
2753,197,2950
2711,239,2950
2699,251,2950
2693,257,2950
2687,263,2950
2657,293,2950
2633,317,2950
2591,359,2950
2549,401,2950
2531,419,2950
2459,491,2950
2447,503,2950
2441,509,2950
2393,557,2950
2381,569,2950
2357,593,2950
2351,599,2950
2333,617,2950
2309,641,2950
2297,653,2950
2273,677,2950
2267,683,2950
2207,743,2950
2153,797,2950
2141,809,2950
2129,821,2950
2111,839,2950
2087,863,2950
2069,881,2950
2063,887,2950
2039,911,2950
2003,947,2950
1997,953,2950
1979,971,2950
1973,977,2950
1931,1019,2950
1901,1049,2950
1889,1061,2950
1847,1103,2950
1787,1163,2950
1733,1217,2950
1721,1229,2950
1667,1283,2950
1583,1367,2950
1523,1427,2950
1511,1439,2950
1499,1451,2950
2939,13,2952
2909,43,2952
2879,73,2952
2851,101,2952
2843,109,2952
2803,149,2952
2801,151,2952
2789,163,2952
2753,199,2952
2741,211,2952
2729,223,2952
2719,233,2952
2713,239,2952
2711,241,2952
2689,263,2952
2683,269,2952
2671,281,2952
2659,293,2952
2621,331,2952
2593,359,2952
2579,373,2952
2551,401,2952
2543,409,2952
2531,421,2952
2521,431,2952
2503,449,2952
2473,479,2952
2411,541,2952
2389,563,2952
2383,569,2952
2381,571,2952
2351,601,2952
2339,613,2952
2333,619,2952
2311,641,2952
2309,643,2952
2293,659,2952
2269,683,2952
2251,701,2952
2243,709,2952
2213,739,2952
2179,773,2952
2143,809,2952
2141,811,2952
2131,821,2952
2129,823,2952
2113,839,2952
2099,853,2952
2089,863,2952
2069,883,2952
2011,941,2952
1999,953,2952
1933,1019,2952
1931,1021,2952
1913,1039,2952
1901,1051,2952
1889,1063,2952
1861,1091,2952
1823,1129,2952
1801,1151,2952
1789,1163,2952
1759,1193,2952
1723,1229,2952
1721,1231,2952
1693,1259,2952
1669,1283,2952
1663,1289,2952
1579,1373,2952
1571,1381,2952
1553,1399,2952
1543,1409,2952
1523,1429,2952
1499,1453,2952
1493,1459,2952
1481,1471,2952
2917,37,2954
2887,67,2954
2857,97,2954
2851,103,2954
2803,151,2954
2797,157,2954
2791,163,2954
2731,223,2954
2713,241,2954
2683,271,2954
2677,277,2954
2671,283,2954
2647,307,2954
2617,337,2954
2557,397,2954
2521,433,2954
2467,487,2954
2383,571,2954
2377,577,2954
2347,607,2954
2341,613,2954
2311,643,2954
2293,661,2954
2281,673,2954
2221,733,2954
2203,751,2954
2143,811,2954
2131,823,2954
2017,937,2954
1987,967,2954
1933,1021,2954
1867,1087,2954
1861,1093,2954
1831,1123,2954
1801,1153,2954
1783,1171,2954
1753,1201,2954
1741,1213,2954
1723,1231,2954
1663,1291,2954
1657,1297,2954
1627,1327,2954
1531,1423,2954
1483,1471,2954
2953,3,2956
2939,17,2956
2927,29,2956
2909,47,2956
2903,53,2956
2897,59,2956
2843,113,2956
2819,137,2956
2789,167,2956
2777,179,2956
2729,227,2956
2699,257,2956
2693,263,2956
2687,269,2956
2663,293,2956
2609,347,2956
2477,479,2956
2447,509,2956
2399,557,2956
2393,563,2956
2357,599,2956
2339,617,2956
2309,647,2956
2297,659,2956
2273,683,2956
2237,719,2956
2213,743,2956
2129,827,2956
2099,857,2956
2069,887,2956
2027,929,2956
2003,953,2956
1979,977,2956
1973,983,2956
1907,1049,2956
1847,1109,2956
1733,1223,2956
1697,1259,2956
1667,1289,2956
1637,1319,2956
1583,1373,2956
1523,1433,2956
2953,5,2958
2939,19,2958
2927,31,2958
2917,41,2958
2897,61,2958
2887,71,2958
2879,79,2958
2861,97,2958
2857,101,2958
2851,107,2958
2819,139,2958
2801,157,2958
2791,167,2958
2777,181,2958
2767,191,2958
2731,227,2958
2729,229,2958
2719,239,2958
2707,251,2958
2689,269,2958
2687,271,2958
2677,281,2958
2647,311,2958
2621,337,2958
2609,349,2958
2591,367,2958
2579,379,2958
2557,401,2958
2549,409,2958
2539,419,2958
2467,491,2958
2459,499,2958
2437,521,2958
2417,541,2958
2411,547,2958
2389,569,2958
2381,577,2958
2371,587,2958
2357,601,2958
2351,607,2958
2341,617,2958
2339,619,2958
2311,647,2958
2297,661,2958
2281,677,2958
2267,691,2958
2239,719,2958
2207,751,2958
2161,797,2958
2137,821,2958
2131,827,2958
2129,829,2958
2099,859,2958
2081,877,2958
2039,919,2958
2029,929,2958
2017,941,2958
2011,947,2958
1987,971,2958
1949,1009,2958
1907,1051,2958
1889,1069,2958
1871,1087,2958
1867,1091,2958
1861,1097,2958
1787,1171,2958
1777,1181,2958
1741,1217,2958
1721,1237,2958
1709,1249,2958
1699,1259,2958
1669,1289,2958
1667,1291,2958
1657,1301,2958
1637,1321,2958
1597,1361,2958
1559,1399,2958
1549,1409,2958
1531,1427,2958
1511,1447,2958
1499,1459,2958
1487,1471,2958
2957,3,2960
2953,7,2960
2917,43,2960
2887,73,2960
2857,103,2960
2851,109,2960
2833,127,2960
2803,157,2960
2797,163,2960
2767,193,2960
2749,211,2960
2731,229,2960
2719,241,2960
2689,271,2960
2683,277,2960
2677,283,2960
2647,313,2960
2593,367,2960
2551,409,2960
2539,421,2960
2521,439,2960
2503,457,2960
2473,487,2960
2437,523,2960
2389,571,2960
2383,577,2960
2347,613,2960
2341,619,2960
2287,673,2960
2269,691,2960
2251,709,2960
2221,739,2960
2203,757,2960
2137,823,2960
2131,829,2960
2083,877,2960
2053,907,2960
1993,967,2960
1951,1009,2960
1873,1087,2960
1867,1093,2960
1831,1129,2960
1789,1171,2960
1759,1201,2960
1747,1213,2960
1723,1237,2960
1669,1291,2960
1663,1297,2960
1657,1303,2960
1579,1381,2960
1531,1429,2960
1489,1471,2960
2957,5,2962
2939,23,2962
2909,53,2962
2903,59,2962
2879,83,2962
2861,101,2962
2789,173,2962
2729,233,2962
2711,251,2962
2699,263,2962
2693,269,2962
2609,353,2962
2579,383,2962
2543,419,2962
2531,431,2962
2459,503,2962
2441,521,2962
2399,563,2962
2393,569,2962
2309,653,2962
2243,719,2962
2153,809,2962
2141,821,2962
2099,863,2962
2081,881,2962
1979,983,2962
1949,1013,2962
1931,1031,2962
1913,1049,2962
1901,1061,2962
1871,1091,2962
1811,1151,2962
1733,1229,2962
1601,1361,2962
1553,1409,2962
1523,1439,2962
1511,1451,2962
1481,1481,2962
2957,7,2964
2953,11,2964
2927,37,2964
2917,47,2964
2903,61,2964
2897,67,2964
2861,103,2964
2857,107,2964
2851,113,2964
2837,127,2964
2833,131,2964
2801,163,2964
2797,167,2964
2791,173,2964
2767,197,2964
2753,211,2964
2741,223,2964
2731,233,2964
2713,251,2964
2707,257,2964
2693,271,2964
2687,277,2964
2683,281,2964
2671,293,2964
2657,307,2964
2647,317,2964
2633,331,2964
2617,347,2964
2591,373,2964
2543,421,2964
2531,433,2964
2521,443,2964
2503,461,2964
2477,487,2964
2473,491,2964
2441,523,2964
2423,541,2964
2417,547,2964
2393,571,2964
2377,587,2964
2371,593,2964
2357,607,2964
2351,613,2964
2347,617,2964
2333,631,2964
2311,653,2964
2287,677,2964
2281,683,2964
2273,691,2964
2237,727,2964
2221,743,2964
2213,751,2964
2207,757,2964
2203,761,2964
2153,811,2964
2143,821,2964
2141,823,2964
2137,827,2964
2111,853,2964
2087,877,2964
2083,881,2964
2081,883,2964
2053,911,2964
2027,937,2964
2017,947,2964
2011,953,2964
1997,967,2964
1993,971,2964
1987,977,2964
1973,991,2964
1951,1013,2964
1933,1031,2964
1931,1033,2964
1913,1051,2964
1901,1063,2964
1877,1087,2964
1873,1091,2964
1871,1093,2964
1867,1097,2964
1861,1103,2964
1847,1117,2964
1811,1153,2964
1801,1163,2964
1783,1181,2964
1777,1187,2964
1747,1217,2964
1741,1223,2964
1733,1231,2964
1667,1297,2964
1663,1301,2964
1657,1307,2964
1637,1327,2964
1597,1367,2964
1583,1381,2964
1531,1433,2964
1511,1453,2964
1493,1471,2964
1483,1481,2964
2963,3,2966
2953,13,2966
2887,79,2966
2857,109,2966
2803,163,2966
2767,199,2966
2689,277,2966
2683,283,2966
2659,307,2966
2617,349,2966
2593,373,2966
2557,409,2966
2503,463,2966
2467,499,2966
2389,577,2966
2347,619,2966
2293,673,2966
2239,727,2966
2179,787,2966
2143,823,2966
2137,829,2966
2113,853,2966
2089,877,2966
2083,883,2966
2029,937,2966
1999,967,2966
1933,1033,2966
1879,1087,2966
1873,1093,2966
1753,1213,2966
1669,1297,2966
1663,1303,2966
1567,1399,2966
1543,1423,2966
1483,1483,2966
2963,5,2968
2957,11,2968
2939,29,2968
2927,41,2968
2909,59,2968
2897,71,2968
2879,89,2968
2861,107,2968
2837,131,2968
2819,149,2968
2801,167,2968
2789,179,2968
2777,191,2968
2741,227,2968
2729,239,2968
2711,257,2968
2699,269,2968
2687,281,2968
2657,311,2968
2621,347,2968
2609,359,2968
2579,389,2968
2549,419,2968
2477,491,2968
2459,509,2968
2447,521,2968
2411,557,2968
2399,569,2968
2381,587,2968
2351,617,2968
2309,659,2968
2267,701,2968
2207,761,2968
2141,827,2968
2129,839,2968
2111,857,2968
2087,881,2968
2081,887,2968
2039,929,2968
2027,941,2968
1997,971,2968
1949,1019,2968
1907,1061,2968
1877,1091,2968
1871,1097,2968
1787,1181,2968
1709,1259,2968
1667,1301,2968
1607,1361,2968
1601,1367,2968
1559,1409,2968
1487,1481,2968
2963,7,2970
2957,13,2970
2953,17,2970
2939,31,2970
2927,43,2970
2917,53,2970
2909,61,2970
2903,67,2970
2897,73,2970
2887,83,2970
2861,109,2970
2857,113,2970
2843,127,2970
2833,137,2970
2819,151,2970
2803,167,2970
2797,173,2970
2791,179,2970
2789,181,2970
2777,193,2970
2741,229,2970
2731,239,2970
2729,241,2970
2719,251,2970
2713,257,2970
2707,263,2970
2699,271,2970
2693,277,2970
2689,281,2970
2687,283,2970
2677,293,2970
2663,307,2970
2659,311,2970
2657,313,2970
2633,337,2970
2621,349,2970
2617,353,2970
2591,379,2970
2551,419,2970
2549,421,2970
2539,431,2970
2531,439,2970
2521,449,2970
2503,467,2970
2467,503,2970
2447,523,2970
2423,547,2970
2399,571,2970
2393,577,2970
2383,587,2970
2377,593,2970
2371,599,2970
2357,613,2970
2351,619,2970
2339,631,2970
2311,659,2970
2309,661,2970
2297,673,2970
2293,677,2970
2287,683,2970
2269,701,2970
2251,719,2970
2243,727,2970
2237,733,2970
2213,757,2970
2161,809,2970
2143,827,2970
2141,829,2970
2131,839,2970
2113,857,2970
2111,859,2970
2089,881,2970
2087,883,2970
2083,887,2970
2063,907,2970
2029,941,2970
2017,953,2970
2003,967,2970
1999,971,2970
1993,977,2970
1987,983,2970
1979,991,2970
1973,997,2970
1951,1019,2970
1949,1021,2970
1931,1039,2970
1907,1063,2970
1901,1069,2970
1879,1091,2970
1877,1093,2970
1873,1097,2970
1867,1103,2970
1861,1109,2970
1847,1123,2970
1789,1181,2970
1783,1187,2970
1777,1193,2970
1753,1217,2970
1747,1223,2970
1741,1229,2970
1733,1237,2970
1721,1249,2970
1693,1277,2970
1669,1301,2970
1667,1303,2970
1663,1307,2970
1609,1361,2970
1597,1373,2970
1571,1399,2970
1543,1427,2970
1531,1439,2970
1523,1447,2970
1511,1459,2970
1499,1471,2970
1489,1481,2970
1487,1483,2970
2969,3,2972
2953,19,2972
2833,139,2972
2791,181,2972
2749,223,2972
2731,241,2972
2689,283,2972
2659,313,2972
2593,379,2972
2551,421,2972
2539,433,2972
2473,499,2972
2371,601,2972
2341,631,2972
2311,661,2972
2281,691,2972
2239,733,2972
2221,751,2972
2203,769,2972
2161,811,2972
2143,829,2972
2113,859,2972
2089,883,2972
2053,919,2972
1951,1021,2972
1933,1039,2972
1879,1093,2972
1801,1171,2972
1759,1213,2972
1741,1231,2972
1723,1249,2972
1693,1279,2972
1669,1303,2972
1549,1423,2972
1543,1429,2972
1489,1483,2972
2971,3,2974
2969,5,2974
2963,11,2974
2957,17,2974
2927,47,2974
2903,71,2974
2861,113,2974
2843,131,2974
2837,137,2974
2801,173,2974
2777,197,2974
2741,233,2974
2711,263,2974
2693,281,2974
2663,311,2974
2657,317,2974
2621,353,2974
2591,383,2974
2543,431,2974
2531,443,2974
2417,557,2974
2411,563,2974
2381,593,2974
2357,617,2974
2333,641,2974
2297,677,2974
2273,701,2974
2213,761,2974
2153,821,2974
2111,863,2974
2087,887,2974
2063,911,2974
2027,947,2974
2003,971,2974
1997,977,2974
1913,1061,2974
1877,1097,2974
1871,1103,2974
1823,1151,2974
1811,1163,2974
1787,1187,2974
1697,1277,2974
1667,1307,2974
1613,1361,2974
1607,1367,2974
1601,1373,2974
1523,1451,2974
1493,1481,2974
1487,1487,2974
2971,5,2976
2969,7,2976
2963,13,2976
2957,19,2976
2953,23,2976
2939,37,2976
2917,59,2976
2909,67,2976
2903,73,2976
2897,79,2976
2887,89,2976
2879,97,2976
2837,139,2976
2819,157,2976
2803,173,2976
2797,179,2976
2777,199,2976
2753,223,2976
2749,227,2976
2719,257,2976
2713,263,2976
2707,269,2976
2699,277,2976
2693,283,2976
2683,293,2976
2663,313,2976
2659,317,2976
2617,359,2976
2609,367,2976
2593,383,2976
2579,397,2976
2557,419,2976
2543,433,2976
2477,499,2976
2473,503,2976
2467,509,2976
2399,577,2976
2389,587,2976
2383,593,2976
2377,599,2976
2357,619,2976
2333,643,2976
2293,683,2976
2267,709,2976
2243,733,2976
2237,739,2976
2207,769,2976
2203,773,2976
2179,797,2976
2153,823,2976
2137,839,2976
2113,863,2976
2099,877,2976
2089,887,2976
2069,907,2976
2039,937,2976
2029,947,2976
1999,977,2976
1993,983,2976
1979,997,2976
1913,1063,2976
1907,1069,2976
1889,1087,2976
1879,1097,2976
1873,1103,2976
1867,1109,2976
1847,1129,2976
1823,1153,2976
1789,1187,2976
1783,1193,2976
1759,1217,2976
1753,1223,2976
1747,1229,2976
1699,1277,2976
1697,1279,2976
1693,1283,2976
1669,1307,2976
1657,1319,2976
1609,1367,2976
1567,1409,2976
1553,1423,2976
1549,1427,2976
1543,1433,2976
1523,1453,2976
1493,1483,2976
1489,1487,2976
2971,7,2978
2917,61,2978
2851,127,2978
2797,181,2978
2767,211,2978
2749,229,2978
2707,271,2978
2671,307,2978
2647,331,2978
2557,421,2978
2539,439,2978
2521,457,2978
2437,541,2978
2377,601,2978
2371,607,2978
2347,631,2978
2287,691,2978
2269,709,2978
2251,727,2978
2239,739,2978
2221,757,2978
2011,967,2978
1987,991,2978
1861,1117,2978
1777,1201,2978
1747,1231,2978
1741,1237,2978
1699,1279,2978
1657,1321,2978
1597,1381,2978
1579,1399,2978
1549,1429,2978
1531,1447,2978
1489,1489,2978
2969,11,2980
2963,17,2980
2957,23,2980
2939,41,2980
2927,53,2980
2909,71,2980
2897,83,2980
2879,101,2980
2843,137,2980
2801,179,2980
2789,191,2980
2753,227,2980
2741,239,2980
2729,251,2980
2711,269,2980
2699,281,2980
2687,293,2980
2663,317,2980
2633,347,2980
2621,359,2980
2591,389,2980
2579,401,2980
2549,431,2980
2531,449,2980
2477,503,2980
2459,521,2980
2423,557,2980
2417,563,2980
2411,569,2980
2393,587,2980
2381,599,2980
2339,641,2980
2333,647,2980
2297,683,2980
2237,743,2980
2207,773,2980
2153,827,2980
2141,839,2980
2099,881,2980
2069,911,2980
2039,941,2980
2027,953,2980
2003,977,2980
1997,983,2980
1949,1031,2980
1931,1049,2980
1889,1091,2980
1877,1103,2980
1871,1109,2980
1787,1193,2980
1721,1259,2980
1697,1283,2980
1619,1361,2980
1613,1367,2980
1607,1373,2980
1571,1409,2980
1553,1427,2980
1499,1481,2980
1493,1487,2980
2971,11,2982
2969,13,2982
2963,19,2982
2953,29,2982
2939,43,2982
2909,73,2982
2903,79,2982
2879,103,2982
2851,131,2982
2843,139,2982
2833,149,2982
2819,163,2982
2803,179,2982
2801,181,2982
2791,191,2982
2789,193,2982
2753,229,2982
2749,233,2982
2741,241,2982
2731,251,2982
2719,263,2982
2713,269,2982
2711,271,2982
2699,283,2982
2689,293,2982
2671,311,2982
2633,349,2982
2609,373,2982
2593,389,2982
2551,431,2982
2549,433,2982
2543,439,2982
2539,443,2982
2521,461,2982
2503,479,2982
2473,509,2982
2459,523,2982
2441,541,2982
2411,571,2982
2389,593,2982
2383,599,2982
2381,601,2982
2351,631,2982
2341,641,2982
2339,643,2982
2309,673,2982
2281,701,2982
2273,709,2982
2243,739,2982
2239,743,2982
2221,761,2982
2213,769,2982
2161,821,2982
2153,829,2982
2143,839,2982
2129,853,2982
2099,883,2982
2063,919,2982
2053,929,2982
2029,953,2982
2011,971,2982
1999,983,2982
1973,1009,2982
1951,1031,2982
1949,1033,2982
1933,1049,2982
1931,1051,2982
1913,1069,2982
1889,1093,2982
1879,1103,2982
1873,1109,2982
1831,1151,2982
1811,1171,2982
1801,1181,2982
1789,1193,2982
1759,1223,2982
1753,1229,2982
1733,1249,2982
1723,1259,2982
1699,1283,2982
1693,1289,2982
1663,1319,2982
1621,1361,2982
1609,1373,2982
1601,1381,2982
1583,1399,2982
1559,1423,2982
1553,1429,2982
1549,1433,2982
1543,1439,2982
1531,1451,2982
1523,1459,2982
1511,1471,2982
1499,1483,2982
1493,1489,2982
2971,13,2984
2953,31,2984
2917,67,2984
2887,97,2984
2857,127,2984
2833,151,2984
2803,181,2984
2791,193,2984
2713,271,2984
2707,277,2984
2677,307,2984
2671,313,2984
2647,337,2984
2617,367,2984
2551,433,2984
2521,463,2984
2437,547,2984
2383,601,2984
2377,607,2984
2371,613,2984
2341,643,2984
2311,673,2984
2293,691,2984
2251,733,2984
2161,823,2984
2131,853,2984
2017,967,2984
1993,991,2984
1987,997,2984
1951,1033,2984
1933,1051,2984
1867,1117,2984
1861,1123,2984
1831,1153,2984
1783,1201,2984
1753,1231,2984
1747,1237,2984
1693,1291,2984
1663,1321,2984
1657,1327,2984
1531,1453,2984
2969,17,2986
2963,23,2986
2957,29,2986
2939,47,2986
2927,59,2986
2903,83,2986
2897,89,2986
2879,107,2986
2837,149,2986
2819,167,2986
2789,197,2986
2753,233,2986
2729,257,2986
2693,293,2986
2633,353,2986
2543,443,2986
2477,509,2986
2423,563,2986
2417,569,2986
2399,587,2986
2393,593,2986
2339,647,2986
2333,653,2986
2309,677,2986
2267,719,2986
2243,743,2986
2213,773,2986
2129,857,2986
2099,887,2986
2039,947,2986
2003,983,2986
1973,1013,2986
1889,1097,2986
1877,1109,2986
1823,1163,2986
1709,1277,2986
1697,1289,2986
1667,1319,2986
1619,1367,2986
1613,1373,2986
1559,1427,2986
1553,1433,2986
1499,1487,2986
1493,1493,2986
2971,17,2988
2969,19,2988
2957,31,2988
2927,61,2988
2917,71,2988
2909,79,2988
2887,101,2988
2879,109,2988
2861,127,2988
2857,131,2988
2851,137,2988
2837,151,2988
2797,191,2988
2791,197,2988
2789,199,2988
2777,211,2988
2749,239,2988
2731,257,2988
2719,269,2988
2711,277,2988
2707,281,2988
2677,311,2988
2671,317,2988
2657,331,2988
2621,367,2988
2609,379,2988
2591,397,2988
2579,409,2988
2557,431,2988
2549,439,2988
2539,449,2988
2531,457,2988
2521,467,2988
2467,521,2988
2447,541,2988
2441,547,2988
2417,571,2988
2411,577,2988
2389,599,2988
2381,607,2988
2371,617,2988
2357,631,2988
2347,641,2988
2341,647,2988
2311,677,2988
2297,691,2988
2287,701,2988
2269,719,2988
2237,751,2988
2179,809,2988
2161,827,2988
2131,857,2988
2129,859,2988
2111,877,2988
2081,907,2988
2069,919,2988
2017,971,2988
2011,977,2988
1997,991,2988
1979,1009,2988
1949,1039,2988
1901,1087,2988
1879,1109,2988
1871,1117,2988
1801,1187,2988
1787,1201,2988
1759,1229,2988
1709,1279,2988
1699,1289,2988
1697,1291,2988
1669,1319,2988
1667,1321,2988
1627,1361,2988
1621,1367,2988
1607,1381,2988
1579,1409,2988
1559,1429,2988
1549,1439,2988
1499,1489,2988
2971,19,2990
2953,37,2990
2917,73,2990
2887,103,2990
2851,139,2990
2833,157,2990
2797,193,2990
2791,199,2990
2767,223,2990
2749,241,2990
2719,271,2990
2713,277,2990
2707,283,2990
2683,307,2990
2677,313,2990
2659,331,2990
2617,373,2990
2593,397,2990
2557,433,2990
2551,439,2990
2503,487,2990
2467,523,2990
2389,601,2990
2383,607,2990
2377,613,2990
2371,619,2990
2347,643,2990
2281,709,2990
2251,739,2990
2239,751,2990
2221,769,2990
2203,787,2990
2179,811,2990
2161,829,2990
2137,853,2990
2131,859,2990
2113,877,2990
2083,907,2990
2053,937,2990
1999,991,2990
1993,997,2990
1951,1039,2990
1873,1117,2990
1867,1123,2990
1861,1129,2990
1789,1201,2990
1777,1213,2990
1759,1231,2990
1753,1237,2990
1741,1249,2990
1699,1291,2990
1693,1297,2990
1669,1321,2990
1663,1327,2990
1609,1381,2990
1567,1423,2990
1543,1447,2990
1531,1459,2990
2969,23,2992
2963,29,2992
2939,53,2992
2909,83,2992
2903,89,2992
2879,113,2992
2861,131,2992
2843,149,2992
2819,173,2992
2801,191,2992
2753,239,2992
2741,251,2992
2729,263,2992
2711,281,2992
2699,293,2992
2633,359,2992
2609,383,2992
2591,401,2992
2549,443,2992
2543,449,2992
2531,461,2992
2423,569,2992
2399,593,2992
2393,599,2992
2351,641,2992
2339,653,2992
2333,659,2992
2309,683,2992
2273,719,2992
2153,839,2992
2129,863,2992
2111,881,2992
2081,911,2992
2063,929,2992
2039,953,2992
1979,1013,2992
1973,1019,2992
1931,1061,2992
1901,1091,2992
1889,1103,2992
1811,1181,2992
1733,1259,2992
1709,1283,2992
1619,1373,2992
1583,1409,2992
1559,1433,2992
1553,1439,2992
1511,1481,2992
1499,1493,2992
2971,23,2994
2963,31,2994
2957,37,2994
2953,41,2994
2927,67,2994
2897,97,2994
2887,107,2994
2857,137,2994
2843,151,2994
2837,157,2994
2803,191,2994
2801,193,2994
2797,197,2994
2767,227,2994
2753,241,2994
2731,263,2994
2713,281,2994
2711,283,2994
2687,307,2994
2683,311,2994
2677,317,2994
2663,331,2994
2657,337,2994
2647,347,2994
2621,373,2994
2593,401,2994
2551,443,2994
2531,463,2994
2503,491,2994
2473,521,2994
2447,547,2994
2437,557,2994
2423,571,2994
2417,577,2994
2393,601,2994
2381,613,2994
2377,617,2994
2351,643,2994
2347,647,2994
2341,653,2994
2333,661,2994
2311,683,2994
2293,701,2994
2267,727,2994
2251,743,2994
2243,751,2994
2237,757,2994
2221,773,2994
2207,787,2994
2141,853,2994
2137,857,2994
2131,863,2994
2113,881,2994
2111,883,2994
2087,907,2994
2083,911,2994
2053,941,2994
2027,967,2994
2017,977,2994
2011,983,2994
2003,991,2994
1997,997,2994
1973,1021,2994
1933,1061,2994
1931,1063,2994
1907,1087,2994
1901,1093,2994
1877,1117,2994
1871,1123,2994
1831,1163,2994
1823,1171,2994
1801,1193,2994
1777,1217,2994
1697,1297,2994
1693,1301,2994
1667,1327,2994
1627,1367,2994
1621,1373,2994
1613,1381,2994
1571,1423,2994
1567,1427,2994
1543,1451,2994
1523,1471,2994
1511,1483,2994
2953,43,2996
2917,79,2996
2887,109,2996
2857,139,2996
2833,163,2996
2803,193,2996
2797,199,2996
2767,229,2996
2719,277,2996
2713,283,2996
2689,307,2996
2683,313,2996
2659,337,2996
2647,349,2996
2617,379,2996
2557,439,2996
2539,457,2996
2473,523,2996
2389,607,2996
2383,613,2996
2377,619,2996
2287,709,2996
2269,727,2996
2239,757,2996
2143,853,2996
2137,859,2996
2113,883,2996
2089,907,2996
2029,967,2996
1999,997,2996
1987,1009,2996
1933,1063,2996
1879,1117,2996
1873,1123,2996
1867,1129,2996
1783,1213,2996
1759,1237,2996
1747,1249,2996
1699,1297,2996
1693,1303,2996
1669,1327,2996
1597,1399,2996
1567,1429,2996
1549,1447,2996
1543,1453,2996
2969,29,2998
2957,41,2998
2939,59,2998
2927,71,2998
2909,89,2998
2897,101,2998
2861,137,2998
2819,179,2998
2801,197,2998
2741,257,2998
2729,269,2998
2687,311,2998
2609,389,2998
2579,419,2998
2549,449,2998
2531,467,2998
2477,521,2998
2441,557,2998
2411,587,2998
2399,599,2998
2381,617,2998
2357,641,2998
2351,647,2998
2339,659,2998
2297,701,2998
2237,761,2998
2141,857,2998
2111,887,2998
2087,911,2998
2069,929,2998
2027,971,2998
1979,1019,2998
1949,1049,2998
1907,1091,2998
1901,1097,2998
1889,1109,2998
1847,1151,2998
1811,1187,2998
1721,1277,2998
1709,1289,2998
1697,1301,2998
1637,1361,2998
1571,1427,2998
1559,1439,2998
1511,1487,2998
1499,1499,2998
2971,29,3000
2969,31,3000
2963,37,3000
2957,43,3000
2953,47,3000
2939,61,3000
2927,73,3000
2917,83,3000
2903,97,3000
2897,103,3000
2887,113,3000
2861,139,3000
2851,149,3000
2843,157,3000
2837,163,3000
2833,167,3000
2819,181,3000
2803,197,3000
2801,199,3000
2789,211,3000
2777,223,3000
2767,233,3000
2749,251,3000
2731,269,3000
2729,271,3000
2719,281,3000
2707,293,3000
2693,307,3000
2689,311,3000
2687,313,3000
2683,317,3000
2663,337,3000
2647,353,3000
2633,367,3000
2621,379,3000
2617,383,3000
2591,409,3000
2579,421,3000
2557,443,3000
2551,449,3000
2543,457,3000
2539,461,3000
2521,479,3000
2477,523,3000
2459,541,3000
2437,563,3000
2423,577,3000
2399,601,3000
2393,607,3000
2383,617,3000
2381,619,3000
2357,643,3000
2347,653,3000
2341,659,3000
2339,661,3000
2309,691,3000
2281,719,3000
2273,727,3000
2267,733,3000
2243,757,3000
2239,761,3000
2213,787,3000
2203,797,3000
2179,821,3000
2161,839,3000
2143,857,3000
2141,859,3000
2137,863,3000
2113,887,3000
2089,911,3000
2081,919,3000
2063,937,3000
2053,947,3000
2029,971,3000
2017,983,3000
2003,997,3000
1987,1013,3000
1979,1021,3000
1951,1049,3000
1949,1051,3000
1931,1069,3000
1913,1087,3000
1907,1093,3000
1877,1123,3000
1871,1129,3000
1847,1153,3000
1787,1213,3000
1783,1217,3000
1777,1223,3000
1741,1259,3000
1723,1277,3000
1721,1279,3000
1709,1291,3000
1699,1301,3000
1697,1303,3000
1693,1307,3000
1627,1373,3000
1619,1381,3000
1601,1399,3000
1571,1429,3000
1567,1433,3000
1553,1447,3000
1549,1451,3000
1511,1489,3000
2999,3,3002
2971,31,3002
2851,151,3002
2803,199,3002
2791,211,3002
2731,271,3002
2719,283,3002
2689,313,3002
2671,331,3002
2593,409,3002
2539,463,3002
2503,499,3002
2389,613,3002
2383,619,3002
2371,631,3002
2341,661,3002
2311,691,3002
2293,709,3002
2269,733,3002
2251,751,3002
2179,823,3002
2143,859,3002
2083,919,3002
2011,991,3002
1993,1009,3002
1951,1051,3002
1933,1069,3002
1879,1123,3002
1873,1129,3002
1831,1171,3002
1801,1201,3002
1789,1213,3002
1753,1249,3002
1723,1279,3002
1699,1303,3002
1621,1381,3002
1579,1423,3002
1549,1453,3002
1543,1459,3002
1531,1471,3002
3001,3,3004
2999,5,3004
2963,41,3004
2957,47,3004
2903,101,3004
2897,107,3004
2837,167,3004
2777,227,3004
2753,251,3004
2741,263,3004
2711,293,3004
2693,311,3004
2687,317,3004
2657,347,3004
2621,383,3004
2543,461,3004
2447,557,3004
2441,563,3004
2417,587,3004
2411,593,3004
2357,647,3004
2351,653,3004
2243,761,3004
2207,797,3004
2141,863,3004
2063,941,3004
2027,977,3004
1973,1031,3004
1913,1091,3004
1907,1097,3004
1901,1103,3004
1823,1181,3004
1811,1193,3004
1787,1217,3004
1721,1283,3004
1697,1307,3004
1637,1367,3004
1571,1433,3004
1553,1451,3004
1523,1481,3004
1511,1493,3004
3001,5,3006
2999,7,3006
2969,37,3006
2963,43,3006
2953,53,3006
2939,67,3006
2927,79,3006
2917,89,3006
2909,97,3006
2903,103,3006
2897,109,3006
2879,127,3006
2857,149,3006
2843,163,3006
2833,173,3006
2777,229,3006
2767,239,3006
2749,257,3006
2729,277,3006
2713,293,3006
2699,307,3006
2693,313,3006
2689,317,3006
2659,347,3006
2657,349,3006
2647,359,3006
2633,373,3006
2617,389,3006
2609,397,3006
2557,449,3006
2549,457,3006
2543,463,3006
2539,467,3006
2503,503,3006
2459,547,3006
2437,569,3006
2399,607,3006
2393,613,3006
2389,617,3006
2347,659,3006
2333,673,3006
2297,709,3006
2287,719,3006
2273,733,3006
2267,739,3006
2237,769,3006
2179,827,3006
2153,853,3006
2143,863,3006
2129,877,3006
2099,907,3006
2087,919,3006
2069,937,3006
2053,953,3006
2039,967,3006
2029,977,3006
1997,1009,3006
1993,1013,3006
1987,1019,3006
1973,1033,3006
1913,1093,3006
1889,1117,3006
1877,1129,3006
1789,1217,3006
1783,1223,3006
1777,1229,3006
1747,1259,3006
1723,1283,3006
1709,1297,3006
1699,1307,3006
1607,1399,3006
1597,1409,3006
1583,1423,3006
1579,1427,3006
1567,1439,3006
1559,1447,3006
1553,1453,3006
1523,1483,3006
3001,7,3008
2971,37,3008
2857,151,3008
2851,157,3008
2797,211,3008
2767,241,3008
2731,277,3008
2677,331,3008
2671,337,3008
2659,349,3008
2551,457,3008
2521,487,3008
2467,541,3008
2437,571,3008
2389,619,3008
2377,631,3008
2347,661,3008
2281,727,3008
2269,739,3008
2251,757,3008
2239,769,3008
2221,787,3008
2179,829,3008
2131,877,3008
2089,919,3008
2017,991,3008
2011,997,3008
1999,1009,3008
1987,1021,3008
1879,1129,3008
1777,1231,3008
1759,1249,3008
1627,1381,3008
1609,1399,3008
1579,1429,3008
1549,1459,3008
2999,11,3010
2969,41,3010
2963,47,3010
2957,53,3010
2939,71,3010
2927,83,3010
2909,101,3010
2903,107,3010
2897,113,3010
2879,131,3010
2861,149,3010
2843,167,3010
2837,173,3010
2819,191,3010
2777,233,3010
2753,257,3010
2741,269,3010
2729,281,3010
2699,311,3010
2693,317,3010
2663,347,3010
2657,353,3010
2621,389,3010
2609,401,3010
2591,419,3010
2579,431,3010
2549,461,3010
2543,467,3010
2531,479,3010
2447,563,3010
2441,569,3010
2423,587,3010
2417,593,3010
2411,599,3010
2393,617,3010
2357,653,3010
2351,659,3010
2333,677,3010
2309,701,3010
2267,743,3010
2237,773,3010
2213,797,3010
2153,857,3010
2129,881,3010
2099,911,3010
2081,929,3010
2069,941,3010
2063,947,3010
2039,971,3010
2027,983,3010
1997,1013,3010
1979,1031,3010
1949,1061,3010
1913,1097,3010
1907,1103,3010
1901,1109,3010
1847,1163,3010
1823,1187,3010
1787,1223,3010
1733,1277,3010
1721,1289,3010
1709,1301,3010
1637,1373,3010
1601,1409,3010
1583,1427,3010
1571,1439,3010
1559,1451,3010
1523,1487,3010
1511,1499,3010
3001,11,3012
2999,13,3012
2971,41,3012
2969,43,3012
2953,59,3012
2939,73,3012
2909,103,3012
2903,109,3012
2861,151,3012
2833,179,3012
2819,193,3012
2801,211,3012
2789,223,3012
2749,263,3012
2741,271,3012
2731,281,3012
2729,283,3012
2719,293,3012
2699,313,3012
2663,349,3012
2659,353,3012
2633,379,3012
2593,419,3012
2591,421,3012
2579,433,3012
2551,461,3012
2549,463,3012
2521,491,3012
2503,509,3012
2441,571,3012
2411,601,3012
2399,613,3012
2393,619,3012
2381,631,3012
2371,641,3012
2351,661,3012
2339,673,3012
2311,701,3012
2293,719,3012
2273,739,3012
2269,743,3012
2251,761,3012
2243,769,3012
2239,773,3012
2203,809,3012
2153,859,3012
2131,881,3012
2129,883,3012
2083,929,3012
2029,983,3012
2003,1009,3012
1999,1013,3012
1993,1019,3012
1979,1033,3012
1973,1039,3012
1951,1061,3012
1949,1063,3012
1889,1123,3012
1861,1151,3012
1831,1181,3012
1811,1201,3012
1789,1223,3012
1783,1229,3012
1753,1259,3012
1733,1279,3012
1723,1289,3012
1721,1291,3012
1709,1303,3012
1693,1319,3012
1613,1399,3012
1583,1429,3012
1579,1433,3012
1559,1453,3012
1553,1459,3012
1531,1481,3012
1523,1489,3012
3011,3,3014
3001,13,3014
2971,43,3014
2953,61,3014
2917,97,3014
2887,127,3014
2857,157,3014
2851,163,3014
2833,181,3014
2803,211,3014
2791,223,3014
2731,283,3014
2707,307,3014
2683,331,3014
2677,337,3014
2647,367,3014
2617,397,3014
2593,421,3014
2557,457,3014
2551,463,3014
2473,541,3014
2467,547,3014
2437,577,3014
2383,631,3014
2371,643,3014
2341,673,3014
2287,727,3014
2281,733,3014
2203,811,3014
2161,853,3014
2137,877,3014
2131,883,3014
2017,997,3014
1993,1021,3014
1951,1063,3014
1861,1153,3014
1801,1213,3014
1783,1231,3014
1777,1237,3014
1723,1291,3014
1693,1321,3014
1567,1447,3014
1543,1471,3014
1531,1483,3014
3011,5,3016
2999,17,3016
2969,47,3016
2963,53,3016
2957,59,3016
2927,89,3016
2909,107,3016
2903,113,3016
2879,137,3016
2843,173,3016
2837,179,3016
2819,197,3016
2789,227,3016
2777,239,3016
2753,263,3016
2699,317,3016
2663,353,3016
2657,359,3016
2633,383,3016
2549,467,3016
2459,557,3016
2447,569,3016
2423,593,3016
2417,599,3016
2399,617,3016
2357,659,3016
2339,677,3016
2333,683,3016
2297,719,3016
2273,743,3016
2243,773,3016
2207,809,3016
2153,863,3016
2129,887,3016
2087,929,3016
2069,947,3016
2063,953,3016
2039,977,3016
2003,1013,3016
1997,1019,3016
1913,1103,3016
1907,1109,3016
1823,1193,3016
1787,1229,3016
1733,1283,3016
1709,1307,3016
1697,1319,3016
1607,1409,3016
1583,1433,3016
1523,1493,3016
3011,7,3018
3001,17,3018
2999,19,3018
2971,47,3018
2957,61,3018
2939,79,3018
2917,101,3018
2909,109,3018
2887,131,3018
2879,139,3018
2861,157,3018
2851,167,3018
2837,181,3018
2819,199,3018
2791,227,3018
2789,229,3018
2777,241,3018
2767,251,3018
2749,269,3018
2741,277,3018
2711,307,3018
2707,311,3018
2687,331,3018
2671,347,3018
2659,359,3018
2621,397,3018
2617,401,3018
2609,409,3018
2579,439,3018
2557,461,3018
2551,467,3018
2539,479,3018
2531,487,3018
2477,541,3018
2447,571,3018
2441,577,3018
2417,601,3018
2411,607,3018
2399,619,3018
2377,641,3018
2371,647,3018
2357,661,3018
2341,677,3018
2309,709,3018
2267,751,3018
2221,797,3018
2207,811,3018
2179,839,3018
2161,857,3018
2141,877,3018
2137,881,3018
2131,887,3018
2111,907,3018
2099,919,3018
2089,929,3018
2081,937,3018
2027,991,3018
1999,1019,3018
1997,1021,3018
1987,1031,3018
1979,1039,3018
1949,1069,3018
1931,1087,3018
1901,1117,3018
1889,1129,3018
1867,1151,3018
1847,1171,3018
1831,1187,3018
1801,1217,3018
1789,1229,3018
1787,1231,3018
1759,1259,3018
1741,1277,3018
1721,1297,3018
1699,1319,3018
1697,1321,3018
1657,1361,3018
1637,1381,3018
1619,1399,3018
1609,1409,3018
1579,1439,3018
1571,1447,3018
1567,1451,3018
1559,1459,3018
1531,1487,3018
3001,19,3020
2953,67,3020
2917,103,3020
2857,163,3020
2797,223,3020
2791,229,3020
2749,271,3020
2713,307,3020
2707,313,3020
2689,331,3020
2683,337,3020
2671,349,3020
2647,373,3020
2557,463,3020
2521,499,3020
2473,547,3020
2389,631,3020
2377,643,3020
2347,673,3020
2311,709,3020
2293,727,3020
2287,733,3020
2281,739,3020
2269,751,3020
2251,769,3020
2161,859,3020
2143,877,3020
2137,883,3020
2113,907,3020
2083,937,3020
2053,967,3020
2029,991,3020
2011,1009,3020
1999,1021,3020
1987,1033,3020
1951,1069,3020
1933,1087,3020
1867,1153,3020
1789,1231,3020
1783,1237,3020
1741,1279,3020
1723,1297,3020
1699,1321,3020
1693,1327,3020
1621,1399,3020
1597,1423,3020
1567,1453,3020
1549,1471,3020
1531,1489,3020
3019,3,3022
3011,11,3022
2999,23,3022
2969,53,3022
2963,59,3022
2939,83,3022
2909,113,3022
2843,179,3022
2789,233,3022
2753,269,3022
2741,281,3022
2729,293,3022
2711,311,3022
2663,359,3022
2633,389,3022
2621,401,3022
2591,431,3022
2579,443,3022
2543,479,3022
2531,491,3022
2459,563,3022
2423,599,3022
2381,641,3022
2339,683,3022
2213,809,3022
2141,881,3022
2111,911,3022
2081,941,3022
2069,953,3022
2039,983,3022
2003,1019,3022
1973,1049,3022
1931,1091,3022
1913,1109,3022
1871,1151,3022
1733,1289,3022
1721,1301,3022
1613,1409,3022
1583,1439,3022
1571,1451,3022
1523,1499,3022
1511,1511,3022
3019,5,3024
3011,13,3024
3001,23,3024
2971,53,3024
2963,61,3024
2957,67,3024
2953,71,3024
2927,97,3024
2917,107,3024
2897,127,3024
2887,137,3024
2861,163,3024
2857,167,3024
2851,173,3024
2843,181,3024
2833,191,3024
2801,223,3024
2797,227,3024
2791,233,3024
2767,257,3024
2753,271,3024
2741,283,3024
2731,293,3024
2713,311,3024
2711,313,3024
2707,317,3024
2693,331,3024
2687,337,3024
2677,347,3024
2671,353,3024
2657,367,3024
2593,431,3024
2591,433,3024
2557,467,3024
2521,503,3024
2503,521,3024
2477,547,3024
2467,557,3024
2447,577,3024
2437,587,3024
2423,601,3024
2417,607,3024
2411,613,3024
2393,631,3024
2383,641,3024
2381,643,3024
2377,647,3024
2371,653,3024
2351,673,3024
2347,677,3024
2341,683,3024
2333,691,3024
2297,727,3024
2281,743,3024
2273,751,3024
2267,757,3024
2251,773,3024
2237,787,3024
2213,811,3024
2203,821,3024
2161,863,3024
2143,881,3024
2141,883,3024
2137,887,3024
2113,911,3024
2087,937,3024
2083,941,3024
2053,971,3024
2027,997,3024
2011,1013,3024
2003,1021,3024
1993,1031,3024
1973,1051,3024
1933,1091,3024
1931,1093,3024
1907,1117,3024
1901,1123,3024
1873,1151,3024
1871,1153,3024
1861,1163,3024
1831,1193,3024
1823,1201,3024
1811,1213,3024
1801,1223,3024
1787,1237,3024
1747,1277,3024
1741,1283,3024
1733,1291,3024
1723,1301,3024
1721,1303,3024
1697,1327,3024
1663,1361,3024
1657,1367,3024
1601,1423,3024
1597,1427,3024
1571,1453,3024
1553,1471,3024
1543,1481,3024
1531,1493,3024
3023,3,3026
3019,7,3026
2953,73,3026
2917,109,3026
2887,139,3026
2833,193,3026
2803,223,3026
2797,229,3026
2749,277,3026
2719,307,3026
2713,313,3026
2689,337,3026
2677,349,3026
2659,367,3026
2647,379,3026
2617,409,3026
2593,433,3026
2539,487,3026
2503,523,3026
2383,643,3026
2293,733,3026
2287,739,3026
2269,757,3026
2239,787,3026
2203,823,3026
2143,883,3026
2089,937,3026
2029,997,3026
2017,1009,3026
1993,1033,3026
1987,1039,3026
1933,1093,3026
1873,1153,3026
1789,1237,3026
1777,1249,3026
1747,1279,3026
1723,1303,3026
1699,1327,3026
1627,1399,3026
1597,1429,3026
1579,1447,3026
1567,1459,3026
1543,1483,3026
3023,5,3028
3011,17,3028
2999,29,3028
2969,59,3028
2957,71,3028
2939,89,3028
2927,101,3028
2897,131,3028
2879,149,3028
2861,167,3028
2837,191,3028
2801,227,3028
2789,239,3028
2777,251,3028
2711,317,3028
2609,419,3028
2579,449,3028
2549,479,3028
2459,569,3028
2441,587,3028
2411,617,3028
2381,647,3028
2351,677,3028
2309,719,3028
2267,761,3028
2207,821,3028
2141,887,3028
2099,929,3028
2087,941,3028
2081,947,3028
1997,1031,3028
1979,1049,3028
1931,1097,3028
1877,1151,3028
1847,1181,3028
1811,1217,3028
1721,1307,3028
1709,1319,3028
1667,1361,3028
1619,1409,3028
1601,1427,3028
3023,7,3030
3019,11,3030
3011,19,3030
3001,29,3030
2999,31,3030
2971,59,3030
2969,61,3030
2963,67,3030
2957,73,3030
2927,103,3030
2917,113,3030
2903,127,3030
2879,151,3030
2857,173,3030
2851,179,3030
2837,193,3030
2833,197,3030
2819,211,3030
2803,227,3030
2801,229,3030
2797,233,3030
2791,239,3030
2789,241,3030
2767,263,3030
2753,277,3030
2749,281,3030
2719,311,3030
2713,317,3030
2699,331,3030
2693,337,3030
2683,347,3030
2677,353,3030
2671,359,3030
2663,367,3030
2657,373,3030
2647,383,3030
2633,397,3030
2621,409,3030
2609,421,3030
2591,439,3030
2551,479,3030
2543,487,3030
2539,491,3030
2531,499,3030
2521,509,3030
2473,557,3030
2467,563,3030
2459,571,3030
2437,593,3030
2423,607,3030
2417,613,3030
2411,619,3030
2399,631,3030
2389,641,3030
2383,647,3030
2377,653,3030
2371,659,3030
2357,673,3030
2347,683,3030
2339,691,3030
2311,719,3030
2297,733,3030
2287,743,3030
2273,757,3030
2269,761,3030
2243,787,3030
2221,809,3030
2207,823,3030
2203,827,3030
2153,877,3030
2143,887,3030
2111,919,3030
2089,941,3030
2083,947,3030
2063,967,3030
2053,977,3030
2039,991,3030
2017,1013,3030
2011,1019,3030
1999,1031,3030
1997,1033,3030
1979,1051,3030
1933,1097,3030
1913,1117,3030
1907,1123,3030
1901,1129,3030
1879,1151,3030
1877,1153,3030
1867,1163,3030
1801,1229,3030
1753,1277,3030
1747,1283,3030
1741,1289,3030
1733,1297,3030
1723,1307,3030
1709,1321,3030
1669,1361,3030
1663,1367,3030
1657,1373,3030
1621,1409,3030
1607,1423,3030
1601,1429,3030
1597,1433,3030
1583,1447,3030
1579,1451,3030
1571,1459,3030
1559,1471,3030
1549,1481,3030
1543,1487,3030
1531,1499,3030
3019,13,3032
3001,31,3032
2971,61,3032
2953,79,3032
2851,181,3032
2833,199,3032
2803,229,3032
2791,241,3032
2749,283,3032
2719,313,3032
2683,349,3032
2659,373,3032
2593,439,3032
2389,643,3032
2371,661,3032
2341,691,3032
2293,739,3032
2281,751,3032
2221,811,3032
2203,829,3032
2179,853,3032
2113,919,3032
2011,1021,3032
1999,1033,3032
1993,1039,3032
1879,1153,3032
1861,1171,3032
1831,1201,3032
1801,1231,3032
1783,1249,3032
1753,1279,3032
1741,1291,3032
1609,1423,3032
1579,1453,3032
1549,1483,3032
1543,1489,3032
3023,11,3034
3011,23,3034
2963,71,3034
2927,107,3034
2903,131,3034
2897,137,3034
2861,173,3034
2843,191,3034
2837,197,3034
2801,233,3034
2777,257,3034
2753,281,3034
2741,293,3034
2687,347,3034
2633,401,3034
2591,443,3034
2543,491,3034
2531,503,3034
2477,557,3034
2447,587,3034
2441,593,3034
2417,617,3034
2393,641,3034
2381,653,3034
2357,677,3034
2351,683,3034
2333,701,3034
2273,761,3034
2237,797,3034
2213,821,3034
2207,827,3034
2153,881,3034
2087,947,3034
2081,953,3034
2063,971,3034
2003,1031,3034
1973,1061,3034
1931,1103,3034
1871,1163,3034
1847,1187,3034
1811,1223,3034
1733,1301,3034
1667,1367,3034
1607,1427,3034
1601,1433,3034
1583,1451,3034
1553,1481,3034
1523,1511,3034
3023,13,3036
3019,17,3036
2999,37,3036
2969,67,3036
2963,73,3036
2957,79,3036
2953,83,3036
2939,97,3036
2927,109,3036
2909,127,3036
2897,139,3036
2887,149,3036
2879,157,3036
2857,179,3036
2843,193,3036
2837,199,3036
2803,233,3036
2797,239,3036
2767,269,3036
2753,283,3036
2729,307,3036
2719,317,3036
2699,337,3036
2689,347,3036
2687,349,3036
2683,353,3036
2677,359,3036
2663,373,3036
2657,379,3036
2647,389,3036
2617,419,3036
2593,443,3036
2579,457,3036
2557,479,3036
2549,487,3036
2473,563,3036
2467,569,3036
2459,577,3036
2437,599,3036
2423,613,3036
2417,619,3036
2393,643,3036
2389,647,3036
2383,653,3036
2377,659,3036
2309,727,3036
2297,739,3036
2293,743,3036
2267,769,3036
2239,797,3036
2213,823,3036
2207,829,3036
2179,857,3036
2153,883,3036
2129,907,3036
2099,937,3036
2089,947,3036
2083,953,3036
2069,967,3036
2053,983,3036
2039,997,3036
2027,1009,3036
2017,1019,3036
2003,1033,3036
1997,1039,3036
1987,1049,3036
1973,1063,3036
1949,1087,3036
1933,1103,3036
1913,1123,3036
1907,1129,3036
1873,1163,3036
1823,1213,3036
1787,1249,3036
1777,1259,3036
1759,1277,3036
1753,1283,3036
1747,1289,3036
1733,1303,3036
1709,1327,3036
1669,1367,3036
1663,1373,3036
1637,1399,3036
1627,1409,3036
1613,1423,3036
1609,1427,3036
1607,1429,3036
1597,1439,3036
1583,1453,3036
1553,1483,3036
1549,1487,3036
1543,1493,3036
3019,19,3038
3001,37,3038
2971,67,3038
2887,151,3038
2857,181,3038
2797,241,3038
2767,271,3038
2731,307,3038
2707,331,3038
2689,349,3038
2671,367,3038
2659,379,3038
2617,421,3038
2551,487,3038
2539,499,3038
2467,571,3038
2437,601,3038
2377,661,3038
2347,691,3038
2311,727,3038
2287,751,3038
2281,757,3038
2269,769,3038
2251,787,3038
2179,859,3038
2161,877,3038
2131,907,3038
2029,1009,3038
2017,1021,3038
1999,1039,3038
1987,1051,3038
1951,1087,3038
1867,1171,3038
1801,1237,3038
1789,1249,3038
1759,1279,3038
1747,1291,3038
1741,1297,3038
1657,1381,3038
1609,1429,3038
1579,1459,3038
1567,1471,3038
1549,1489,3038
3037,3,3040
3023,17,3040
3011,29,3040
2999,41,3040
2969,71,3040
2957,83,3040
2939,101,3040
2927,113,3040
2909,131,3040
2903,137,3040
2861,179,3040
2843,197,3040
2801,239,3040
2789,251,3040
2777,263,3040
2729,311,3040
2693,347,3040
2687,353,3040
2657,383,3040
2621,419,3040
2609,431,3040
2591,449,3040
2579,461,3040
2549,491,3040
2531,509,3040
2477,563,3040
2447,593,3040
2441,599,3040
2423,617,3040
2399,641,3040
2393,647,3040
2381,659,3040
2357,683,3040
2339,701,3040
2297,743,3040
2267,773,3040
2243,797,3040
2213,827,3040
2153,887,3040
2129,911,3040
2111,929,3040
2099,941,3040
2087,953,3040
2069,971,3040
2063,977,3040
2027,1013,3040
1979,1061,3040
1949,1091,3040
1931,1109,3040
1889,1151,3040
1877,1163,3040
1847,1193,3040
1823,1217,3040
1811,1229,3040
1733,1307,3040
1721,1319,3040
1667,1373,3040
1613,1427,3040
1607,1433,3040
1601,1439,3040
1559,1481,3040
1553,1487,3040
3037,5,3042
3023,19,3042
3019,23,3042
3011,31,3042
3001,41,3042
2999,43,3042
2971,71,3042
2969,73,3042
2963,79,3042
2953,89,3042
2939,103,3042
2903,139,3042
2879,163,3042
2861,181,3042
2851,191,3042
2843,199,3042
2819,223,3042
2803,239,3042
2801,241,3042
2791,251,3042
2749,293,3042
2731,311,3042
2729,313,3042
2711,331,3042
2693,349,3042
2689,353,3042
2683,359,3042
2663,379,3042
2659,383,3042
2633,409,3042
2621,421,3042
2609,433,3042
2593,449,3042
2579,463,3042
2551,491,3042
2543,499,3042
2539,503,3042
2521,521,3042
2473,569,3042
2441,601,3042
2423,619,3042
2411,631,3042
2399,643,3042
2389,653,3042
2383,659,3042
2381,661,3042
2351,691,3042
2341,701,3042
2333,709,3042
2309,733,3042
2281,761,3042
2273,769,3042
2269,773,3042
2221,821,3042
2213,829,3042
2203,839,3042
2179,863,3042
2161,881,3042
2131,911,3042
2113,929,3042
2089,953,3042
2029,1013,3042
2011,1031,3042
2003,1039,3042
1993,1049,3042
1979,1063,3042
1973,1069,3042
1951,1091,3042
1949,1093,3042
1933,1109,3042
1913,1129,3042
1889,1153,3042
1879,1163,3042
1871,1171,3042
1861,1181,3042
1811,1231,3042
1783,1259,3042
1759,1283,3042
1753,1289,3042
1741,1301,3042
1723,1319,3042
1721,1321,3042
1669,1373,3042
1619,1423,3042
1613,1429,3042
1609,1433,3042
1583,1459,3042
1571,1471,3042
1559,1483,3042
1553,1489,3042
1549,1493,3042
1543,1499,3042
1531,1511,3042
3041,3,3044
3037,7,3044
3001,43,3044
2971,73,3044
2917,127,3044
2887,157,3044
2851,193,3044
2833,211,3044
2803,241,3044
2767,277,3044
2731,313,3044
2713,331,3044
2707,337,3044
2677,367,3044
2671,373,3044
2647,397,3044
2557,487,3044
2521,523,3044
2503,541,3044
2473,571,3044
2467,577,3044
2437,607,3044
2383,661,3044
2371,673,3044
2311,733,3044
2293,751,3044
2287,757,3044
2221,823,3044
2161,883,3044
2137,907,3044
2053,991,3044
2011,1033,3044
1993,1051,3044
1951,1093,3044
1873,1171,3044
1831,1213,3044
1753,1291,3044
1747,1297,3044
1741,1303,3044
1723,1321,3044
1663,1381,3044
1621,1423,3044
1597,1447,3044
3041,5,3046
3023,23,3046
2999,47,3046
2963,83,3046
2957,89,3046
2939,107,3046
2909,137,3046
2897,149,3046
2879,167,3046
2819,227,3046
2789,257,3046
2777,269,3046
2753,293,3046
2729,317,3046
2699,347,3046
2693,353,3046
2687,359,3046
2663,383,3046
2657,389,3046
2579,467,3046
2543,503,3046
2477,569,3046
2459,587,3046
2447,599,3046
2399,647,3046
2393,653,3046
2273,773,3046
2237,809,3046
2207,839,3046
2099,947,3046
2069,977,3046
2063,983,3046
2027,1019,3046
1997,1049,3046
1949,1097,3046
1823,1223,3046
1787,1259,3046
1637,1409,3046
1619,1427,3046
1613,1433,3046
1607,1439,3046
1559,1487,3046
1553,1493,3046
1523,1523,3046
3041,7,3048
3037,11,3048
3019,29,3048
3011,37,3048
3001,47,3048
2969,79,3048
2939,109,3048
2917,131,3048
2909,139,3048
2897,151,3048
2857,191,3048
2851,197,3048
2837,211,3048
2819,229,3048
2797,251,3048
2791,257,3048
2777,271,3048
2767,281,3048
2741,307,3048
2731,317,3048
2711,337,3048
2699,349,3048
2689,359,3048
2659,389,3048
2647,401,3048
2617,431,3048
2609,439,3048
2591,457,3048
2557,491,3048
2549,499,3048
2539,509,3048
2477,571,3048
2447,601,3048
2441,607,3048
2417,631,3048
2389,659,3048
2371,677,3048
2357,691,3048
2347,701,3048
2339,709,3048
2309,739,3048
2297,751,3048
2287,761,3048
2251,797,3048
2239,809,3048
2237,811,3048
2221,827,3048
2161,887,3048
2141,907,3048
2137,911,3048
2129,919,3048
2111,937,3048
2081,967,3048
2039,1009,3048
2029,1019,3048
2027,1021,3048
2017,1031,3048
1999,1049,3048
1997,1051,3048
1987,1061,3048
1979,1069,3048
1951,1097,3048
1931,1117,3048
1877,1171,3048
1867,1181,3048
1861,1187,3048
1847,1201,3048
1831,1217,3048
1811,1237,3048
1789,1259,3048
1759,1289,3048
1747,1301,3048
1741,1307,3048
1721,1327,3048
1667,1381,3048
1621,1427,3048
1619,1429,3048
1609,1439,3048
1601,1447,3048
1597,1451,3048
1567,1481,3048
1559,1489,3048
1549,1499,3048
3037,13,3050
3019,31,3050
2971,79,3050
2953,97,3050
2887,163,3050
2857,193,3050
2851,199,3050
2767,283,3050
2719,331,3050
2713,337,3050
2683,367,3050
2677,373,3050
2671,379,3050
2617,433,3050
2593,457,3050
2551,499,3050
2503,547,3050
2473,577,3050
2437,613,3050
2389,661,3050
2377,673,3050
2341,709,3050
2311,739,3050
2293,757,3050
2281,769,3050
2239,811,3050
2221,829,3050
2143,907,3050
2131,919,3050
2113,937,3050
2083,967,3050
2053,997,3050
2029,1021,3050
2017,1033,3050
2011,1039,3050
1999,1051,3050
1987,1063,3050
1933,1117,3050
1879,1171,3050
1801,1249,3050
1759,1291,3050
1753,1297,3050
1747,1303,3050
1723,1327,3050
1669,1381,3050
1627,1423,3050
1621,1429,3050
1597,1453,3050
1579,1471,3050
1567,1483,3050
3049,3,3052
3041,11,3052
3023,29,3052
3011,41,3052
2999,53,3052
2969,83,3052
2963,89,3052
2939,113,3052
2903,149,3052
2879,173,3052
2861,191,3052
2819,233,3052
2801,251,3052
2789,263,3052
2741,311,3052
2699,353,3052
2693,359,3052
2663,389,3052
2633,419,3052
2621,431,3052
2609,443,3052
2591,461,3052
2549,503,3052
2543,509,3052
2531,521,3052
2459,593,3052
2411,641,3052
2399,653,3052
2393,659,3052
2351,701,3052
2333,719,3052
2309,743,3052
2243,809,3052
2213,839,3052
2141,911,3052
2111,941,3052
2099,953,3052
2081,971,3052
2069,983,3052
2039,1013,3052
2003,1049,3052
1949,1103,3052
1901,1151,3052
1889,1163,3052
1871,1181,3052
1823,1229,3052
1733,1319,3052
1619,1433,3052
1613,1439,3052
1601,1451,3052
1571,1481,3052
1559,1493,3052
1553,1499,3052
3049,5,3054
3041,13,3054
3037,17,3054
3023,31,3054
3011,43,3054
3001,53,3054
2971,83,3054
2957,97,3054
2953,101,3054
2927,127,3054
2917,137,3054
2903,151,3054
2897,157,3054
2887,167,3054
2861,193,3054
2857,197,3054
2843,211,3054
2803,251,3054
2797,257,3054
2791,263,3054
2777,277,3054
2741,313,3054
2707,347,3054
2687,367,3054
2671,383,3054
2657,397,3054
2633,421,3054
2621,433,3054
2593,461,3054
2591,463,3054
2551,503,3054
2531,523,3054
2477,577,3054
2467,587,3054
2447,607,3054
2441,613,3054
2437,617,3054
2423,631,3054
2411,643,3054
2393,661,3054
2381,673,3054
2377,677,3054
2371,683,3054
2311,743,3054
2297,757,3054
2293,761,3054
2281,773,3054
2267,787,3054
2243,811,3054
2143,911,3054
2113,941,3054
2087,967,3054
2083,971,3054
2063,991,3054
2003,1051,3054
1993,1061,3054
1951,1103,3054
1931,1123,3054
1901,1153,3054
1873,1181,3054
1867,1187,3054
1861,1193,3054
1831,1223,3054
1823,1231,3054
1777,1277,3054
1753,1301,3054
1747,1307,3054
1733,1321,3054
1693,1361,3054
1627,1427,3054
1621,1433,3054
1607,1447,3054
1601,1453,3054
1583,1471,3054
1571,1483,3054
1567,1487,3054
1543,1511,3054
1531,1523,3054
3049,7,3056
3037,19,3056
3019,37,3056
2953,103,3056
2917,139,3056
2857,199,3056
2833,223,3056
2749,307,3056
2719,337,3056
2707,349,3056
2689,367,3056
2683,373,3056
2677,379,3056
2659,397,3056
2647,409,3056
2617,439,3056
2593,463,3056
2557,499,3056
2437,619,3056
2383,673,3056
2347,709,3056
2287,769,3056
2269,787,3056
2203,853,3056
2179,877,3056
2137,919,3056
2089,967,3056
2017,1039,3056
1993,1063,3056
1987,1069,3056
1933,1123,3056
1777,1279,3056
1759,1297,3056
1753,1303,3056
1657,1399,3056
1627,1429,3056
1609,1447,3056
1597,1459,3056
1567,1489,3056
3041,17,3058
3011,47,3058
2999,59,3058
2969,89,3058
2957,101,3058
2927,131,3058
2909,149,3058
2879,179,3058
2861,197,3058
2819,239,3058
2801,257,3058
2789,269,3058
2777,281,3058
2741,317,3058
2711,347,3058
2699,359,3058
2657,401,3058
2609,449,3058
2591,467,3058
2579,479,3058
2549,509,3058
2459,599,3058
2441,617,3058
2417,641,3058
2411,647,3058
2399,659,3058
2381,677,3058
2357,701,3058
2339,719,3058
2297,761,3058
2237,821,3058
2129,929,3058
2111,947,3058
2087,971,3058
2081,977,3058
2039,1019,3058
2027,1031,3058
1997,1061,3058
1949,1109,3058
1907,1151,3058
1877,1181,3058
1871,1187,3058
1697,1361,3058
1619,1439,3058
1607,1451,3058
1571,1487,3058
1559,1499,3058
3049,11,3060
3041,19,3060
3037,23,3060
3023,37,3060
3019,41,3060
3001,59,3060
2999,61,3060
2971,89,3060
2963,97,3060
2957,103,3060
2953,107,3060
2909,151,3060
2903,157,3060
2897,163,3060
2887,173,3060
2879,181,3060
2861,199,3060
2837,223,3060
2833,227,3060
2819,241,3060
2803,257,3060
2797,263,3060
2791,269,3060
2789,271,3060
2777,283,3060
2767,293,3060
2753,307,3060
2749,311,3060
2729,331,3060
2713,347,3060
2711,349,3060
2707,353,3060
2693,367,3060
2687,373,3060
2677,383,3060
2671,389,3060
2663,397,3060
2659,401,3060
2621,439,3060
2617,443,3060
2593,467,3060
2557,503,3060
2551,509,3060
2539,521,3060
2503,557,3060
2473,587,3060
2467,593,3060
2459,601,3060
2447,613,3060
2441,619,3060
2417,643,3060
2399,661,3060
2383,677,3060
2377,683,3060
2351,709,3060
2341,719,3060
2333,727,3060
2309,751,3060
2287,773,3060
2273,787,3060
2251,809,3060
2239,821,3060
2237,823,3060
2221,839,3060
2207,853,3060
2203,857,3060
2179,881,3060
2153,907,3060
2141,919,3060
2131,929,3060
2113,947,3060
2089,971,3060
2083,977,3060
2069,991,3060
2063,997,3060
2039,1021,3060
2029,1031,3060
2027,1033,3060
2011,1049,3060
1999,1061,3060
1997,1063,3060
1973,1087,3060
1951,1109,3060
1931,1129,3060
1907,1153,3060
1889,1171,3060
1879,1181,3060
1873,1187,3060
1867,1193,3060
1847,1213,3060
1831,1229,3060
1823,1237,3060
1811,1249,3060
1801,1259,3060
1783,1277,3060
1777,1283,3060
1759,1301,3060
1753,1307,3060
1741,1319,3060
1733,1327,3060
1699,1361,3060
1693,1367,3060
1637,1423,3060
1627,1433,3060
1621,1439,3060
1613,1447,3060
1609,1451,3060
1607,1453,3060
1601,1459,3060
1579,1481,3060
1571,1489,3060
1567,1493,3060
1549,1511,3060
3049,13,3062
3019,43,3062
3001,61,3062
2953,109,3062
2851,211,3062
2833,229,3062
2791,271,3062
2749,313,3062
2731,331,3062
2713,349,3062
2689,373,3062
2683,379,3062
2539,523,3062
2521,541,3062
2389,673,3062
2371,691,3062
2311,751,3062
2293,769,3062
2251,811,3062
2239,823,3062
2203,859,3062
2179,883,3062
2143,919,3062
2053,1009,3062
2029,1033,3062
2011,1051,3062
1999,1063,3062
1993,1069,3062
1933,1129,3062
1861,1201,3062
1831,1231,3062
1783,1279,3062
1759,1303,3062
1741,1321,3062
1663,1399,3062
1609,1453,3062
1579,1483,3062
1531,1531,3062
3061,3,3064
3041,23,3064
3023,41,3064
3011,53,3064
2963,101,3064
2957,107,3064
2927,137,3064
2897,167,3064
2837,227,3064
2801,263,3064
2753,311,3064
2711,353,3064
2663,401,3064
2633,431,3064
2621,443,3064
2543,521,3064
2477,587,3064
2447,617,3064
2423,641,3064
2417,647,3064
2411,653,3064
2381,683,3064
2267,797,3064
2243,821,3064
2237,827,3064
2207,857,3064
2153,911,3064
2111,953,3064
2087,977,3064
2081,983,3064
2003,1061,3064
1973,1091,3064
1913,1151,3064
1901,1163,3064
1877,1187,3064
1871,1193,3064
1847,1217,3064
1787,1277,3064
1697,1367,3064
1637,1427,3064
1613,1451,3064
1583,1481,3064
1571,1493,3064
1553,1511,3064
3061,5,3066
3049,17,3066
3037,29,3066
3023,43,3066
3019,47,3066
2999,67,3066
2969,97,3066
2963,103,3066
2957,109,3066
2953,113,3066
2939,127,3066
2927,139,3066
2917,149,3066
2909,157,3066
2903,163,3066
2887,179,3066
2843,223,3066
2837,229,3066
2833,233,3066
2803,263,3066
2797,269,3066
2789,277,3066
2753,313,3066
2749,317,3066
2729,337,3066
2719,347,3066
2713,353,3066
2707,359,3066
2699,367,3066
2693,373,3066
2687,379,3066
2683,383,3066
2677,389,3066
2657,409,3066
2647,419,3066
2633,433,3066
2617,449,3066
2609,457,3066
2579,487,3066
2557,509,3066
2543,523,3066
2503,563,3066
2473,593,3066
2467,599,3066
2459,607,3066
2447,619,3066
2423,643,3066
2393,673,3066
2389,677,3066
2383,683,3066
2357,709,3066
2347,719,3066
2339,727,3066
2333,733,3066
2309,757,3066
2297,769,3066
2293,773,3066
2269,797,3066
2243,823,3066
2239,827,3066
2237,829,3066
2213,853,3066
2207,859,3066
2203,863,3066
2179,887,3066
2137,929,3066
2129,937,3066
2113,953,3066
2099,967,3066
2089,977,3066
2083,983,3066
2069,997,3066
2053,1013,3066
2027,1039,3066
2017,1049,3066
2003,1063,3066
1997,1069,3066
1979,1087,3066
1973,1093,3066
1949,1117,3066
1913,1153,3066
1879,1187,3066
1873,1193,3066
1789,1277,3066
1787,1279,3066
1783,1283,3066
1777,1289,3066
1759,1307,3066
1747,1319,3066
1699,1367,3066
1693,1373,3066
1667,1399,3066
1657,1409,3066
1637,1429,3066
1627,1439,3066
1619,1447,3066
1613,1453,3066
1607,1459,3066
1583,1483,3066
1579,1487,3066
1567,1499,3066
1543,1523,3066
3061,7,3068
3049,19,3068
3037,31,3068
3001,67,3068
2971,97,3068
2917,151,3068
2887,181,3068
2857,211,3068
2797,271,3068
2791,277,3068
2731,337,3068
2719,349,3068
2689,379,3068
2671,397,3068
2659,409,3068
2647,421,3068
2521,547,3068
2467,601,3068
2437,631,3068
2377,691,3068
2341,727,3068
2311,757,3068
2281,787,3068
2239,829,3068
2161,907,3068
2131,937,3068
2029,1039,3068
2017,1051,3068
1999,1069,3068
1951,1117,3068
1867,1201,3068
1831,1237,3068
1789,1279,3068
1777,1291,3068
1747,1321,3068
1741,1327,3068
1669,1399,3068
1621,1447,3068
1609,1459,3068
1597,1471,3068
1579,1489,3068
3067,3,3070
3041,29,3070
3023,47,3070
3011,59,3070
2999,71,3070
2969,101,3070
2963,107,3070
2957,113,3070
2939,131,3070
2903,167,3070
2897,173,3070
2879,191,3070
2843,227,3070
2837,233,3070
2819,251,3070
2801,269,3070
2789,281,3070
2777,293,3070
2753,317,3070
2711,359,3070
2687,383,3070
2621,449,3070
2609,461,3070
2591,479,3070
2579,491,3070
2549,521,3070
2477,593,3070
2423,647,3070
2417,653,3070
2411,659,3070
2393,677,3070
2351,719,3070
2309,761,3070
2297,773,3070
2273,797,3070
2243,827,3070
2213,857,3070
2207,863,3070
2141,929,3070
2129,941,3070
2099,971,3070
2087,983,3070
2039,1031,3070
1979,1091,3070
1973,1097,3070
1907,1163,3070
1889,1181,3070
1877,1193,3070
1847,1223,3070
1811,1259,3070
1787,1283,3070
1709,1361,3070
1697,1373,3070
1637,1433,3070
1619,1451,3070
1583,1487,3070
1571,1499,3070
1559,1511,3070
3067,5,3072
3061,11,3072
3049,23,3072
3041,31,3072
3019,53,3072
3011,61,3072
3001,71,3072
2999,73,3072
2971,101,3072
2969,103,3072
2963,109,3072
2909,163,3072
2879,193,3072
2861,211,3072
2843,229,3072
2833,239,3072
2803,269,3072
2801,271,3072
2791,281,3072
2789,283,3072
2741,331,3072
2719,353,3072
2713,359,3072
2699,373,3072
2693,379,3072
2689,383,3072
2683,389,3072
2671,401,3072
2663,409,3072
2633,439,3072
2609,463,3072
2593,479,3072
2551,521,3072
2549,523,3072
2531,541,3072
2503,569,3072
2473,599,3072
2459,613,3072
2441,631,3072
2411,661,3072
2399,673,3072
2389,683,3072
2381,691,3072
2371,701,3072
2339,733,3072
2333,739,3072
2311,761,3072
2251,821,3072
2243,829,3072
2213,859,3072
2161,911,3072
2153,919,3072
2143,929,3072
2131,941,3072
2089,983,3072
2081,991,3072
2063,1009,3072
2053,1019,3072
2039,1033,3072
2011,1061,3072
2003,1069,3072
1979,1093,3072
1949,1123,3072
1901,1171,3072
1879,1193,3072
1871,1201,3072
1823,1249,3072
1789,1283,3072
1783,1289,3072
1753,1319,3072
1699,1373,3072
1663,1409,3072
1621,1451,3072
1619,1453,3072
1613,1459,3072
1601,1471,3072
1583,1489,3072
1579,1493,3072
1549,1523,3072
3067,7,3074
3061,13,3074
3037,37,3074
3001,73,3074
2971,103,3074
2917,157,3074
2851,223,3074
2833,241,3074
2803,271,3074
2797,277,3074
2791,283,3074
2767,307,3074
2707,367,3074
2677,397,3074
2617,457,3074
2551,523,3074
2503,571,3074
2473,601,3074
2467,607,3074
2383,691,3074
2347,727,3074
2341,733,3074
2287,787,3074
2251,823,3074
2221,853,3074
2137,937,3074
2083,991,3074
2053,1021,3074
2011,1063,3074
1987,1087,3074
1951,1123,3074
1873,1201,3074
1861,1213,3074
1783,1291,3074
1777,1297,3074
1753,1321,3074
1747,1327,3074
1693,1381,3074
1627,1447,3074
1621,1453,3074
1543,1531,3074
3023,53,3076
2969,107,3076
2963,113,3076
2939,137,3076
2927,149,3076
2909,167,3076
2903,173,3076
2897,179,3076
2879,197,3076
2843,233,3076
2837,239,3076
2819,257,3076
2729,347,3076
2693,383,3076
2687,389,3076
2657,419,3076
2633,443,3076
2609,467,3076
2477,599,3076
2459,617,3076
2423,653,3076
2417,659,3076
2399,677,3076
2393,683,3076
2357,719,3076
2333,743,3076
2267,809,3076
2237,839,3076
2213,863,3076
2129,947,3076
2099,977,3076
2063,1013,3076
2027,1049,3076
1979,1097,3076
1973,1103,3076
1913,1163,3076
1889,1187,3076
1847,1229,3076
1787,1289,3076
1709,1367,3076
1667,1409,3076
1637,1439,3076
1583,1493,3076
1553,1523,3076
3067,11,3078
3061,17,3078
3049,29,3078
3041,37,3078
3037,41,3078
3019,59,3078
3011,67,3078
2999,79,3078
2971,107,3078
2969,109,3078
2939,139,3078
2927,151,3078
2897,181,3078
2887,191,3078
2879,199,3078
2851,227,3078
2837,241,3078
2801,277,3078
2797,281,3078
2767,311,3078
2741,337,3078
2731,347,3078
2729,349,3078
2719,359,3078
2711,367,3078
2699,379,3078
2689,389,3078
2677,401,3078
2659,419,3078
2657,421,3078
2647,431,3078
2621,457,3078
2617,461,3078
2591,487,3078
2579,499,3078
2557,521,3078
2531,547,3078
2521,557,3078
2477,601,3078
2459,619,3078
2447,631,3078
2437,641,3078
2417,661,3078
2377,701,3078
2351,727,3078
2339,739,3078
2309,769,3078
2281,797,3078
2269,809,3078
2267,811,3078
2251,827,3078
2239,839,3078
2221,857,3078
2141,937,3078
2137,941,3078
2131,947,3078
2111,967,3078
2087,991,3078
2081,997,3078
2069,1009,3078
2039,1039,3078
2029,1049,3078
2027,1051,3078
2017,1061,3078
1987,1091,3078
1949,1129,3078
1907,1171,3078
1877,1201,3078
1861,1217,3078
1847,1231,3078
1801,1277,3078
1789,1289,3078
1787,1291,3078
1777,1301,3078
1759,1319,3078
1697,1381,3078
1669,1409,3078
1627,1451,3078
1619,1459,3078
1607,1471,3078
1597,1481,3078
1579,1499,3078
1567,1511,3078
3067,13,3080
3061,19,3080
3049,31,3080
3037,43,3080
3019,61,3080
3001,79,3080
2971,109,3080
2953,127,3080
2917,163,3080
2887,193,3080
2857,223,3080
2851,229,3080
2803,277,3080
2797,283,3080
2767,313,3080
2749,331,3080
2731,349,3080
2713,367,3080
2707,373,3080
2683,397,3080
2671,409,3080
2659,421,3080
2647,433,3080
2617,463,3080
2593,487,3080
2557,523,3080
2539,541,3080
2503,577,3080
2473,607,3080
2467,613,3080
2437,643,3080
2389,691,3080
2371,709,3080
2347,733,3080
2341,739,3080
2311,769,3080
2293,787,3080
2269,811,3080
2251,829,3080
2221,859,3080
2203,877,3080
2161,919,3080
2143,937,3080
2113,967,3080
2089,991,3080
2083,997,3080
2029,1051,3080
2017,1063,3080
2011,1069,3080
1993,1087,3080
1987,1093,3080
1951,1129,3080
1879,1201,3080
1867,1213,3080
1831,1249,3080
1801,1279,3080
1789,1291,3080
1783,1297,3080
1777,1303,3080
1759,1321,3080
1753,1327,3080
1699,1381,3080
1657,1423,3080
1627,1453,3080
1621,1459,3080
1609,1471,3080
1597,1483,3080
1549,1531,3080
3079,3,3082
3041,41,3082
3023,59,3082
3011,71,3082
2999,83,3082
2969,113,3082
2909,173,3082
2903,179,3082
2843,239,3082
2819,263,3082
2801,281,3082
2789,293,3082
2729,353,3082
2699,383,3082
2693,389,3082
2663,419,3082
2633,449,3082
2621,461,3082
2591,491,3082
2579,503,3082
2441,641,3082
2423,659,3082
2399,683,3082
2381,701,3082
2339,743,3082
2309,773,3082
2273,809,3082
2243,839,3082
2153,929,3082
2141,941,3082
2129,953,3082
2111,971,3082
2099,983,3082
2069,1013,3082
2063,1019,3082
1979,1103,3082
1973,1109,3082
1931,1151,3082
1901,1181,3082
1889,1193,3082
1823,1259,3082
1721,1361,3082
1709,1373,3082
1601,1481,3082
1583,1499,3082
1571,1511,3082
1559,1523,3082
3079,5,3084
3067,17,3084
3061,23,3084
3041,43,3084
3037,47,3084
3023,61,3084
3011,73,3084
3001,83,3084
2971,113,3084
2957,127,3084
2953,131,3084
2927,157,3084
2917,167,3084
2903,181,3084
2887,197,3084
2861,223,3084
2857,227,3084
2851,233,3084
2843,241,3084
2833,251,3084
2803,281,3084
2801,283,3084
2791,293,3084
2777,307,3084
2767,317,3084
2753,331,3084
2731,353,3084
2711,373,3084
2687,397,3084
2683,401,3084
2663,421,3084
2621,463,3084
2617,467,3084
2593,491,3084
2543,541,3084
2521,563,3084
2477,607,3084
2467,617,3084
2441,643,3084
2437,647,3084
2423,661,3084
2411,673,3084
2393,691,3084
2383,701,3084
2357,727,3084
2351,733,3084
2341,743,3084
2333,751,3084
2311,773,3084
2297,787,3084
2287,797,3084
2273,811,3084
2221,863,3084
2207,877,3084
2203,881,3084
2143,941,3084
2137,947,3084
2131,953,3084
2113,971,3084
2087,997,3084
2063,1021,3084
2053,1031,3084
1997,1087,3084
1993,1091,3084
1987,1097,3084
1933,1151,3084
1931,1153,3084
1913,1171,3084
1871,1213,3084
1867,1217,3084
1861,1223,3084
1847,1237,3084
1801,1283,3084
1787,1297,3084
1783,1301,3084
1777,1307,3084
1723,1361,3084
1657,1427,3084
1637,1447,3084
1613,1471,3084
1601,1483,3084
1597,1487,3084
1553,1531,3084
3083,3,3086
3079,7,3086
3067,19,3086
3049,37,3086
3019,67,3086
2887,199,3086
2857,229,3086
2803,283,3086
2749,337,3086
2719,367,3086
2713,373,3086
2707,379,3086
2689,397,3086
2677,409,3086
2647,439,3086
2539,547,3086
2473,613,3086
2467,619,3086
2377,709,3086
2347,739,3086
2203,883,3086
2179,907,3086
2089,997,3086
2053,1033,3086
2017,1069,3086
1999,1087,3086
1993,1093,3086
1933,1153,3086
1873,1213,3086
1789,1297,3086
1783,1303,3086
1759,1327,3086
1663,1423,3086
1657,1429,3086
1627,1459,3086
1597,1489,3086
1543,1543,3086
3083,5,3088
3041,47,3088
2999,89,3088
2957,131,3088
2939,149,3088
2909,179,3088
2897,191,3088
2861,227,3088
2837,251,3088
2819,269,3088
2777,311,3088
2741,347,3088
2729,359,3088
2699,389,3088
2687,401,3088
2657,431,3088
2621,467,3088
2609,479,3088
2579,509,3088
2531,557,3088
2447,641,3088
2441,647,3088
2411,677,3088
2267,821,3088
2207,881,3088
2141,947,3088
2111,977,3088
2069,1019,3088
2039,1049,3088
2027,1061,3088
1997,1091,3088
1979,1109,3088
1907,1181,3088
1901,1187,3088
1871,1217,3088
1811,1277,3088
1787,1301,3088
1721,1367,3088
1637,1451,3088
1607,1481,3088
1601,1487,3088
3083,7,3090
3079,11,3090
3067,23,3090
3061,29,3090
3049,41,3090
3037,53,3090
3023,67,3090
3019,71,3090
3011,79,3090
3001,89,3090
2963,127,3090
2953,137,3090
2939,151,3090
2927,163,3090
2917,173,3090
2909,181,3090
2897,193,3090
2879,211,3090
2861,229,3090
2857,233,3090
2851,239,3090
2833,257,3090
2819,271,3090
2797,293,3090
2777,313,3090
2753,337,3090
2741,349,3090
2731,359,3090
2711,379,3090
2707,383,3090
2693,397,3090
2689,401,3090
2671,419,3090
2659,431,3090
2657,433,3090
2647,443,3090
2633,457,3090
2591,499,3090
2549,541,3090
2543,547,3090
2521,569,3090
2503,587,3090
2477,613,3090
2473,617,3090
2459,631,3090
2447,643,3090
2437,653,3090
2417,673,3090
2399,691,3090
2389,701,3090
2381,709,3090
2371,719,3090
2357,733,3090
2351,739,3090
2347,743,3090
2339,751,3090
2333,757,3090
2293,797,3090
2281,809,3090
2269,821,3090
2267,823,3090
2251,839,3090
2237,853,3090
2213,877,3090
2207,883,3090
2203,887,3090
2179,911,3090
2161,929,3090
2153,937,3090
2143,947,3090
2137,953,3090
2113,977,3090
2099,991,3090
2081,1009,3090
2069,1021,3090
2039,1051,3090
2029,1061,3090
2027,1063,3090
2003,1087,3090
1999,1091,3090
1997,1093,3090
1993,1097,3090
1987,1103,3090
1973,1117,3090
1889,1201,3090
1877,1213,3090
1873,1217,3090
1867,1223,3090
1861,1229,3090
1831,1259,3090
1811,1279,3090
1801,1289,3090
1789,1301,3090
1787,1303,3090
1783,1307,3090
1723,1367,3090
1709,1381,3090
1667,1423,3090
1663,1427,3090
1657,1433,3090
1637,1453,3090
1619,1471,3090
1609,1481,3090
1607,1483,3090
1601,1489,3090
1597,1493,3090
1579,1511,3090
1567,1523,3090
1559,1531,3090
3089,3,3092
3079,13,3092
3061,31,3092
3049,43,3092
3019,73,3092
2953,139,3092
2851,241,3092
2719,373,3092
2713,379,3092
2683,409,3092
2671,421,3092
2659,433,3092
2593,499,3092
2551,541,3092
2521,571,3092
2473,619,3092
2383,709,3092
2341,751,3092
2281,811,3092
2269,823,3092
2239,853,3092
2083,1009,3092
2053,1039,3092
2029,1063,3092
1999,1093,3092
1879,1213,3092
1861,1231,3092
1801,1291,3092
1789,1303,3092
1693,1399,3092
1669,1423,3092
1663,1429,3092
1621,1471,3092
1609,1483,3092
1549,1543,3092
3089,5,3094
3083,11,3094
3041,53,3094
3023,71,3094
3011,83,3094
2963,131,3094
2957,137,3094
2927,167,3094
2903,191,3094
2897,197,3094
2861,233,3094
2843,251,3094
2837,257,3094
2801,293,3094
2777,317,3094
2741,353,3094
2711,383,3094
2693,401,3094
2663,431,3094
2633,461,3094
2591,503,3094
2531,563,3094
2477,617,3094
2447,647,3094
2441,653,3094
2417,677,3094
2411,683,3094
2393,701,3094
2351,743,3094
2333,761,3094
2297,797,3094
2273,821,3094
2267,827,3094
2237,857,3094
2213,881,3094
2207,887,3094
2153,941,3094
2141,953,3094
2111,983,3094
2081,1013,3094
2063,1031,3094
2003,1091,3094
1997,1097,3094
1931,1163,3094
1913,1181,3094
1907,1187,3094
1901,1193,3094
1877,1217,3094
1871,1223,3094
1811,1283,3094
1787,1307,3094
1733,1361,3094
1721,1373,3094
1667,1427,3094
1613,1481,3094
1607,1487,3094
1601,1493,3094
1583,1511,3094
1571,1523,3094
3089,7,3096
3083,13,3096
3079,17,3096
3067,29,3096
3049,47,3096
3037,59,3096
3023,73,3096
2999,97,3096
2969,127,3096
2957,139,3096
2939,157,3096
2917,179,3096
2903,193,3096
2897,199,3096
2857,239,3096
2833,263,3096
2819,277,3096
2803,293,3096
2789,307,3096
2749,347,3096
2729,367,3096
2713,383,3096
2707,389,3096
2699,397,3096
2687,409,3096
2677,419,3096
2663,433,3096
2657,439,3096
2647,449,3096
2633,463,3096
2617,479,3096
2609,487,3096
2593,503,3096
2549,547,3096
2539,557,3096
2503,593,3096
2477,619,3096
2437,659,3096
2423,673,3096
2377,719,3096
2357,739,3096
2339,757,3096
2309,787,3096
2287,809,3096
2273,823,3096
2269,827,3096
2267,829,3096
2243,853,3096
2239,857,3096
2237,859,3096
2213,883,3096
2143,953,3096
2129,967,3096
2113,983,3096
2099,997,3096
2087,1009,3096
2083,1013,3096
2063,1033,3096
2027,1069,3096
2003,1093,3096
1999,1097,3096
1993,1103,3096
1987,1109,3096
1979,1117,3096
1973,1123,3096
1933,1163,3096
1879,1217,3096
1873,1223,3096
1867,1229,3096
1847,1249,3096
1789,1307,3096
1777,1319,3096
1723,1373,3096
1697,1399,3096
1669,1427,3096
1667,1429,3096
1663,1433,3096
1657,1439,3096
1637,1459,3096
1613,1483,3096
1609,1487,3096
1607,1489,3096
1597,1499,3096
1553,1543,3096
3079,19,3098
3067,31,3098
3061,37,3098
3037,61,3098
3019,79,3098
3001,97,3098
2971,127,3098
2917,181,3098
2887,211,3098
2857,241,3098
2791,307,3098
2767,331,3098
2749,349,3098
2731,367,3098
2719,379,3098
2689,409,3098
2677,421,3098
2659,439,3098
2557,541,3098
2551,547,3098
2521,577,3098
2467,631,3098
2437,661,3098
2389,709,3098
2371,727,3098
2347,751,3098
2341,757,3098
2311,787,3098
2287,811,3098
2269,829,3098
2239,859,3098
2221,877,3098
2179,919,3098
2161,937,3098
2131,967,3098
2089,1009,3098
2029,1069,3098
2011,1087,3098
1867,1231,3098
1861,1237,3098
1801,1297,3098
1777,1321,3098
1699,1399,3098
1669,1429,3098
1627,1471,3098
1609,1489,3098
1567,1531,3098
1549,1549,3098
3089,11,3100
3083,17,3100
3041,59,3100
3011,89,3100
2999,101,3100
2969,131,3100
2963,137,3100
2927,173,3100
2909,191,3100
2903,197,3100
2861,239,3100
2843,257,3100
2837,263,3100
2819,281,3100
2789,311,3100
2753,347,3100
2741,359,3100
2711,389,3100
2699,401,3100
2657,443,3100
2633,467,3100
2621,479,3100
2609,491,3100
2591,509,3100
2579,521,3100
2543,557,3100
2531,569,3100
2459,641,3100
2447,653,3100
2441,659,3100
2423,677,3100
2417,683,3100
2399,701,3100
2381,719,3100
2357,743,3100
2339,761,3100
2273,827,3100
2243,857,3100
2237,863,3100
2213,887,3100
2153,947,3100
2129,971,3100
2087,1013,3100
2081,1019,3100
2069,1031,3100
2039,1061,3100
2003,1097,3100
1997,1103,3100
1949,1151,3100
1913,1187,3100
1907,1193,3100
1877,1223,3100
1871,1229,3100
1823,1277,3100
1811,1289,3100
1733,1367,3100
1667,1433,3100
1619,1481,3100
1613,1487,3100
1607,1493,3100
1601,1499,3100
3089,13,3102
3083,19,3102
3079,23,3102
3061,41,3102
3049,53,3102
3041,61,3102
3023,79,3102
3019,83,3102
3001,101,3102
2999,103,3102
2971,131,3102
2963,139,3102
2953,149,3102
2939,163,3102
2909,193,3102
2903,199,3102
2879,223,3102
2861,241,3102
2851,251,3102
2833,269,3102
2819,283,3102
2791,311,3102
2789,313,3102
2753,349,3102
2749,353,3102
2729,373,3102
2719,383,3102
2713,389,3102
2693,409,3102
2683,419,3102
2671,431,3102
2663,439,3102
2659,443,3102
2593,509,3102
2579,523,3102
2539,563,3102
2531,571,3102
2503,599,3102
2459,643,3102
2441,661,3102
2411,691,3102
2393,709,3102
2383,719,3102
2351,751,3102
2341,761,3102
2333,769,3102
2293,809,3102
2281,821,3102
2273,829,3102
2243,859,3102
2239,863,3102
2221,881,3102
2161,941,3102
2131,971,3102
2111,991,3102
2089,1013,3102
2083,1019,3102
2081,1021,3102
2069,1033,3102
2063,1039,3102
2053,1049,3102
2039,1063,3102
2011,1091,3102
1999,1103,3102
1993,1109,3102
1979,1123,3102
1973,1129,3102
1951,1151,3102
1949,1153,3102
1931,1171,3102
1901,1201,3102
1889,1213,3102
1879,1223,3102
1873,1229,3102
1871,1231,3102
1823,1279,3102
1811,1291,3102
1801,1301,3102
1783,1319,3102
1741,1361,3102
1721,1381,3102
1693,1409,3102
1669,1433,3102
1663,1439,3102
1621,1481,3102
1619,1483,3102
1613,1489,3102
1609,1493,3102
1579,1523,3102
1571,1531,3102
1559,1543,3102
1553,1549,3102
3067,37,3104
3061,43,3104
3037,67,3104
3001,103,3104
2953,151,3104
2833,271,3104
2797,307,3104
2791,313,3104
2767,337,3104
2731,373,3104
2707,397,3104
2683,421,3104
2671,433,3104
2647,457,3104
2617,487,3104
2557,547,3104
2503,601,3104
2473,631,3104
2377,727,3104
2371,733,3104
2347,757,3104
2293,811,3104
2281,823,3104
2251,853,3104
2221,883,3104
2137,967,3104
2113,991,3104
2083,1021,3104
2053,1051,3104
2017,1087,3104
2011,1093,3104
1987,1117,3104
1951,1153,3104
1933,1171,3104
1873,1231,3104
1867,1237,3104
1801,1303,3104
1783,1321,3104
1777,1327,3104
1723,1381,3104
1657,1447,3104
1621,1483,3104
3089,17,3106
3083,23,3106
3023,83,3106
2999,107,3106
2969,137,3106
2957,149,3106
2939,167,3106
2927,179,3106
2909,197,3106
2879,227,3106
2843,263,3106
2837,269,3106
2789,317,3106
2753,353,3106
2687,419,3106
2663,443,3106
2657,449,3106
2549,557,3106
2543,563,3106
2459,647,3106
2447,659,3106
2423,683,3106
2333,773,3106
2309,797,3106
2297,809,3106
2267,839,3106
2243,863,3106
2153,953,3106
2129,977,3106
2087,1019,3106
2003,1103,3106
1997,1109,3106
1913,1193,3106
1889,1217,3106
1877,1229,3106
1847,1259,3106
1823,1283,3106
1787,1319,3106
1733,1373,3106
1697,1409,3106
1667,1439,3106
1619,1487,3106
1613,1493,3106
1607,1499,3106
1583,1523,3106
1553,1553,3106
3089,19,3108
3079,29,3108
3067,41,3108
3061,47,3108
3049,59,3108
3041,67,3108
3037,71,3108
3019,89,3108
3011,97,3108
3001,107,3108
2999,109,3108
2971,137,3108
2969,139,3108
2957,151,3108
2927,181,3108
2917,191,3108
2909,199,3108
2897,211,3108
2879,229,3108
2857,251,3108
2851,257,3108
2837,271,3108
2801,307,3108
2797,311,3108
2791,317,3108
2777,331,3108
2749,359,3108
2741,367,3108
2729,379,3108
2719,389,3108
2711,397,3108
2707,401,3108
2699,409,3108
2689,419,3108
2687,421,3108
2677,431,3108
2659,449,3108
2647,461,3108
2621,487,3108
2617,491,3108
2609,499,3108
2551,557,3108
2539,569,3108
2531,577,3108
2521,587,3108
2477,631,3108
2467,641,3108
2447,661,3108
2417,691,3108
2399,709,3108
2389,719,3108
2381,727,3108
2357,751,3108
2351,757,3108
2347,761,3108
2339,769,3108
2311,797,3108
2297,811,3108
2287,821,3108
2281,827,3108
2269,839,3108
2251,857,3108
2221,887,3108
2179,929,3108
2161,947,3108
2141,967,3108
2137,971,3108
2131,977,3108
2111,997,3108
2099,1009,3108
2089,1019,3108
2087,1021,3108
2069,1039,3108
2039,1069,3108
2017,1091,3108
2011,1097,3108
1999,1109,3108
1979,1129,3108
1907,1201,3108
1879,1229,3108
1877,1231,3108
1871,1237,3108
1831,1277,3108
1811,1297,3108
1801,1307,3108
1789,1319,3108
1787,1321,3108
1747,1361,3108
1741,1367,3108
1709,1399,3108
1699,1409,3108
1669,1439,3108
1657,1451,3108
1637,1471,3108
1627,1481,3108
1621,1487,3108
1619,1489,3108
1609,1499,3108
1597,1511,3108
1559,1549,3108
3079,31,3110
3067,43,3110
3049,61,3110
3037,73,3110
3001,109,3110
2971,139,3110
2953,157,3110
2917,193,3110
2887,223,3110
2833,277,3110
2803,307,3110
2797,313,3110
2731,379,3110
2713,397,3110
2689,421,3110
2677,433,3110
2671,439,3110
2647,463,3110
2539,571,3110
2503,607,3110
2467,643,3110
2437,673,3110
2383,727,3110
2377,733,3110
2371,739,3110
2341,769,3110
2287,823,3110
2281,829,3110
2251,859,3110
2203,907,3110
2143,967,3110
2113,997,3110
2089,1021,3110
2017,1093,3110
1993,1117,3110
1987,1123,3110
1879,1231,3110
1873,1237,3110
1861,1249,3110
1831,1279,3110
1789,1321,3110
1783,1327,3110
1663,1447,3110
1657,1453,3110
1627,1483,3110
1621,1489,3110
1579,1531,3110
1567,1543,3110
3109,3,3112
3089,23,3112
3083,29,3112
3041,71,3112
3023,89,3112
3011,101,3112
2999,113,3112
2963,149,3112
2939,173,3112
2879,233,3112
2861,251,3112
2843,269,3112
2819,293,3112
2801,311,3112
2753,359,3112
2729,383,3112
2711,401,3112
2693,419,3112
2663,449,3112
2633,479,3112
2621,491,3112
2609,503,3112
2591,521,3112
2549,563,3112
2543,569,3112
2459,653,3112
2411,701,3112
2393,719,3112
2351,761,3112
2339,773,3112
2273,839,3112
2141,971,3112
2129,983,3112
2099,1013,3112
2081,1031,3112
2063,1049,3112
2003,1109,3112
1949,1163,3112
1931,1181,3112
1889,1223,3112
1823,1289,3112
1811,1301,3112
1619,1493,3112
1613,1499,3112
1601,1511,3112
1559,1553,3112
3109,5,3114
3083,31,3114
3067,47,3114
3061,53,3114
3041,73,3114
3011,103,3114
3001,113,3114
2963,151,3114
2957,157,3114
2917,197,3114
2903,211,3114
2887,227,3114
2857,257,3114
2851,263,3114
2843,271,3114
2837,277,3114
2833,281,3114
2803,311,3114
2801,313,3114
2797,317,3114
2777,337,3114
2767,347,3114
2741,373,3114
2731,383,3114
2713,401,3114
2693,421,3114
2683,431,3114
2671,443,3114
2657,457,3114
2647,467,3114
2593,521,3114
2591,523,3114
2557,557,3114
2551,563,3114
2543,571,3114
2521,593,3114
2473,641,3114
2467,647,3114
2441,673,3114
2437,677,3114
2423,691,3114
2381,733,3114
2371,743,3114
2357,757,3114
2341,773,3114
2293,821,3114
2287,827,3114
2251,863,3114
2237,877,3114
2207,907,3114
2203,911,3114
2161,953,3114
2143,971,3114
2137,977,3114
2131,983,3114
2083,1031,3114
2081,1033,3114
2063,1051,3114
2053,1061,3114
2027,1087,3114
2017,1097,3114
2011,1103,3114
1997,1117,3114
1951,1163,3114
1933,1181,3114
1913,1201,3114
1901,1213,3114
1877,1237,3114
1831,1283,3114
1823,1291,3114
1811,1303,3114
1787,1327,3114
1753,1361,3114
1747,1367,3114
1741,1373,3114
1733,1381,3114
1667,1447,3114
1663,1451,3114
1627,1487,3114
1621,1493,3114
1583,1531,3114
1571,1543,3114
3109,7,3116
3079,37,3116
3049,67,3116
3037,79,3116
3019,97,3116
2953,163,3116
2917,199,3116
2887,229,3116
2833,283,3116
2803,313,3116
2767,349,3116
2749,367,3116
2719,397,3116
2707,409,3116
2683,433,3116
2677,439,3116
2659,457,3116
2617,499,3116
2593,523,3116
2539,577,3116
2503,613,3116
2473,643,3116
2389,727,3116
2383,733,3116
2377,739,3116
2347,769,3116
2293,823,3116
2287,829,3116
2239,877,3116
2179,937,3116
2083,1033,3116
2053,1063,3116
2029,1087,3116
1999,1117,3116
1993,1123,3116
1987,1129,3116
1879,1237,3116
1867,1249,3116
1789,1327,3116
1693,1423,3116
1669,1447,3116
1663,1453,3116
1657,1459,3116
1627,1489,3116
1567,1549,3116
3089,29,3118
3011,107,3118
2969,149,3118
2939,179,3118
2927,191,3118
2879,239,3118
2861,257,3118
2837,281,3118
2801,317,3118
2729,389,3118
2699,419,3118
2687,431,3118
2657,461,3118
2609,509,3118
2549,569,3118
2531,587,3118
2477,641,3118
2459,659,3118
2441,677,3118
2417,701,3118
2399,719,3118
2357,761,3118
2309,809,3118
2297,821,3118
2237,881,3118
2207,911,3118
2141,977,3118
2099,1019,3118
2087,1031,3118
2069,1049,3118
2027,1091,3118
1931,1187,3118
1901,1217,3118
1889,1229,3118
1811,1307,3118
1709,1409,3118
1667,1451,3118
1637,1481,3118
1619,1499,3118
1607,1511,3118
1559,1559,3118
3109,11,3120
3089,31,3120
3083,37,3120
3079,41,3120
3067,53,3120
3061,59,3120
3049,71,3120
3041,79,3120
3037,83,3120
3023,97,3120
3019,101,3120
3011,109,3120
2971,149,3120
2969,151,3120
2963,157,3120
2957,163,3120
2953,167,3120
2939,181,3120
2927,193,3120
2909,211,3120
2897,223,3120
2887,233,3120
2879,241,3120
2857,263,3120
2851,269,3120
2843,277,3120
2837,283,3120
2803,317,3120
2789,331,3120
2767,353,3120
2753,367,3120
2741,379,3120
2731,389,3120
2719,401,3120
2711,409,3120
2699,421,3120
2689,431,3120
2687,433,3120
2677,443,3120
2671,449,3120
2663,457,3120
2659,461,3120
2657,463,3120
2633,487,3120
2621,499,3120
2617,503,3120
2579,541,3120
2557,563,3120
2551,569,3120
2549,571,3120
2543,577,3120
2521,599,3120
2503,617,3120
2477,643,3120
2473,647,3120
2467,653,3120
2459,661,3120
2447,673,3120
2437,683,3120
2411,709,3120
2393,727,3120
2381,739,3120
2377,743,3120
2351,769,3120
2347,773,3120
2333,787,3120
2311,809,3120
2309,811,3120
2297,823,3120
2293,827,3120
2281,839,3120
2267,853,3120
2243,877,3120
2239,881,3120
2237,883,3120
2213,907,3120
2179,941,3120
2153,967,3120
2143,977,3120
2137,983,3120
2129,991,3120
2111,1009,3120
2099,1021,3120
2089,1031,3120
2087,1033,3120
2081,1039,3120
2069,1051,3120
2029,1091,3120
2027,1093,3120
2017,1103,3120
2011,1109,3120
2003,1117,3120
1997,1123,3120
1949,1171,3120
1933,1187,3120
1907,1213,3120
1889,1231,3120
1871,1249,3120
1861,1259,3120
1831,1289,3120
1823,1297,3120
1801,1319,3120
1759,1361,3120
1753,1367,3120
1747,1373,3120
1721,1399,3120
1697,1423,3120
1693,1427,3120
1669,1451,3120
1667,1453,3120
1637,1483,3120
1627,1493,3120
1621,1499,3120
1609,1511,3120
1597,1523,3120
1571,1549,3120
1567,1553,3120
3119,3,3122
3109,13,3122
3079,43,3122
3061,61,3122
3049,73,3122
3019,103,3122
2971,151,3122
2851,271,3122
2791,331,3122
2749,373,3122
2713,409,3122
2689,433,3122
2683,439,3122
2659,463,3122
2551,571,3122
2521,601,3122
2503,619,3122
2389,733,3122
2383,739,3122
2371,751,3122
2311,811,3122
2293,829,3122
2269,853,3122
2239,883,3122
2203,919,3122
2131,991,3122
2113,1009,3122
2089,1033,3122
2083,1039,3122
2053,1069,3122
2029,1093,3122
1999,1123,3122
1993,1129,3122
1951,1171,3122
1873,1249,3122
1831,1291,3122
1801,1321,3122
1741,1381,3122
1723,1399,3122
1699,1423,3122
1693,1429,3122
1669,1453,3122
1663,1459,3122
1579,1543,3122
3121,3,3124
3119,5,3124
3083,41,3124
3041,83,3124
3023,101,3124
3011,113,3124
2957,167,3124
2927,197,3124
2897,227,3124
2861,263,3124
2843,281,3124
2777,347,3124
2741,383,3124
2693,431,3124
2663,461,3124
2657,467,3124
2633,491,3124
2621,503,3124
2531,593,3124
2477,647,3124
2447,677,3124
2441,683,3124
2423,701,3124
2381,743,3124
2351,773,3124
2297,827,3124
2267,857,3124
2243,881,3124
2237,887,3124
2213,911,3124
2153,971,3124
2141,983,3124
2111,1013,3124
2063,1061,3124
2027,1097,3124
1973,1151,3124
1931,1193,3124
1907,1217,3124
1901,1223,3124
1847,1277,3124
1823,1301,3124
1697,1427,3124
1637,1487,3124
1613,1511,3124
1601,1523,3124
1571,1553,3124
3121,5,3126
3119,7,3126
3109,17,3126
3089,37,3126
3083,43,3126
3079,47,3126
3067,59,3126
3037,89,3126
3023,103,3126
3019,107,3126
2999,127,3126
2969,157,3126
2963,163,3126
2953,173,3126
2927,199,3126
2903,223,3126
2897,229,3126
2887,239,3126
2857,269,3126
2843,283,3126
2833,293,3126
2819,307,3126
2789,337,3126
2777,349,3126
2767,359,3126
2753,373,3126
2729,397,3126
2707,419,3126
2693,433,3126
2687,439,3126
2683,443,3126
2677,449,3126
2663,463,3126
2659,467,3126
2647,479,3126
2617,509,3126
2579,547,3126
2557,569,3126
2549,577,3126
2539,587,3126
2473,653,3126
2467,659,3126
2417,709,3126
2399,727,3126
2393,733,3126
2383,743,3126
2357,769,3126
2339,787,3126
2297,829,3126
2287,839,3126
2273,853,3126
2269,857,3126
2267,859,3126
2243,883,3126
2239,887,3126
2207,919,3126
2179,947,3126
2143,983,3126
2129,997,3126
2113,1013,3126
2087,1039,3126
2063,1063,3126
2039,1087,3126
2029,1097,3126
2017,1109,3126
2003,1123,3126
1997,1129,3126
1973,1153,3126
1933,1193,3126
1913,1213,3126
1889,1237,3126
1877,1249,3126
1867,1259,3126
1847,1279,3126
1823,1303,3126
1759,1367,3126
1753,1373,3126
1699,1427,3126
1697,1429,3126
1693,1433,3126
1667,1459,3126
1637,1489,3126
1627,1499,3126
1583,1543,3126
1567,1559,3126
3121,7,3128
3109,19,3128
3067,61,3128
3061,67,3128
3049,79,3128
3019,109,3128
3001,127,3128
2971,157,3128
2917,211,3128
2887,241,3128
2857,271,3128
2851,277,3128
2797,331,3128
2791,337,3128
2749,379,3128
2731,397,3128
2719,409,3128
2707,421,3128
2689,439,3128
2671,457,3128
2557,571,3128
2551,577,3128
2521,607,3128
2467,661,3128
2437,691,3128
2389,739,3128
2377,751,3128
2371,757,3128
2341,787,3128
2269,859,3128
2251,877,3128
2221,907,3128
2161,967,3128
2137,991,3128
2131,997,3128
2089,1039,3128
2011,1117,3128
1999,1129,3128
1879,1249,3128
1831,1297,3128
1801,1327,3128
1747,1381,3128
1699,1429,3128
1669,1459,3128
1657,1471,3128
1597,1531,3128
1579,1549,3128
3119,11,3130
3089,41,3130
3083,47,3130
3041,89,3130
3023,107,3130
2999,131,3130
2963,167,3130
2957,173,3130
2939,191,3130
2903,227,3130
2897,233,3130
2879,251,3130
2861,269,3130
2837,293,3130
2819,311,3130
2777,353,3130
2741,389,3130
2729,401,3130
2711,419,3130
2699,431,3130
2687,443,3130
2663,467,3130
2621,509,3130
2609,521,3130
2543,587,3130
2531,599,3130
2477,653,3130
2447,683,3130
2411,719,3130
2357,773,3130
2333,797,3130
2309,821,3130
2273,857,3130
2267,863,3130
2243,887,3130
2153,977,3130
2111,1019,3130
2099,1031,3130
2081,1049,3130
2069,1061,3130
2039,1091,3130
2027,1103,3130
1979,1151,3130
1949,1181,3130
1913,1217,3130
1907,1223,3130
1901,1229,3130
1871,1259,3130
1847,1283,3130
1823,1307,3130
1811,1319,3130
1721,1409,3130
1697,1433,3130
1637,1493,3130
1619,1511,3130
1607,1523,3130
1571,1559,3130
3121,11,3132
3119,13,3132
3109,23,3132
3089,43,3132
3079,53,3132
3061,71,3132
3049,83,3132
3023,109,3132
3019,113,3132
3001,131,3132
2969,163,3132
2953,179,3132
2939,193,3132
2909,223,3132
2903,229,3132
2861,271,3132
2851,281,3132
2819,313,3132
2801,331,3132
2753,379,3132
2749,383,3132
2731,401,3132
2713,419,3132
2711,421,3132
2699,433,3132
2693,439,3132
2689,443,3132
2683,449,3132
2671,461,3132
2633,499,3132
2609,523,3132
2591,541,3132
2539,593,3132
2531,601,3132
2473,659,3132
2459,673,3132
2441,691,3132
2423,709,3132
2399,733,3132
2393,739,3132
2389,743,3132
2381,751,3132
2371,761,3132
2311,821,3132
2309,823,3132
2293,839,3132
2273,859,3132
2269,863,3132
2251,881,3132
2221,911,3132
2213,919,3132
2203,929,3132
2179,953,3132
2161,971,3132
2141,991,3132
2113,1019,3132
2111,1021,3132
2099,1033,3132
2083,1049,3132
2081,1051,3132
2069,1063,3132
2063,1069,3132
2039,1093,3132
2029,1103,3132
2003,1129,3132
1979,1153,3132
1951,1181,3132
1931,1201,3132
1901,1231,3132
1873,1259,3132
1831,1301,3132
1811,1321,3132
1759,1373,3132
1733,1399,3132
1723,1409,3132
1709,1423,3132
1699,1433,3132
1693,1439,3132
1621,1511,3132
1609,1523,3132
1601,1531,3132
1583,1549,3132
1579,1553,3132
3121,13,3134
3067,67,3134
3061,73,3134
3037,97,3134
2971,163,3134
2953,181,3134
2857,277,3134
2851,283,3134
2803,331,3134
2797,337,3134
2767,367,3134
2713,421,3134
2677,457,3134
2671,463,3134
2647,487,3134
2593,541,3134
2557,577,3134
2521,613,3134
2503,631,3134
2473,661,3134
2383,751,3134
2377,757,3134
2347,787,3134
2311,823,3134
2281,853,3134
2251,883,3134
2143,991,3134
2137,997,3134
2113,1021,3134
2083,1051,3134
2017,1117,3134
2011,1123,3134
1933,1201,3134
1831,1303,3134
1753,1381,3134
1663,1471,3134
1567,1567,3134
3119,17,3136
3089,47,3136
3083,53,3136
3023,113,3136
2999,137,3136
2969,167,3136
2963,173,3136
2957,179,3136
2939,197,3136
2909,227,3136
2903,233,3136
2897,239,3136
2879,257,3136
2843,293,3136
2819,317,3136
2789,347,3136
2777,359,3136
2753,383,3136
2693,443,3136
2687,449,3136
2657,479,3136
2633,503,3136
2579,557,3136
2549,587,3136
2543,593,3136
2477,659,3136
2459,677,3136
2417,719,3136
2393,743,3136
2339,797,3136
2309,827,3136
2297,839,3136
2273,863,3136
2207,929,3136
2153,983,3136
2087,1049,3136
2039,1097,3136
2027,1109,3136
1973,1163,3136
1949,1187,3136
1913,1223,3136
1907,1229,3136
1877,1259,3136
1847,1289,3136
1709,1427,3136
1697,1439,3136
1637,1499,3136
1613,1523,3136
1583,1553,3136
3121,17,3138
3119,19,3138
3109,29,3138
3079,59,3138
3067,71,3138
3049,89,3138
3041,97,3138
3037,101,3138
3011,127,3138
3001,137,3138
2999,139,3138
2971,167,3138
2957,181,3138
2939,199,3138
2927,211,3138
2909,229,3138
2897,241,3138
2887,251,3138
2861,277,3138
2857,281,3138
2801,337,3138
2791,347,3138
2789,349,3138
2749,389,3138
2741,397,3138
2729,409,3138
2719,419,3138
2707,431,3138
2699,439,3138
2689,449,3138
2677,461,3138
2671,467,3138
2659,479,3138
2647,491,3138
2617,521,3138
2591,547,3138
2551,587,3138
2539,599,3138
2531,607,3138
2521,617,3138
2477,661,3138
2447,691,3138
2437,701,3138
2411,727,3138
2399,739,3138
2381,757,3138
2377,761,3138
2351,787,3138
2341,797,3138
2311,827,3138
2309,829,3138
2281,857,3138
2251,887,3138
2161,977,3138
2141,997,3138
2129,1009,3138
2099,1039,3138
2089,1049,3138
2087,1051,3138
2069,1069,3138
2029,1109,3138
1987,1151,3138
1951,1187,3138
1907,1231,3138
1901,1237,3138
1889,1249,3138
1879,1259,3138
1861,1277,3138
1847,1291,3138
1831,1307,3138
1811,1327,3138
1777,1361,3138
1709,1429,3138
1699,1439,3138
1667,1471,3138
1657,1481,3138
1627,1511,3138
1607,1531,3138
1579,1559,3138
1571,1567,3138
3137,3,3140
3121,19,3140
3109,31,3140
3079,61,3140
3067,73,3140
3061,79,3140
3037,103,3140
3001,139,3140
2917,223,3140
2857,283,3140
2833,307,3140
2803,337,3140
2791,349,3140
2767,373,3140
2731,409,3140
2719,421,3140
2707,433,3140
2683,457,3140
2677,463,3140
2617,523,3140
2593,547,3140
2539,601,3140
2521,619,3140
2467,673,3140
2389,751,3140
2383,757,3140
2371,769,3140
2311,829,3140
2287,853,3140
2281,859,3140
2221,919,3140
2203,937,3140
2143,997,3140
2131,1009,3140
2089,1051,3140
2053,1087,3140
2017,1123,3140
2011,1129,3140
1987,1153,3140
1861,1279,3140
1759,1381,3140
1741,1399,3140
1693,1447,3140
1669,1471,3140
1657,1483,3140
1609,1531,3140
1597,1543,3140
3137,5,3142
3119,23,3142
3089,53,3142
3083,59,3142
3041,101,3142
3011,131,3142
2969,173,3142
2963,179,3142
2909,233,3142
2903,239,3142
2879,263,3142
2861,281,3142
2789,353,3142
2753,389,3142
2741,401,3142
2711,431,3142
2699,443,3142
2693,449,3142
2663,479,3142
2633,509,3142
2621,521,3142
2579,563,3142
2549,593,3142
2543,599,3142
2459,683,3142
2441,701,3142
2423,719,3142
2399,743,3142
2381,761,3142
2333,809,3142
2213,929,3142
2129,1013,3142
2111,1031,3142
2081,1061,3142
2039,1103,3142
1979,1163,3142
1949,1193,3142
1913,1229,3142
1823,1319,3142
1733,1409,3142
1709,1433,3142
1619,1523,3142
1583,1559,3142
1571,1571,3142
3137,7,3144
3121,23,3144
3083,61,3144
3061,83,3144
3041,103,3144
3037,107,3144
2971,173,3144
2963,181,3144
2953,191,3144
2917,227,3144
2903,241,3144
2887,257,3144
2861,283,3144
2851,293,3144
2837,307,3144
2833,311,3144
2797,347,3144
2791,353,3144
2777,367,3144
2713,431,3144
2711,433,3144
2687,457,3144
2683,461,3144
2677,467,3144
2657,487,3144
2621,523,3144
2557,587,3144
2551,593,3144
2543,601,3144
2531,613,3144
2503,641,3144
2467,677,3144
2417,727,3144
2411,733,3144
2393,751,3144
2383,761,3144
2371,773,3144
2357,787,3144
2347,797,3144
2333,811,3144
2287,857,3144
2281,863,3144
2267,877,3144
2237,907,3144
2207,937,3144
2203,941,3144
2161,983,3144
2153,991,3144
2131,1013,3144
2113,1031,3144
2111,1033,3144
2083,1061,3144
2081,1063,3144
2053,1091,3144
2027,1117,3144
1993,1151,3144
1973,1171,3144
1951,1193,3144
1931,1213,3144
1913,1231,3144
1907,1237,3144
1867,1277,3144
1861,1283,3144
1847,1297,3144
1823,1321,3144
1783,1361,3144
1777,1367,3144
1721,1423,3144
1697,1447,3144
1693,1451,3144
1663,1481,3144
1657,1487,3144
1621,1523,3144
1613,1531,3144
1601,1543,3144
3109,37,3146
3079,67,3146
3067,79,3146
3049,97,3146
3037,109,3146
3019,127,3146
2953,193,3146
2917,229,3146
2833,313,3146
2797,349,3146
2767,379,3146
2749,397,3146
2713,433,3146
2707,439,3146
2689,457,3146
2683,463,3146
2659,487,3146
2647,499,3146
2539,607,3146
2503,643,3146
2473,673,3146
2437,709,3146
2389,757,3146
2377,769,3146
2293,853,3146
2287,859,3146
2269,877,3146
2239,907,3146
2179,967,3146
2137,1009,3146
2113,1033,3146
2083,1063,3146
2053,1093,3146
2029,1117,3146
2017,1129,3146
1993,1153,3146
1933,1213,3146
1867,1279,3146
1747,1399,3146
1723,1423,3146
1699,1447,3146
1693,1453,3146
1663,1483,3146
1657,1489,3146
1597,1549,3146
1579,1567,3146
3137,11,3148
3119,29,3148
3089,59,3148
3041,107,3148
3011,137,3148
2999,149,3148
2969,179,3148
2957,191,3148
2909,239,3148
2897,251,3148
2879,269,3148
2837,311,3148
2801,347,3148
2789,359,3148
2729,419,3148
2699,449,3148
2687,461,3148
2657,491,3148
2591,557,3148
2579,569,3148
2549,599,3148
2531,617,3148
2447,701,3148
2351,797,3148
2339,809,3148
2309,839,3148
2267,881,3148
2237,911,3148
2207,941,3148
2129,1019,3148
2099,1049,3148
2087,1061,3148
2039,1109,3148
1997,1151,3148
1931,1217,3148
1889,1259,3148
1871,1277,3148
1847,1301,3148
1787,1361,3148
1721,1427,3148
1709,1439,3148
1697,1451,3148
1667,1481,3148
1637,1511,3148
3137,13,3150
3121,29,3150
3119,31,3150
3109,41,3150
3089,61,3150
3083,67,3150
3079,71,3150
3067,83,3150
3061,89,3150
3049,101,3150
3041,109,3150
3037,113,3150
3023,127,3150
3019,131,3150
3011,139,3150
3001,149,3150
2999,151,3150
2971,179,3150
2969,181,3150
2957,193,3150
2953,197,3150
2939,211,3150
2927,223,3150
2917,233,3150
2909,241,3150
2887,263,3150
2879,271,3150
2857,293,3150
2843,307,3150
2837,313,3150
2833,317,3150
2819,331,3150
2803,347,3150
2801,349,3150
2797,353,3150
2791,359,3150
2777,373,3150
2767,383,3150
2753,397,3150
2749,401,3150
2741,409,3150
2731,419,3150
2729,421,3150
2719,431,3150
2711,439,3150
2707,443,3150
2693,457,3150
2689,461,3150
2687,463,3150
2683,467,3150
2671,479,3150
2663,487,3150
2659,491,3150
2647,503,3150
2609,541,3150
2593,557,3150
2579,571,3150
2557,593,3150
2551,599,3150
2549,601,3150
2543,607,3150
2531,619,3150
2503,647,3150
2477,673,3150
2473,677,3150
2467,683,3150
2459,691,3150
2441,709,3150
2423,727,3150
2417,733,3150
2411,739,3150
2399,751,3150
2393,757,3150
2389,761,3150
2381,769,3150
2377,773,3150
2341,809,3150
2339,811,3150
2311,839,3150
2297,853,3150
2293,857,3150
2287,863,3150
2273,877,3150
2269,881,3150
2267,883,3150
2243,907,3150
2239,911,3150
2221,929,3150
2213,937,3150
2203,947,3150
2179,971,3150
2153,997,3150
2141,1009,3150
2137,1013,3150
2131,1019,3150
2129,1021,3150
2111,1039,3150
2099,1051,3150
2089,1061,3150
2087,1063,3150
2081,1069,3150
2063,1087,3150
2053,1097,3150
2027,1123,3150
1999,1151,3150
1997,1153,3150
1987,1163,3150
1979,1171,3150
1949,1201,3150
1933,1217,3150
1913,1237,3150
1901,1249,3150
1873,1277,3150
1871,1279,3150
1867,1283,3150
1861,1289,3150
1847,1303,3150
1831,1319,3150
1823,1327,3150
1789,1361,3150
1783,1367,3150
1777,1373,3150
1741,1409,3150
1723,1427,3150
1721,1429,3150
1699,1451,3150
1697,1453,3150
1669,1481,3150
1667,1483,3150
1663,1487,3150
1657,1493,3150
1627,1523,3150
1619,1531,3150
1607,1543,3150
1601,1549,3150
1597,1553,3150
1583,1567,3150
1579,1571,3150
3121,31,3152
3109,43,3152
3079,73,3152
3049,103,3152
3001,151,3152
2971,181,3152
2953,199,3152
2803,349,3152
2731,421,3152
2719,433,3152
2713,439,3152
2689,463,3152
2551,601,3152
2539,613,3152
2521,631,3152
2383,769,3152
2341,811,3152
2293,859,3152
2269,883,3152
2161,991,3152
2143,1009,3152
2131,1021,3152
2113,1039,3152
2089,1063,3152
2083,1069,3152
2029,1123,3152
1999,1153,3152
1951,1201,3152
1873,1279,3152
1861,1291,3152
1831,1321,3152
1753,1399,3152
1723,1429,3152
1699,1453,3152
1693,1459,3152
1669,1483,3152
1663,1489,3152
1621,1531,3152
1609,1543,3152
3137,17,3154
3083,71,3154
3041,113,3154
3023,131,3154
2963,191,3154
2957,197,3154
2927,227,3154
2903,251,3154
2897,257,3154
2861,293,3154
2843,311,3154
2837,317,3154
2801,353,3154
2753,401,3154
2711,443,3154
2693,461,3154
2687,467,3154
2663,491,3154
2633,521,3154
2591,563,3154
2477,677,3154
2411,743,3154
2393,761,3154
2381,773,3154
2357,797,3154
2333,821,3154
2297,857,3154
2273,881,3154
2267,887,3154
2243,911,3154
2213,941,3154
2207,947,3154
2141,1013,3154
2063,1091,3154
2003,1151,3154
1973,1181,3154
1931,1223,3154
1877,1277,3154
1871,1283,3154
1847,1307,3154
1787,1367,3154
1721,1433,3154
1667,1487,3154
1601,1553,3154
1583,1571,3154
3137,19,3156
3119,37,3156
3109,47,3156
3089,67,3156
3083,73,3156
3067,89,3156
3049,107,3156
3019,137,3156
2999,157,3156
2963,193,3156
2957,199,3156
2927,229,3156
2917,239,3156
2887,269,3156
2879,277,3156
2843,313,3156
2819,337,3156
2803,353,3156
2797,359,3156
2789,367,3156
2777,379,3156
2767,389,3156
2713,443,3156
2707,449,3156
2699,457,3156
2693,463,3156
2689,467,3156
2677,479,3156
2657,499,3156
2647,509,3156
2633,523,3156
2609,547,3156
2593,563,3156
2579,577,3156
2557,599,3156
2549,607,3156
2543,613,3156
2539,617,3156
2503,653,3156
2473,683,3156
2447,709,3156
2437,719,3156
2423,733,3156
2417,739,3156
2399,757,3156
2383,773,3156
2347,809,3156
2333,823,3156
2297,859,3156
2293,863,3156
2273,883,3156
2269,887,3156
2237,919,3156
2203,953,3156
2179,977,3156
2143,1013,3156
2137,1019,3156
2087,1069,3156
2069,1087,3156
2063,1093,3156
2053,1103,3156
2039,1117,3156
2027,1129,3156
2003,1153,3156
1993,1163,3156
1933,1223,3156
1907,1249,3156
1879,1277,3156
1877,1279,3156
1873,1283,3156
1867,1289,3156
1789,1367,3156
1783,1373,3156
1747,1409,3156
1733,1423,3156
1723,1433,3156
1709,1447,3156
1697,1459,3156
1669,1487,3156
1667,1489,3156
1663,1493,3156
1657,1499,3156
1613,1543,3156
1607,1549,3156
1597,1559,3156
3121,37,3158
3079,79,3158
3061,97,3158
3049,109,3158
3019,139,3158
3001,157,3158
2917,241,3158
2887,271,3158
2851,307,3158
2791,367,3158
2749,409,3158
2719,439,3158
2671,487,3158
2659,499,3158
2617,541,3158
2557,601,3158
2551,607,3158
2539,619,3158
2467,691,3158
2389,769,3158
2371,787,3158
2347,811,3158
2281,877,3158
2251,907,3158
2239,919,3158
2221,937,3158
2161,997,3158
2137,1021,3158
2089,1069,3158
2029,1129,3158
1987,1171,3158
1879,1279,3158
1867,1291,3158
1861,1297,3158
1831,1327,3158
1777,1381,3158
1759,1399,3158
1699,1459,3158
1669,1489,3158
1627,1531,3158
1609,1549,3158
1579,1579,3158
3137,23,3160
3119,41,3160
3089,71,3160
3023,137,3160
3011,149,3160
2969,191,3160
2963,197,3160
2927,233,3160
2909,251,3160
2903,257,3160
2897,263,3160
2879,281,3160
2843,317,3160
2801,359,3160
2777,383,3160
2741,419,3160
2729,431,3160
2711,449,3160
2699,461,3160
2693,467,3160
2657,503,3160
2591,569,3160
2543,617,3160
2477,683,3160
2459,701,3160
2441,719,3160
2417,743,3160
2399,761,3160
2351,809,3160
2339,821,3160
2333,827,3160
2297,863,3160
2273,887,3160
2213,947,3160
2207,953,3160
2141,1019,3160
2129,1031,3160
2111,1049,3160
2099,1061,3160
2069,1091,3160
2063,1097,3160
1997,1163,3160
1979,1181,3160
1973,1187,3160
1931,1229,3160
1901,1259,3160
1877,1283,3160
1871,1289,3160
1787,1373,3160
1733,1427,3160
1721,1439,3160
1709,1451,3160
1667,1493,3160
1637,1523,3160
1607,1553,3160
1601,1559,3160
3121,41,3162
3119,43,3162
3109,53,3162
3089,73,3162
3083,79,3162
3079,83,3162
3061,101,3162
3049,113,3162
3023,139,3162
3011,151,3162
2999,163,3162
2971,191,3162
2969,193,3162
2963,199,3162
2939,223,3162
2879,283,3162
2851,311,3162
2803,359,3162
2789,373,3162
2753,409,3162
2741,421,3162
2731,431,3162
2729,433,3162
2719,443,3162
2713,449,3162
2699,463,3162
2683,479,3162
2671,491,3162
2663,499,3162
2659,503,3162
2621,541,3162
2593,569,3162
2591,571,3162
2549,613,3162
2543,619,3162
2531,631,3162
2521,641,3162
2503,659,3162
2423,739,3162
2411,751,3162
2393,769,3162
2389,773,3162
2351,811,3162
2341,821,3162
2339,823,3162
2333,829,3162
2309,853,3162
2281,881,3162
2251,911,3162
2243,919,3162
2221,941,3162
2179,983,3162
2153,1009,3162
2143,1019,3162
2141,1021,3162
2131,1031,3162
2129,1033,3162
2113,1049,3162
2111,1051,3162
2099,1063,3162
2069,1093,3162
2053,1109,3162
2039,1123,3162
2011,1151,3162
1999,1163,3162
1949,1213,3162
1933,1229,3162
1931,1231,3162
1913,1249,3162
1879,1283,3162
1873,1289,3162
1871,1291,3162
1861,1301,3162
1801,1361,3162
1789,1373,3162
1753,1409,3162
1733,1429,3162
1723,1439,3162
1709,1453,3162
1669,1493,3162
1663,1499,3162
1619,1543,3162
1613,1549,3162
1609,1553,3162
1583,1579,3162
3121,43,3164
3067,97,3164
3061,103,3164
3037,127,3164
3001,163,3164
2971,193,3164
2953,211,3164
2887,277,3164
2857,307,3164
2851,313,3164
2833,331,3164
2797,367,3164
2791,373,3164
2767,397,3164
2731,433,3164
2707,457,3164
2677,487,3164
2617,547,3164
2593,571,3164
2557,607,3164
2551,613,3164
2521,643,3164
2503,661,3164
2473,691,3164
2437,727,3164
2377,787,3164
2341,823,3164
2311,853,3164
2287,877,3164
2281,883,3164
2143,1021,3164
2131,1033,3164
2113,1051,3164
2011,1153,3164
1993,1171,3164
1951,1213,3164
1933,1231,3164
1873,1291,3164
1867,1297,3164
1861,1303,3164
1783,1381,3164
1741,1423,3164
1693,1471,3164
1621,1543,3164
1597,1567,3164
3163,3,3166
3137,29,3166
3119,47,3166
3083,83,3166
2999,167,3166
2969,197,3166
2939,227,3166
2927,239,3166
2909,257,3166
2903,263,3166
2897,269,3166
2819,347,3166
2777,389,3166
2699,467,3166
2687,479,3166
2663,503,3166
2657,509,3166
2609,557,3166
2579,587,3166
2549,617,3166
2447,719,3166
2423,743,3166
2393,773,3166
2357,809,3166
2339,827,3166
2309,857,3166
2237,929,3166
2213,953,3166
2153,1013,3166
2069,1097,3166
2063,1103,3166
2003,1163,3166
1979,1187,3166
1973,1193,3166
1949,1217,3166
1907,1259,3166
1889,1277,3166
1877,1289,3166
1847,1319,3166
1733,1433,3166
1667,1499,3166
1613,1553,3166
1607,1559,3166
1583,1583,3166
3163,5,3168
3137,31,3168
3121,47,3168
3109,59,3168
3089,79,3168
3079,89,3168
3067,101,3168
3061,107,3168
3041,127,3168
3037,131,3168
3019,149,3168
3011,157,3168
3001,167,3168
2971,197,3168
2969,199,3168
2957,211,3168
2939,229,3168
2927,241,3168
2917,251,3168
2897,271,3168
2887,281,3168
2861,307,3168
2857,311,3168
2851,317,3168
2837,331,3168
2819,349,3168
2801,367,3168
2789,379,3168
2767,401,3168
2749,419,3168
2729,439,3168
2719,449,3168
2711,457,3168
2707,461,3168
2689,479,3168
2677,491,3168
2659,509,3168
2647,521,3168
2621,547,3168
2591,577,3168
2551,617,3168
2549,619,3168
2521,647,3168
2477,691,3168
2467,701,3168
2459,709,3168
2441,727,3168
2417,751,3168
2411,757,3168
2399,769,3168
2381,787,3168
2371,797,3168
2357,811,3168
2347,821,3168
2341,827,3168
2339,829,3168
2311,857,3168
2309,859,3168
2287,881,3168
2281,887,3168
2239,929,3168
2221,947,3168
2137,1031,3168
2129,1039,3168
2099,1069,3168
2081,1087,3168
2039,1129,3168
2017,1151,3168
1997,1171,3168
1987,1181,3168
1951,1217,3168
1931,1237,3168
1889,1279,3168
1879,1289,3168
1877,1291,3168
1871,1297,3168
1867,1301,3168
1861,1307,3168
1847,1321,3168
1801,1367,3168
1787,1381,3168
1759,1409,3168
1741,1427,3168
1721,1447,3168
1709,1459,3168
1697,1471,3168
1669,1499,3168
1657,1511,3168
1637,1531,3168
1619,1549,3168
1609,1559,3168
1601,1567,3168
1597,1571,3168
3167,3,3170
3163,7,3170
3109,61,3170
3067,103,3170
3061,109,3170
3019,151,3170
2971,199,3170
2887,283,3170
2857,313,3170
2833,337,3170
2803,367,3170
2797,373,3170
2791,379,3170
2749,421,3170
2731,439,3170
2713,457,3170
2707,463,3170
2683,487,3170
2671,499,3170
2647,523,3170
2593,577,3170
2557,613,3170
2551,619,3170
2539,631,3170
2437,733,3170
2383,787,3170
2347,823,3170
2341,829,3170
2311,859,3170
2293,877,3170
2287,883,3170
2251,919,3170
2203,967,3170
2179,991,3170
2161,1009,3170
2137,1033,3170
2131,1039,3170
2083,1087,3170
2053,1117,3170
2017,1153,3170
1999,1171,3170
1933,1237,3170
1879,1291,3170
1873,1297,3170
1867,1303,3170
1789,1381,3170
1747,1423,3170
1741,1429,3170
1723,1447,3170
1699,1471,3170
1627,1543,3170
1621,1549,3170
3169,3,3172
3167,5,3172
3119,53,3172
3089,83,3172
3083,89,3172
3041,131,3172
3023,149,3172
2999,173,3172
2939,233,3172
2909,263,3172
2903,269,3172
2879,293,3172
2861,311,3172
2819,353,3172
2789,383,3172
2753,419,3172
2741,431,3172
2729,443,3172
2711,461,3172
2693,479,3172
2663,509,3172
2609,563,3172
2579,593,3172
2531,641,3172
2411,761,3172
2399,773,3172
2351,821,3172
2333,839,3172
2309,863,3172
2243,929,3172
2153,1019,3172
2141,1031,3172
2111,1061,3172
2081,1091,3172
2069,1103,3172
2063,1109,3172
1979,1193,3172
1949,1223,3172
1913,1259,3172
1889,1283,3172
1871,1301,3172
1811,1361,3172
1733,1439,3172
1721,1451,3172
1619,1553,3172
1613,1559,3172
1601,1571,3172
3169,5,3174
3167,7,3174
3163,11,3174
3137,37,3174
3121,53,3174
3067,107,3174
3061,113,3174
3037,137,3174
3023,151,3174
3011,163,3174
3001,173,3174
2963,211,3174
2917,257,3174
2903,271,3174
2897,277,3174
2861,313,3174
2857,317,3174
2843,331,3174
2837,337,3174
2801,373,3174
2791,383,3174
2777,397,3174
2753,421,3174
2741,433,3174
2731,443,3174
2713,461,3174
2711,463,3174
2707,467,3174
2687,487,3174
2683,491,3174
2671,503,3174
2633,541,3174
2617,557,3174
2557,617,3174
2543,631,3174
2531,643,3174
2521,653,3174
2473,701,3174
2447,727,3174
2441,733,3174
2423,751,3174
2417,757,3174
2377,797,3174
2351,823,3174
2347,827,3174
2311,863,3174
2297,877,3174
2293,881,3174
2287,887,3174
2267,907,3174
2237,937,3174
2221,953,3174
2207,967,3174
2203,971,3174
2161,1013,3174
2153,1021,3174
2143,1031,3174
2141,1033,3174
2113,1061,3174
2111,1063,3174
2087,1087,3174
2083,1091,3174
2081,1093,3174
2011,1163,3174
2003,1171,3174
1993,1181,3174
1987,1187,3174
1973,1201,3174
1951,1223,3174
1877,1297,3174
1873,1301,3174
1871,1303,3174
1867,1307,3174
1847,1327,3174
1801,1373,3174
1747,1427,3174
1741,1433,3174
1723,1451,3174
1721,1453,3174
1693,1481,3174
1663,1511,3174
1621,1553,3174
1607,1567,3174
3169,7,3176
3163,13,3176
3109,67,3176
3079,97,3176
3067,109,3176
3049,127,3176
3037,139,3176
3019,157,3176
2953,223,3176
2803,373,3176
2797,379,3176
2767,409,3176
2719,457,3176
2713,463,3176
2689,487,3176
2677,499,3176
2557,619,3176
2503,673,3176
2467,709,3176
2437,739,3176
2389,787,3176
2347,829,3176
2293,883,3176
2269,907,3176
2239,937,3176
2179,997,3176
2143,1033,3176
2137,1039,3176
2113,1063,3176
2089,1087,3176
2083,1093,3176
2053,1123,3176
1879,1297,3176
1873,1303,3176
1777,1399,3176
1753,1423,3176
1747,1429,3176
1723,1453,3176
1693,1483,3176
1627,1549,3176
1609,1567,3176
1597,1579,3176
3167,11,3178
3137,41,3178
3119,59,3178
3089,89,3178
3041,137,3178
3011,167,3178
2999,179,3178
2939,239,3178
2927,251,3178
2909,269,3178
2897,281,3178
2861,317,3178
2819,359,3178
2789,389,3178
2777,401,3178
2729,449,3178
2711,467,3178
2699,479,3178
2687,491,3178
2657,521,3178
2621,557,3178
2609,569,3178
2591,587,3178
2579,599,3178
2531,647,3178
2477,701,3178
2459,719,3178
2417,761,3178
2381,797,3178
2357,821,3178
2351,827,3178
2339,839,3178
2297,881,3178
2267,911,3178
2237,941,3178
2207,971,3178
2129,1049,3178
2087,1091,3178
2081,1097,3178
2069,1109,3178
2027,1151,3178
1997,1181,3178
1949,1229,3178
1901,1277,3178
1889,1289,3178
1877,1301,3178
1871,1307,3178
1811,1367,3178
1697,1481,3178
1667,1511,3178
1619,1559,3178
1607,1571,3178
3169,11,3180
3167,13,3180
3163,17,3180
3137,43,3180
3121,59,3180
3119,61,3180
3109,71,3180
3083,97,3180
3079,101,3180
3067,113,3180
3049,131,3180
3041,139,3180
3023,157,3180
3001,179,3180
2999,181,3180
2969,211,3180
2957,223,3180
2953,227,3180
2939,241,3180
2917,263,3180
2909,271,3180
2903,277,3180
2897,283,3180
2887,293,3180
2843,337,3180
2833,347,3180
2801,379,3180
2797,383,3180
2791,389,3180
2749,431,3180
2741,439,3180
2731,449,3180
2719,461,3180
2713,467,3180
2693,487,3180
2689,491,3180
2677,503,3180
2671,509,3180
2659,521,3180
2657,523,3180
2633,547,3180
2617,563,3180
2609,571,3180
2593,587,3180
2579,601,3180
2549,631,3180
2539,641,3180
2521,659,3180
2503,677,3180
2447,733,3180
2441,739,3180
2437,743,3180
2423,757,3180
2411,769,3180
2393,787,3180
2383,797,3180
2371,809,3180
2357,823,3180
2351,829,3180
2341,839,3180
2297,883,3180
2293,887,3180
2273,907,3180
2269,911,3180
2251,929,3180
2243,937,3180
2239,941,3180
2213,967,3180
2203,977,3180
2161,1019,3180
2141,1039,3180
2131,1049,3180
2129,1051,3180
2111,1069,3180
2089,1091,3180
2087,1093,3180
2083,1097,3180
2063,1117,3180
2029,1151,3180
2027,1153,3180
2017,1163,3180
1999,1181,3180
1993,1187,3180
1987,1193,3180
1979,1201,3180
1951,1229,3180
1949,1231,3180
1931,1249,3180
1901,1279,3180
1889,1291,3180
1879,1301,3180
1877,1303,3180
1873,1307,3180
1861,1319,3180
1753,1427,3180
1747,1433,3180
1741,1439,3180
1733,1447,3180
1721,1459,3180
1709,1471,3180
1699,1481,3180
1697,1483,3180
1693,1487,3180
1669,1511,3180
1657,1523,3180
1637,1543,3180
1627,1553,3180
1621,1559,3180
1613,1567,3180
1609,1571,3180
1601,1579,3180
1597,1583,3180
3169,13,3182
3163,19,3182
3121,61,3182
3109,73,3182
3079,103,3182
3019,163,3182
3001,181,3182
2971,211,3182
2953,229,3182
2851,331,3182
2833,349,3182
2803,379,3182
2749,433,3182
2719,463,3182
2683,499,3182
2659,523,3182
2551,631,3182
2539,643,3182
2521,661,3182
2473,709,3182
2371,811,3182
2161,1021,3182
2143,1039,3182
2131,1051,3182
2113,1069,3182
2089,1093,3182
2053,1129,3182
2029,1153,3182
2011,1171,3182
1951,1231,3182
1933,1249,3182
1879,1303,3182
1861,1321,3182
1801,1381,3182
1783,1399,3182
1759,1423,3182
1753,1429,3182
1723,1459,3182
1699,1483,3182
1693,1489,3182
3181,3,3184
3167,17,3184
3137,47,3184
3083,101,3184
3011,173,3184
2957,227,3184
2927,257,3184
2903,281,3184
2837,347,3184
2801,383,3184
2753,431,3184
2741,443,3184
2693,491,3184
2663,521,3184
2621,563,3184
2591,593,3184
2543,641,3184
2531,653,3184
2441,743,3184
2423,761,3184
2411,773,3184
2357,827,3184
2297,887,3184
2273,911,3184
2243,941,3184
2237,947,3184
2213,971,3184
2207,977,3184
2153,1031,3184
2087,1097,3184
2081,1103,3184
2003,1181,3184
1997,1187,3184
1907,1277,3184
1901,1283,3184
1877,1307,3184
1823,1361,3184
1811,1373,3184
1733,1451,3184
1697,1487,3184
1613,1571,3184
1601,1583,3184
3181,5,3186
3169,17,3186
3167,19,3186
3163,23,3186
3119,67,3186
3089,97,3186
3083,103,3186
3079,107,3186
3049,137,3186
3037,149,3186
3023,163,3186
3019,167,3186
2963,223,3186
2957,229,3186
2953,233,3186
2917,269,3186
2909,277,3186
2903,283,3186
2879,307,3186
2837,349,3186
2833,353,3186
2819,367,3186
2803,383,3186
2797,389,3186
2789,397,3186
2777,409,3186
2767,419,3186
2753,433,3186
2729,457,3186
2719,467,3186
2707,479,3186
2699,487,3186
2687,499,3186
2683,503,3186
2677,509,3186
2663,523,3186
2617,569,3186
2609,577,3186
2593,593,3186
2579,607,3186
2543,643,3186
2539,647,3186
2503,683,3186
2477,709,3186
2467,719,3186
2459,727,3186
2447,739,3186
2417,769,3186
2399,787,3186
2389,797,3186
2377,809,3186
2357,829,3186
2347,839,3186
2333,853,3186
2309,877,3186
2267,919,3186
2239,947,3186
2203,983,3186
2153,1033,3186
2137,1049,3186
2099,1087,3186
2089,1097,3186
2083,1103,3186
2069,1117,3186
2063,1123,3186
1999,1187,3186
1993,1193,3186
1973,1213,3186
1949,1237,3186
1907,1279,3186
1889,1297,3186
1879,1307,3186
1867,1319,3186
1787,1399,3186
1777,1409,3186
1759,1427,3186
1753,1433,3186
1747,1439,3186
1733,1453,3186
1699,1487,3186
1697,1489,3186
1693,1493,3186
1663,1523,3186
1637,1549,3186
1627,1559,3186
1619,1567,3186
1607,1579,3186
3181,7,3188
3169,19,3188
3121,67,3188
3109,79,3188
3079,109,3188
3061,127,3188
3049,139,3188
3037,151,3188
2917,271,3188
2857,331,3188
2851,337,3188
2791,397,3188
2767,421,3188
2749,439,3188
2731,457,3188
2689,499,3188
2647,541,3188
2617,571,3188
2557,631,3188
2437,751,3188
2377,811,3188
2311,877,3188
2281,907,3188
2269,919,3188
2251,937,3188
2221,967,3188
2179,1009,3188
2137,1051,3188
2017,1171,3188
1987,1201,3188
1951,1237,3188
1867,1321,3188
1861,1327,3188
1789,1399,3188
1759,1429,3188
1741,1447,3188
1699,1489,3188
1657,1531,3188
1621,1567,3188
1609,1579,3188
3187,3,3190
3167,23,3190
3137,53,3190
3119,71,3190
3089,101,3190
3083,107,3190
3041,149,3190
3023,167,3190
3011,179,3190
2999,191,3190
2963,227,3190
2957,233,3190
2939,251,3190
2927,263,3190
2909,281,3190
2897,293,3190
2879,311,3190
2843,347,3190
2837,353,3190
2801,389,3190
2789,401,3190
2741,449,3190
2729,461,3190
2711,479,3190
2699,491,3190
2687,503,3190
2633,557,3190
2621,569,3190
2591,599,3190
2549,641,3190
2543,647,3190
2531,659,3190
2447,743,3190
2417,773,3190
2393,797,3190
2381,809,3190
2351,839,3190
2333,857,3190
2309,881,3190
2243,947,3190
2237,953,3190
2213,977,3190
2207,983,3190
2141,1049,3190
2129,1061,3190
2099,1091,3190
2087,1103,3190
2081,1109,3190
2039,1151,3190
2027,1163,3190
2003,1187,3190
1997,1193,3190
1973,1217,3190
1931,1259,3190
1913,1277,3190
1907,1283,3190
1901,1289,3190
1889,1301,3190
1871,1319,3190
1823,1367,3190
1709,1481,3190
1697,1493,3190
1667,1523,3190
1637,1553,3190
1619,1571,3190
1607,1583,3190
3187,5,3192
3181,11,3192
3169,23,3192
3163,29,3192
3121,71,3192
3119,73,3192
3109,83,3192
3089,103,3192
3083,109,3192
3079,113,3192
3061,131,3192
3041,151,3192
3019,173,3192
3011,181,3192
3001,191,3192
2999,193,3192
2969,223,3192
2963,229,3192
2953,239,3192
2909,283,3192
2879,313,3192
2861,331,3192
2843,349,3192
2833,359,3192
2819,373,3192
2803,389,3192
2791,401,3192
2753,439,3192
2749,443,3192
2731,461,3192
2729,463,3192
2713,479,3192
2693,499,3192
2689,503,3192
2683,509,3192
2671,521,3192
2621,571,3192
2593,599,3192
2591,601,3192
2579,613,3192
2551,641,3192
2549,643,3192
2539,653,3192
2531,661,3192
2473,719,3192
2459,733,3192
2441,751,3192
2423,769,3192
2383,809,3192
2381,811,3192
2371,821,3192
2339,853,3192
2333,859,3192
2311,881,3192
2309,883,3192
2281,911,3192
2273,919,3192
2251,941,3192
2239,953,3192
2221,971,3192
2179,1013,3192
2161,1031,3192
2153,1039,3192
2143,1049,3192
2141,1051,3192
2131,1061,3192
2129,1063,3192
2099,1093,3192
2089,1103,3192
2083,1109,3192
2069,1123,3192
2063,1129,3192
2039,1153,3192
2029,1163,3192
2011,1181,3192
1999,1193,3192
1979,1213,3192
1933,1259,3192
1913,1279,3192
1901,1291,3192
1889,1303,3192
1873,1319,3192
1871,1321,3192
1831,1361,3192
1811,1381,3192
1783,1409,3192
1759,1433,3192
1753,1439,3192
1741,1451,3192
1733,1459,3192
1721,1471,3192
1709,1483,3192
1699,1493,3192
1693,1499,3192
1669,1523,3192
1621,1571,3192
1613,1579,3192
1609,1583,3192
3191,3,3194
3187,7,3194
3181,13,3194
3163,31,3194
3121,73,3194
3067,127,3194
3037,157,3194
3001,193,3194
2971,223,3194
2953,241,3194
2917,277,3194
2887,307,3194
2857,337,3194
2797,397,3194
2731,463,3194
2707,487,3194
2671,523,3194
2647,547,3194
2617,577,3194
2593,601,3194
2551,643,3194
2521,673,3194
2503,691,3194
2467,727,3194
2437,757,3194
2383,811,3194
2371,823,3194
2341,853,3194
2311,883,3194
2287,907,3194
2203,991,3194
2161,1033,3194
2143,1051,3194
2131,1063,3194
1993,1201,3194
1873,1321,3194
1867,1327,3194
1747,1447,3194
1741,1453,3194
1723,1471,3194
1663,1531,3194
1627,1567,3194
1597,1597,3194
3191,5,3196
3167,29,3196
3137,59,3196
3089,107,3196
3083,113,3196
3023,173,3196
2999,197,3196
2969,227,3196
2963,233,3196
2957,239,3196
2939,257,3196
2927,269,3196
2903,293,3196
2879,317,3196
2843,353,3196
2837,359,3196
2777,419,3196
2753,443,3196
2729,467,3196
2693,503,3196
2687,509,3196
2633,563,3196
2609,587,3196
2579,617,3196
2549,647,3196
2543,653,3196
2477,719,3196
2423,773,3196
2399,797,3196
2357,839,3196
2339,857,3196
2333,863,3196
2309,887,3196
2267,929,3196
2243,953,3196
2213,983,3196
2099,1097,3196
2087,1109,3196
2003,1193,3196
1979,1217,3196
1973,1223,3196
1913,1283,3196
1907,1289,3196
1889,1307,3196
1877,1319,3196
1823,1373,3196
1787,1409,3196
1709,1487,3196
1697,1499,3196
1637,1559,3196
1613,1583,3196
3191,7,3198
3187,11,3198
3181,17,3198
3169,29,3198
3167,31,3198
3137,61,3198
3119,79,3198
3109,89,3198
3089,109,3198
3067,131,3198
3061,137,3198
3049,149,3198
3041,157,3198
3019,179,3198
3001,197,3198
2999,199,3198
2971,227,3198
2969,229,3198
2957,241,3198
2927,271,3198
2917,281,3198
2887,311,3198
2861,337,3198
2851,347,3198
2819,379,3198
2801,397,3198
2797,401,3198
2789,409,3198
2777,421,3198
2767,431,3198
2749,449,3198
2741,457,3198
2731,467,3198
2719,479,3198
2711,487,3198
2707,491,3198
2699,499,3198
2689,509,3198
2677,521,3198
2657,541,3198
2621,577,3198
2591,607,3198
2579,619,3198
2557,641,3198
2551,647,3198
2539,659,3198
2521,677,3198
2459,739,3198
2447,751,3198
2441,757,3198
2437,761,3198
2411,787,3198
2389,809,3198
2377,821,3198
2371,827,3198
2341,857,3198
2339,859,3198
2311,887,3198
2287,911,3198
2269,929,3198
2251,947,3198
2221,977,3198
2207,991,3198
2179,1019,3198
2137,1061,3198
2129,1069,3198
2111,1087,3198
2089,1109,3198
2081,1117,3198
2069,1129,3198
2027,1171,3198
2017,1181,3198
2011,1187,3198
1997,1201,3198
1949,1249,3198
1907,1291,3198
1901,1297,3198
1879,1319,3198
1877,1321,3198
1871,1327,3198
1831,1367,3198
1789,1409,3198
1759,1439,3198
1747,1451,3198
1709,1489,3198
1699,1499,3198
1667,1531,3198
1627,1571,3198
1619,1579,3198
1601,1597,3198
3187,13,3200
3181,19,3200
3169,31,3200
3163,37,3200
3121,79,3200
3061,139,3200
3049,151,3200
3037,163,3200
3019,181,3200
3001,199,3200
2971,229,3200
2917,283,3200
2887,313,3200
2851,349,3200
2833,367,3200
2803,397,3200
2791,409,3200
2767,433,3200
2713,487,3200
2677,523,3200
2659,541,3200
2593,607,3200
2557,643,3200
2539,661,3200
2473,727,3200
2467,733,3200
2389,811,3200
2377,823,3200
2371,829,3200
2347,853,3200
2341,859,3200
2293,907,3200
2281,919,3200
2203,997,3200
2179,1021,3200
2161,1039,3200
2137,1063,3200
2131,1069,3200
2113,1087,3200
2083,1117,3200
2029,1171,3200
1999,1201,3200
1987,1213,3200
1951,1249,3200
1879,1321,3200
1873,1327,3200
1801,1399,3200
1777,1423,3200
1753,1447,3200
1747,1453,3200
1741,1459,3200
1669,1531,3200
1657,1543,3200
1621,1579,3200
3191,11,3202
3119,83,3202
3089,113,3202
3023,179,3202
3011,191,3202
2969,233,3202
2963,239,3202
2939,263,3202
2909,293,3202
2843,359,3202
2819,383,3202
2801,401,3202
2753,449,3202
2741,461,3202
2711,491,3202
2699,503,3202
2693,509,3202
2633,569,3202
2609,593,3202
2549,653,3202
2543,659,3202
2459,743,3202
2441,761,3202
2393,809,3202
2381,821,3202
2339,863,3202
2273,929,3202
2153,1049,3202
2141,1061,3202
2111,1091,3202
2099,1103,3202
2039,1163,3202
1979,1223,3202
1973,1229,3202
1913,1289,3202
1901,1301,3202
1721,1481,3202
1709,1493,3202
1619,1583,3202
1601,1601,3202
3191,13,3204
3187,17,3204
3181,23,3204
3167,37,3204
3163,41,3204
3137,67,3204
3121,83,3204
3067,137,3204
3041,163,3204
3037,167,3204
3023,181,3204
3011,193,3204
2971,233,3204
2963,241,3204
2953,251,3204
2927,277,3204
2897,307,3204
2887,317,3204
2857,347,3204
2851,353,3204
2837,367,3204
2803,401,3204
2741,463,3204
2713,491,3204
2683,521,3204
2663,541,3204
2657,547,3204
2647,557,3204
2633,571,3204
2617,587,3204
2591,613,3204
2557,647,3204
2551,653,3204
2543,661,3204
2531,673,3204
2521,683,3204
2503,701,3204
2477,727,3204
2447,757,3204
2417,787,3204
2393,811,3204
2383,821,3204
2381,823,3204
2377,827,3204
2351,853,3204
2347,857,3204
2341,863,3204
2297,907,3204
2293,911,3204
2267,937,3204
2251,953,3204
2237,967,3204
2221,983,3204
2213,991,3204
2207,997,3204
2153,1051,3204
2143,1061,3204
2141,1063,3204
2113,1091,3204
2111,1093,3204
2087,1117,3204
2081,1123,3204
2053,1151,3204
2017,1187,3204
2011,1193,3204
2003,1201,3204
1987,1217,3204
1973,1231,3204
1913,1291,3204
1907,1297,3204
1901,1303,3204
1877,1327,3204
1831,1373,3204
1823,1381,3204
1777,1427,3204
1753,1451,3204
1733,1471,3204
1723,1481,3204
1721,1483,3204
1693,1511,3204
1637,1567,3204
1621,1583,3204
1607,1597,3204
3203,3,3206
3187,19,3206
3169,37,3206
3163,43,3206
3109,97,3206
3079,127,3206
3067,139,3206
3049,157,3206
2857,349,3206
2833,373,3206
2797,409,3206
2767,439,3206
2749,457,3206
2719,487,3206
2707,499,3206
2683,523,3206
2659,547,3206
2593,613,3206
2473,733,3206
2467,739,3206
2437,769,3206
2383,823,3206
2377,829,3206
2347,859,3206
2287,919,3206
2269,937,3206
2239,967,3206
2143,1063,3206
2137,1069,3206
2113,1093,3206
2089,1117,3206
2083,1123,3206
2053,1153,3206
1993,1213,3206
1879,1327,3206
1783,1423,3206
1777,1429,3206
1759,1447,3206
1753,1453,3206
1747,1459,3206
1723,1483,3206
1663,1543,3206
1657,1549,3206
1627,1579,3206
1609,1597,3206
3203,5,3208
3191,17,3208
3167,41,3208
3137,71,3208
3119,89,3208
3041,167,3208
3011,197,3208
2969,239,3208
2957,251,3208
2939,269,3208
2927,281,3208
2897,311,3208
2861,347,3208
2819,389,3208
2789,419,3208
2777,431,3208
2741,467,3208
2729,479,3208
2699,509,3208
2687,521,3208
2621,587,3208
2609,599,3208
2591,617,3208
2549,659,3208
2531,677,3208
2447,761,3208
2411,797,3208
2399,809,3208
2381,827,3208
2351,857,3208
2297,911,3208
2267,941,3208
2237,971,3208
2111,1097,3208
2099,1109,3208
2027,1181,3208
1979,1229,3208
1949,1259,3208
1931,1277,3208
1907,1301,3208
1901,1307,3208
1889,1319,3208
1847,1361,3208
1721,1487,3208
1709,1499,3208
1697,1511,3208
1637,1571,3208
1607,1601,3208
3203,7,3210
3191,19,3210
3187,23,3210
3181,29,3210
3169,41,3210
3167,43,3210
3163,47,3210
3137,73,3210
3121,89,3210
3109,101,3210
3083,127,3210
3079,131,3210
3061,149,3210
3037,173,3210
3019,191,3210
3011,199,3210
2999,211,3210
2971,239,3210
2969,241,3210
2953,257,3210
2939,271,3210
2927,283,3210
2917,293,3210
2903,307,3210
2897,313,3210
2879,331,3210
2861,349,3210
2857,353,3210
2851,359,3210
2843,367,3210
2837,373,3210
2801,409,3210
2791,419,3210
2789,421,3210
2777,433,3210
2767,443,3210
2753,457,3210
2749,461,3210
2731,479,3210
2719,491,3210
2711,499,3210
2707,503,3210
2689,521,3210
2687,523,3210
2663,547,3210
2647,563,3210
2633,577,3210
2617,593,3210
2609,601,3210
2593,617,3210
2591,619,3210
2579,631,3210
2557,653,3210
2551,659,3210
2549,661,3210
2477,733,3210
2467,743,3210
2459,751,3210
2441,769,3210
2437,773,3210
2423,787,3210
2399,811,3210
2389,821,3210
2383,827,3210
2381,829,3210
2371,839,3210
2357,853,3210
2351,859,3210
2347,863,3210
2333,877,3210
2281,929,3210
2273,937,3210
2269,941,3210
2243,967,3210
2239,971,3210
2213,997,3210
2179,1031,3210
2161,1049,3210
2141,1069,3210
2113,1097,3210
2087,1123,3210
2081,1129,3210
2039,1171,3210
2029,1181,3210
2017,1193,3210
1997,1213,3210
1993,1217,3210
1987,1223,3210
1979,1231,3210
1973,1237,3210
1951,1259,3210
1933,1277,3210
1931,1279,3210
1913,1297,3210
1907,1303,3210
1889,1321,3210
1811,1399,3210
1801,1409,3210
1787,1423,3210
1783,1427,3210
1777,1433,3210
1759,1451,3210
1723,1487,3210
1721,1489,3210
1699,1511,3210
1667,1543,3210
1657,1553,3210
1627,1583,3210
1613,1597,3210
1609,1601,3210
3209,3,3212
3181,31,3212
3169,43,3212
3109,103,3212
3061,151,3212
3049,163,3212
3019,193,3212
3001,211,3212
2971,241,3212
2833,379,3212
2803,409,3212
2791,421,3212
2749,463,3212
2713,499,3212
2689,523,3212
2671,541,3212
2593,619,3212
2551,661,3212
2539,673,3212
2521,691,3212
2503,709,3212
2473,739,3212
2389,823,3212
2383,829,3212
2293,919,3212
2221,991,3212
2203,1009,3212
2179,1033,3212
2161,1051,3212
2143,1069,3212
2089,1123,3212
2083,1129,3212
2011,1201,3212
1999,1213,3212
1933,1279,3212
1831,1381,3212
1789,1423,3212
1783,1429,3212
1759,1453,3212
1753,1459,3212
1741,1471,3212
1723,1489,3212
1669,1543,3212
1663,1549,3212
3209,5,3214
3203,11,3214
3191,23,3214
3167,47,3214
3083,131,3214
3041,173,3214
3023,191,3214
2963,251,3214
2957,257,3214
2903,311,3214
2897,317,3214
2861,353,3214
2753,461,3214
2711,503,3214
2693,521,3214
2657,557,3214
2621,593,3214
2531,683,3214
2441,773,3214
2417,797,3214
2393,821,3214
2357,857,3214
2351,863,3214
2333,881,3214
2273,941,3214
2267,947,3214
2243,971,3214
2237,977,3214
2153,1061,3214
2111,1103,3214
2063,1151,3214
2027,1187,3214
1997,1217,3214
1931,1283,3214
1913,1301,3214
1907,1307,3214
1847,1367,3214
1787,1427,3214
1733,1481,3214
1721,1493,3214
1613,1601,3214
1607,1607,3214
3209,7,3216
3203,13,3216
3187,29,3216
3169,47,3216
3163,53,3216
3137,79,3216
3119,97,3216
3109,107,3216
3089,127,3216
3079,137,3216
3067,149,3216
3049,167,3216
3037,179,3216
3023,193,3216
3019,197,3216
2953,263,3216
2939,277,3216
2909,307,3216
2903,313,3216
2879,337,3216
2857,359,3216
2843,373,3216
2837,379,3216
2833,383,3216
2819,397,3216
2797,419,3216
2777,439,3216
2767,449,3216
2753,463,3216
2749,467,3216
2729,487,3216
2713,503,3216
2707,509,3216
2693,523,3216
2659,557,3216
2647,569,3216
2617,599,3216
2609,607,3216
2557,659,3216
2543,673,3216
2539,677,3216
2477,739,3216
2473,743,3216
2459,757,3216
2447,769,3216
2393,823,3216
2389,827,3216
2377,839,3216
2357,859,3216
2339,877,3216
2333,883,3216
2309,907,3216
2297,919,3216
2287,929,3216
2269,947,3216
2239,977,3216
2207,1009,3216
2203,1013,3216
2153,1063,3216
2129,1087,3216
2113,1103,3216
2099,1117,3216
2087,1129,3216
2063,1153,3216
2053,1163,3216
2029,1187,3216
2003,1213,3216
1999,1217,3216
1993,1223,3216
1987,1229,3216
1979,1237,3216
1933,1283,3216
1913,1303,3216
1889,1327,3216
1789,1427,3216
1787,1429,3216
1783,1433,3216
1777,1439,3216
1733,1483,3216
1723,1493,3216
1693,1523,3216
1667,1549,3216
1663,1553,3216
1657,1559,3216
1637,1579,3216
1619,1597,3216
1609,1607,3216
3187,31,3218
3181,37,3218
3121,97,3218
3109,109,3218
3079,139,3218
3067,151,3218
3061,157,3218
3037,181,3218
3019,199,3218
2887,331,3218
2851,367,3218
2797,421,3218
2731,487,3218
2719,499,3218
2677,541,3218
2671,547,3218
2647,571,3218
2617,601,3218
2557,661,3218
2467,751,3218
2389,829,3218
2341,877,3218
2311,907,3218
2281,937,3218
2251,967,3218
2221,997,3218
2179,1039,3218
2131,1087,3218
2089,1129,3218
2017,1201,3218
1987,1231,3218
1789,1429,3218
1759,1459,3218
1747,1471,3218
1669,1549,3218
1621,1597,3218
1609,1609,3218
3217,3,3220
3209,11,3220
3203,17,3220
3191,29,3220
3167,53,3220
3137,83,3220
3119,101,3220
3089,131,3220
3083,137,3220
3041,179,3220
3023,197,3220
2969,251,3220
2963,257,3220
2957,263,3220
2939,281,3220
2927,293,3220
2909,311,3220
2903,317,3220
2861,359,3220
2837,383,3220
2819,401,3220
2801,419,3220
2789,431,3220
2777,443,3220
2753,467,3220
2741,479,3220
2729,491,3220
2711,509,3220
2699,521,3220
2663,557,3220
2657,563,3220
2633,587,3220
2621,599,3220
2579,641,3220
2543,677,3220
2477,743,3220
2459,761,3220
2447,773,3220
2423,797,3220
2411,809,3220
2399,821,3220
2393,827,3220
2381,839,3220
2357,863,3220
2339,881,3220
2333,887,3220
2309,911,3220
2273,947,3220
2267,953,3220
2243,977,3220
2237,983,3220
2207,1013,3220
2129,1091,3220
2111,1109,3220
2069,1151,3220
2039,1181,3220
2027,1193,3220
2003,1217,3220
1997,1223,3220
1931,1289,3220
1913,1307,3220
1901,1319,3220
1847,1373,3220
1811,1409,3220
1787,1433,3220
1733,1487,3220
1721,1499,3220
1709,1511,3220
1697,1523,3220
1667,1553,3220
1637,1583,3220
1619,1601,3220
1613,1607,3220
3217,5,3222
3209,13,3222
3203,19,3222
3191,31,3222
3181,41,3222
3169,53,3222
3163,59,3222
3121,101,3222
3119,103,3222
3109,113,3222
3083,139,3222
3049,173,3222
3041,181,3222
3023,199,3222
3011,211,3222
2999,223,3222
2971,251,3222
2953,269,3222
2939,283,3222
2909,313,3222
2843,379,3222
2833,389,3222
2803,419,3222
2801,421,3222
2791,431,3222
2789,433,3222
2731,491,3222
2719,503,3222
2713,509,3222
2699,523,3222
2659,563,3222
2621,601,3222
2609,613,3222
2591,631,3222
2579,643,3222
2549,673,3222
2539,683,3222
2531,691,3222
2521,701,3222
2503,719,3222
2411,811,3222
2399,823,3222
2393,829,3222
2383,839,3222
2341,881,3222
2339,883,3222
2311,911,3222
2293,929,3222
2281,941,3222
2269,953,3222
2251,971,3222
2239,983,3222
2213,1009,3222
2203,1019,3222
2161,1061,3222
2153,1069,3222
2131,1091,3222
2129,1093,3222
2113,1109,3222
2099,1123,3222
2069,1153,3222
2029,1193,3222
1999,1223,3222
1993,1229,3222
1973,1249,3222
1933,1289,3222
1931,1291,3222
1901,1321,3222
1861,1361,3222
1823,1399,3222
1789,1433,3222
1783,1439,3222
1741,1481,3222
1733,1489,3222
1723,1499,3222
1699,1523,3222
1669,1553,3222
1663,1559,3222
1621,1601,3222
1613,1609,3222
3221,3,3224
3217,7,3224
3187,37,3224
3181,43,3224
3163,61,3224
3121,103,3224
3067,157,3224
3061,163,3224
3001,223,3224
2953,271,3224
2917,307,3224
2887,337,3224
2857,367,3224
2851,373,3224
2803,421,3224
2791,433,3224
2767,457,3224
2683,541,3224
2677,547,3224
2647,577,3224
2617,607,3224
2593,631,3224
2551,673,3224
2473,751,3224
2467,757,3224
2437,787,3224
2371,853,3224
2347,877,3224
2341,883,3224
2287,937,3224
2203,1021,3224
2161,1063,3224
2137,1087,3224
2131,1093,3224
2053,1171,3224
2011,1213,3224
1993,1231,3224
1987,1237,3224
1933,1291,3224
1801,1423,3224
1777,1447,3224
1753,1471,3224
1741,1483,3224
1693,1531,3224
1657,1567,3224
1627,1597,3224
3221,5,3226
3209,17,3226
3203,23,3226
3167,59,3226
3137,89,3226
3119,107,3226
3089,137,3226
2999,227,3226
2969,257,3226
2963,263,3226
2957,269,3226
2909,317,3226
2879,347,3226
2843,383,3226
2837,389,3226
2777,449,3226
2663,563,3226
2657,569,3226
2633,593,3226
2609,617,3226
2579,647,3226
2549,677,3226
2543,683,3226
2417,809,3226
2399,827,3226
2339,887,3226
2297,929,3226
2273,953,3226
2243,983,3226
2213,1013,3226
2207,1019,3226
2129,1097,3226
2063,1163,3226
2039,1187,3226
2003,1223,3226
1997,1229,3226
1949,1277,3226
1907,1319,3226
1787,1439,3226
1733,1493,3226
1667,1559,3226
1619,1607,3226
1613,1613,3226
3221,7,3228
3217,11,3228
3209,19,3228
3191,37,3228
3187,41,3228
3181,47,3228
3169,59,3228
3167,61,3228
3121,107,3228
3119,109,3228
3089,139,3228
3079,149,3228
3061,167,3228
3049,179,3228
3037,191,3228
3001,227,3228
2999,229,3228
2971,257,3228
2957,271,3228
2917,311,3228
2897,331,3228
2879,349,3228
2861,367,3228
2819,409,3228
2797,431,3228
2789,439,3228
2767,461,3228
2749,479,3228
2741,487,3228
2729,499,3228
2719,509,3228
2707,521,3228
2687,541,3228
2671,557,3228
2659,569,3228
2657,571,3228
2621,607,3228
2609,619,3228
2551,677,3228
2477,751,3228
2467,761,3228
2459,769,3228
2441,787,3228
2417,811,3228
2399,829,3228
2389,839,3228
2371,857,3228
2351,877,3228
2347,881,3228
2341,887,3228
2309,919,3228
2287,941,3228
2281,947,3228
2251,977,3228
2237,991,3228
2207,1021,3228
2179,1049,3228
2141,1087,3228
2137,1091,3228
2131,1097,3228
2111,1117,3228
2099,1129,3228
2027,1201,3228
2011,1217,3228
1999,1229,3228
1997,1231,3228
1979,1249,3228
1951,1277,3228
1949,1279,3228
1931,1297,3228
1907,1321,3228
1901,1327,3228
1867,1361,3228
1861,1367,3228
1847,1381,3228
1801,1427,3228
1789,1439,3228
1777,1451,3228
1747,1481,3228
1741,1487,3228
1697,1531,3228
1669,1559,3228
1657,1571,3228
1627,1601,3228
1621,1607,3228
1619,1609,3228
3217,13,3230
3187,43,3230
3169,61,3230
3163,67,3230
3121,109,3230
3079,151,3230
3067,163,3230
3049,181,3230
3037,193,3230
3019,211,3230
3001,229,3230
2953,277,3230
2917,313,3230
2857,373,3230
2851,379,3230
2833,397,3230
2797,433,3230
2791,439,3230
2767,463,3230
2731,499,3230
2707,523,3230
2689,541,3230
2683,547,3230
2659,571,3230
2617,613,3230
2557,673,3230
2539,691,3230
2521,709,3230
2503,727,3230
2473,757,3230
2377,853,3230
2371,859,3230
2347,883,3230
2311,919,3230
2293,937,3230
2239,991,3230
2221,1009,3230
2179,1051,3230
2161,1069,3230
2143,1087,3230
2137,1093,3230
2113,1117,3230
2029,1201,3230
2017,1213,3230
1999,1231,3230
1993,1237,3230
1951,1279,3230
1933,1297,3230
1831,1399,3230
1801,1429,3230
1783,1447,3230
1777,1453,3230
1759,1471,3230
1747,1483,3230
1741,1489,3230
1699,1531,3230
1663,1567,3230
1621,1609,3230
3229,3,3232
3221,11,3232
3209,23,3232
3203,29,3232
3191,41,3232
3119,113,3232
3083,149,3232
3041,191,3232
2999,233,3232
2969,263,3232
2963,269,3232
2939,293,3232
2879,353,3232
2843,389,3232
2801,431,3232
2789,443,3232
2753,479,3232
2741,491,3232
2729,503,3232
2711,521,3232
2663,569,3232
2633,599,3232
2591,641,3232
2579,653,3232
2549,683,3232
2531,701,3232
2459,773,3232
2423,809,3232
2411,821,3232
2393,839,3232
2351,881,3232
2213,1019,3232
2141,1091,3232
2129,1103,3232
2081,1151,3232
2069,1163,3232
2039,1193,3232
2003,1229,3232
1973,1259,3232
1949,1283,3232
1931,1301,3232
1913,1319,3232
1871,1361,3232
1823,1409,3232
1733,1499,3232
1721,1511,3232
1709,1523,3232
1619,1613,3232
3229,5,3234
3221,13,3234
3217,17,3234
3203,31,3234
3191,43,3234
3187,47,3234
3181,53,3234
3167,67,3234
3163,71,3234
3137,97,3234
3121,113,3234
3083,151,3234
3067,167,3234
3061,173,3234
3041,193,3234
3037,197,3234
3023,211,3234
3011,223,3234
3001,233,3234
2971,263,3234
2963,271,3234
2957,277,3234
2953,281,3234
2927,307,3234
2917,317,3234
2903,331,3234
2897,337,3234
2887,347,3234
2861,373,3234
2851,383,3234
2837,397,3234
2833,401,3234
2803,431,3234
2801,433,3234
2791,443,3234
2777,457,3234
2767,467,3234
2731,503,3234
2713,521,3234
2711,523,3234
2693,541,3234
2687,547,3234
2677,557,3234
2671,563,3234
2663,571,3234
2657,577,3234
2647,587,3234
2633,601,3234
2621,613,3234
2617,617,3234
2593,641,3234
2591,643,3234
2557,677,3234
2551,683,3234
2543,691,3234
2477,757,3234
2473,761,3234
2447,787,3234
2437,797,3234
2423,811,3234
2411,823,3234
2381,853,3234
2377,857,3234
2371,863,3234
2357,877,3234
2351,883,3234
2347,887,3234
2297,937,3234
2293,941,3234
2287,947,3234
2281,953,3234
2267,967,3234
2251,983,3234
2243,991,3234
2237,997,3234
2221,1013,3234
2213,1021,3234
2203,1031,3234
2143,1091,3234
2141,1093,3234
2137,1097,3234
2131,1103,3234
2111,1123,3234
2083,1151,3234
2081,1153,3234
2063,1171,3234
2053,1181,3234
2017,1217,3234
2011,1223,3234
2003,1231,3234
1997,1237,3234
1951,1283,3234
1933,1301,3234
1931,1303,3234
1913,1321,3234
1907,1327,3234
1873,1361,3234
1867,1367,3234
1861,1373,3234
1811,1423,3234
1801,1433,3234
1787,1447,3234
1783,1451,3234
1753,1481,3234
1747,1487,3234
1741,1493,3234
1723,1511,3234
1667,1567,3234
1663,1571,3234
1637,1597,3234
1627,1607,3234
1621,1613,3234
3229,7,3236
3217,19,3236
3169,67,3236
3163,73,3236
3109,127,3236
3079,157,3236
3037,199,3236
2953,283,3236
2887,349,3236
2857,379,3236
2803,433,3236
2797,439,3236
2749,487,3236
2713,523,3236
2689,547,3236
2659,577,3236
2617,619,3236
2593,643,3236
2503,733,3236
2467,769,3236
2383,853,3236
2377,859,3236
2269,967,3236
2239,997,3236
2203,1033,3236
2143,1093,3236
2113,1123,3236
2083,1153,3236
1999,1237,3236
1987,1249,3236
1933,1303,3236
1789,1447,3236
1783,1453,3236
1777,1459,3236
1753,1483,3236
1747,1489,3236
1693,1543,3236
1669,1567,3236
1657,1579,3236
1627,1609,3236
3221,17,3238
3209,29,3238
3191,47,3238
3167,71,3238
3137,101,3238
3089,149,3238
3041,197,3238
3011,227,3238
2999,239,3238
2969,269,3238
2957,281,3238
2927,311,3238
2879,359,3238
2837,401,3238
2819,419,3238
2789,449,3238
2777,461,3238
2729,509,3238
2621,617,3238
2591,647,3238
2579,659,3238
2477,761,3238
2441,797,3238
2417,821,3238
2411,827,3238
2399,839,3238
2381,857,3238
2357,881,3238
2351,887,3238
2309,929,3238
2297,941,3238
2267,971,3238
2207,1031,3238
2141,1097,3238
2129,1109,3238
2087,1151,3238
1979,1259,3238
1949,1289,3238
1931,1307,3238
1877,1361,3238
1871,1367,3238
1811,1427,3238
1787,1451,3238
1667,1571,3238
1637,1601,3238
1619,1619,3238
3229,11,3240
3221,19,3240
3217,23,3240
3209,31,3240
3203,37,3240
3187,53,3240
3181,59,3240
3169,71,3240
3167,73,3240
3137,103,3240
3109,131,3240
3089,151,3240
3083,157,3240
3067,173,3240
3061,179,3240
3049,191,3240
3041,199,3240
3011,229,3240
3001,239,3240
2999,241,3240
2971,269,3240
2969,271,3240
2963,277,3240
2957,283,3240
2927,313,3240
2909,331,3240
2903,337,3240
2887,353,3240
2861,379,3240
2857,383,3240
2851,389,3240
2843,397,3240
2819,421,3240
2801,439,3240
2797,443,3240
2791,449,3240
2777,463,3240
2753,487,3240
2749,491,3240
2741,499,3240
2731,509,3240
2719,521,3240
2699,541,3240
2693,547,3240
2683,557,3240
2677,563,3240
2671,569,3240
2663,577,3240
2647,593,3240
2633,607,3240
2621,619,3240
2609,631,3240
2593,647,3240
2579,661,3240
2557,683,3240
2549,691,3240
2539,701,3240
2531,709,3240
2521,719,3240
2467,773,3240
2417,823,3240
2411,829,3240
2383,857,3240
2381,859,3240
2377,863,3240
2357,883,3240
2333,907,3240
2311,929,3240
2293,947,3240
2287,953,3240
2273,967,3240
2269,971,3240
2243,997,3240
2221,1019,3240
2207,1033,3240
2179,1061,3240
2153,1087,3240
2143,1097,3240
2137,1103,3240
2131,1109,3240
2111,1129,3240
2089,1151,3240
2087,1153,3240
2069,1171,3240
2053,1187,3240
2039,1201,3240
2027,1213,3240
2017,1223,3240
2011,1229,3240
2003,1237,3240
1951,1289,3240
1949,1291,3240
1933,1307,3240
1913,1327,3240
1879,1361,3240
1873,1367,3240
1867,1373,3240
1831,1409,3240
1811,1429,3240
1801,1439,3240
1789,1451,3240
1787,1453,3240
1759,1481,3240
1753,1487,3240
1747,1493,3240
1741,1499,3240
1709,1531,3240
1697,1543,3240
1669,1571,3240
1657,1583,3240
1627,1613,3240
1621,1619,3240
3229,13,3242
3181,61,3242
3169,73,3242
3163,79,3242
3079,163,3242
3061,181,3242
3049,193,3242
3019,223,3242
3001,241,3242
2971,271,3242
2833,409,3242
2803,439,3242
2719,523,3242
2671,571,3242
2551,691,3242
2503,739,3242
2473,769,3242
2389,853,3242
2383,859,3242
2251,991,3242
2221,1021,3242
2203,1039,3242
2179,1063,3242
2113,1129,3242
2089,1153,3242
2029,1213,3242
2011,1231,3242
1993,1249,3242
1951,1291,3242
1861,1381,3242
1789,1453,3242
1783,1459,3242
1759,1483,3242
1753,1489,3242
1699,1543,3242
1693,1549,3242
1663,1579,3242
1621,1621,3242
3221,23,3244
3203,41,3244
3191,53,3244
3137,107,3244
3011,233,3244
2963,281,3244
2927,317,3244
2897,347,3244
2861,383,3244
2843,401,3244
2801,443,3244
2777,467,3244
2753,491,3244
2741,503,3244
2687,557,3244
2657,587,3244
2591,653,3244
2543,701,3244
2447,797,3244
2423,821,3244
2417,827,3244
2381,863,3244
2357,887,3244
2333,911,3244
2297,947,3244
2273,971,3244
2267,977,3244
2213,1031,3244
2153,1091,3244
2141,1103,3244
2081,1163,3244
2063,1181,3244
2027,1217,3244
1877,1367,3244
1871,1373,3244
1811,1433,3244
1733,1511,3244
1721,1523,3244
1637,1607,3244
3229,17,3246
3217,29,3246
3209,37,3246
3203,43,3246
3187,59,3246
3167,79,3246
3163,83,3246
3137,109,3246
3119,127,3246
3109,137,3246
3089,157,3246
3083,163,3246
3079,167,3246
3067,179,3246
3049,197,3246
3023,223,3246
3019,227,3246
2969,277,3246
2963,283,3246
2953,293,3246
2939,307,3246
2909,337,3246
2897,349,3246
2887,359,3246
2879,367,3246
2857,389,3246
2837,409,3246
2803,443,3246
2797,449,3246
2789,457,3246
2767,479,3246
2699,547,3246
2689,557,3246
2683,563,3246
2677,569,3246
2659,587,3246
2647,599,3246
2633,613,3246
2593,653,3246
2503,743,3246
2477,769,3246
2473,773,3246
2459,787,3246
2437,809,3246
2423,823,3246
2417,829,3246
2393,853,3246
2389,857,3246
2383,863,3246
2339,907,3246
2309,937,3246
2293,953,3246
2269,977,3246
2237,1009,3246
2213,1033,3246
2207,1039,3246
2153,1093,3246
2143,1103,3246
2137,1109,3246
2129,1117,3246
2083,1163,3246
2053,1193,3246
2029,1217,3246
2017,1229,3246
1997,1249,3246
1987,1259,3246
1949,1297,3246
1879,1367,3246
1873,1373,3246
1847,1399,3246
1823,1423,3246
1787,1459,3246
1759,1487,3246
1753,1493,3246
1747,1499,3246
1723,1523,3246
1697,1549,3246
1693,1553,3246
1667,1579,3246
1663,1583,3246
1637,1609,3246
1627,1619,3246
3229,19,3248
3217,31,3248
3187,61,3248
3181,67,3248
3169,79,3248
3121,127,3248
3109,139,3248
3067,181,3248
3049,199,3248
3037,211,3248
3019,229,3248
2971,277,3248
2917,331,3248
2851,397,3248
2791,457,3248
2749,499,3248
2707,541,3248
2677,571,3248
2671,577,3248
2647,601,3248
2617,631,3248
2557,691,3248
2539,709,3248
2521,727,3248
2437,811,3248
2389,859,3248
2371,877,3248
2341,907,3248
2311,937,3248
2281,967,3248
2251,997,3248
2239,1009,3248
2179,1069,3248
2161,1087,3248
2131,1117,3248
2017,1231,3248
2011,1237,3248
1999,1249,3248
1951,1297,3248
1867,1381,3248
1801,1447,3248
1789,1459,3248
1777,1471,3248
1759,1489,3248
1699,1549,3248
1669,1579,3248
1627,1621,3248
3221,29,3250
3209,41,3250
3203,47,3250
3191,59,3250
3167,83,3250
3137,113,3250
3119,131,3250
3083,167,3250
3023,227,3250
3011,239,3250
2999,251,3250
2969,281,3250
2957,293,3250
2939,311,3250
2903,347,3250
2897,353,3250
2861,389,3250
2819,431,3250
2801,449,3250
2789,461,3250
2741,509,3250
2729,521,3250
2693,557,3250
2687,563,3250
2663,587,3250
2657,593,3250
2633,617,3250
2609,641,3250
2591,659,3250
2549,701,3250
2531,719,3250
2477,773,3250
2441,809,3250
2423,827,3250
2411,839,3250
2393,857,3250
2339,911,3250
2309,941,3250
2297,953,3250
2273,977,3250
2267,983,3250
2237,1013,3250
2153,1097,3250
2141,1109,3250
2099,1151,3250
2087,1163,3250
2069,1181,3250
2063,1187,3250
2027,1223,3250
1973,1277,3250
1949,1301,3250
1931,1319,3250
1889,1361,3250
1877,1373,3250
1823,1427,3250
1811,1439,3250
1697,1553,3250
1667,1583,3250
1637,1613,3250
3229,23,3252
3221,31,3252
3209,43,3252
3191,61,3252
3181,71,3252
3169,83,3252
3163,89,3252
3121,131,3252
3089,163,3252
3079,173,3252
3061,191,3252
3041,211,3252
3023,229,3252
3019,233,3252
3011,241,3252
3001,251,3252
2971,281,3252
2969,283,3252
2939,313,3252
2903,349,3252
2879,373,3252
2851,401,3252
2843,409,3252
2833,419,3252
2819,433,3252
2803,449,3252
2791,461,3252
2789,463,3252
2753,499,3252
2749,503,3252
2731,521,3252
2729,523,3252
2711,541,3252
2689,563,3252
2683,569,3252
2659,593,3252
2633,619,3252
2621,631,3252
2609,643,3252
2593,659,3252
2591,661,3252
2579,673,3252
2551,701,3252
2543,709,3252
2441,811,3252
2423,829,3252
2399,853,3252
2393,859,3252
2389,863,3252
2371,881,3252
2341,911,3252
2333,919,3252
2311,941,3252
2281,971,3252
2269,983,3252
2243,1009,3252
2239,1013,3252
2221,1031,3252
2213,1039,3252
2203,1049,3252
2161,1091,3252
2143,1109,3252
2129,1123,3252
2099,1153,3252
2089,1163,3252
2081,1171,3252
2039,1213,3252
2029,1223,3252
2003,1249,3252
1993,1259,3252
1973,1279,3252
1951,1301,3252
1949,1303,3252
1933,1319,3252
1931,1321,3252
1879,1373,3252
1871,1381,3252
1823,1429,3252
1801,1451,3252
1759,1493,3252
1753,1499,3252
1741,1511,3252
1721,1531,3252
1709,1543,3252
1699,1553,3252
1693,1559,3252
1669,1583,3252
3251,3,3254
3217,37,3254
3187,67,3254
3181,73,3254
3061,193,3254
2971,283,3254
2917,337,3254
2887,367,3254
2857,397,3254
2833,421,3254
2797,457,3254
2791,463,3254
2767,487,3254
2731,523,3254
2713,541,3254
2707,547,3254
2683,571,3254
2677,577,3254
2647,607,3254
2593,661,3254
2521,733,3254
2503,751,3254
2467,787,3254
2377,877,3254
2371,883,3254
2347,907,3254
2287,967,3254
2221,1033,3254
2203,1051,3254
2161,1093,3254
2137,1117,3254
2131,1123,3254
2083,1171,3254
2053,1201,3254
2017,1237,3254
1951,1303,3254
1933,1321,3254
1873,1381,3254
1831,1423,3254
1801,1453,3254
1783,1471,3254
1723,1531,3254
1657,1597,3254
1627,1627,3254
3253,3,3256
3251,5,3256
3209,47,3256
3203,53,3256
3167,89,3256
3119,137,3256
3089,167,3256
3083,173,3256
3023,233,3256
2999,257,3256
2963,293,3256
2939,317,3256
2909,347,3256
2903,353,3256
2897,359,3256
2837,419,3256
2789,467,3256
2777,479,3256
2753,503,3256
2699,557,3256
2693,563,3256
2687,569,3256
2663,593,3256
2657,599,3256
2609,647,3256
2579,677,3256
2459,797,3256
2447,809,3256
2417,839,3256
2399,857,3256
2393,863,3256
2309,947,3256
2273,983,3256
2243,1013,3256
2237,1019,3256
2207,1049,3256
2153,1103,3256
2069,1187,3256
2063,1193,3256
2039,1217,3256
2027,1229,3256
1997,1259,3256
1979,1277,3256
1973,1283,3256
1949,1307,3256
1889,1367,3256
1847,1409,3256
1823,1433,3256
1733,1523,3256
1697,1559,3256
1637,1619,3256
3253,5,3258
3251,7,3258
3229,29,3258
3221,37,3258
3217,41,3258
3191,67,3258
3187,71,3258
3169,89,3258
3121,137,3258
3119,139,3258
3109,149,3258
3079,179,3258
3067,191,3258
3061,197,3258
3019,239,3258
3001,257,3258
2927,331,3258
2909,349,3258
2879,379,3258
2861,397,3258
2857,401,3258
2837,421,3258
2819,439,3258
2801,457,3258
2797,461,3258
2791,467,3258
2767,491,3258
2749,509,3258
2711,547,3258
2689,569,3258
2687,571,3258
2671,587,3258
2659,599,3258
2657,601,3258
2617,641,3258
2557,701,3258
2549,709,3258
2539,719,3258
2531,727,3258
2447,811,3258
2437,821,3258
2399,859,3258
2381,877,3258
2377,881,3258
2371,887,3258
2351,907,3258
2347,911,3258
2339,919,3258
2311,947,3258
2287,971,3258
2281,977,3258
2267,991,3258
2239,1019,3258
2237,1021,3258
2207,1051,3258
2161,1097,3258
2141,1117,3258
2129,1129,3258
2087,1171,3258
2029,1229,3258
2027,1231,3258
1999,1259,3258
1979,1279,3258
1951,1307,3258
1931,1327,3258
1877,1381,3258
1831,1427,3258
1811,1447,3258
1787,1471,3258
1777,1481,3258
1759,1499,3258
1747,1511,3258
1709,1549,3258
1699,1559,3258
1657,1601,3258
1637,1621,3258
3257,3,3260
3253,7,3260
3229,31,3260
3217,43,3260
3187,73,3260
3181,79,3260
3163,97,3260
3121,139,3260
3109,151,3260
3079,181,3260
3067,193,3260
3061,199,3260
3049,211,3260
3037,223,3260
3019,241,3260
2953,307,3260
2887,373,3260
2851,409,3260
2803,457,3260
2797,463,3260
2719,541,3260
2713,547,3260
2689,571,3260
2683,577,3260
2659,601,3260
2647,613,3260
2617,643,3260
2551,709,3260
2521,739,3260
2503,757,3260
2473,787,3260
2437,823,3260
2383,877,3260
2377,883,3260
2341,919,3260
2293,967,3260
2269,991,3260
2251,1009,3260
2239,1021,3260
2221,1039,3260
2143,1117,3260
2137,1123,3260
2131,1129,3260
2089,1171,3260
2029,1231,3260
2011,1249,3260
1933,1327,3260
1879,1381,3260
1861,1399,3260
1831,1429,3260
1801,1459,3260
1789,1471,3260
1777,1483,3260
1693,1567,3260
1663,1597,3260
3259,3,3262
3257,5,3262
3251,11,3262
3221,41,3262
3209,53,3262
3203,59,3262
3191,71,3262
3089,173,3262
3083,179,3262
3023,239,3262
3011,251,3262
2999,263,3262
2969,293,3262
2909,353,3262
2903,359,3262
2879,383,3262
2861,401,3262
2843,419,3262
2819,443,3262
2801,461,3262
2753,509,3262
2741,521,3262
2699,563,3262
2693,569,3262
2663,599,3262
2621,641,3262
2609,653,3262
2579,683,3262
2543,719,3262
2441,821,3262
2423,839,3262
2399,863,3262
2381,881,3262
2351,911,3262
2333,929,3262
2309,953,3262
2243,1019,3262
2213,1049,3262
2153,1109,3262
2111,1151,3262
2099,1163,3262
2081,1181,3262
2069,1193,3262
2039,1223,3262
2003,1259,3262
1979,1283,3262
1973,1289,3262
1901,1361,3262
1889,1373,3262
1823,1439,3262
1811,1451,3262
1709,1553,3262
3259,5,3264
3257,7,3264
3253,11,3264
3251,13,3264
3221,43,3264
3217,47,3264
3203,61,3264
3191,73,3264
3181,83,3264
3167,97,3264
3163,101,3264
3137,127,3264
3083,181,3264
3067,197,3264
3041,223,3264
3037,227,3264
3023,241,3264
3001,263,3264
2971,293,3264
2957,307,3264
2953,311,3264
2927,337,3264
2917,347,3264
2897,367,3264
2843,421,3264
2833,431,3264
2803,461,3264
2801,463,3264
2797,467,3264
2777,487,3264
2741,523,3264
2707,557,3264
2693,571,3264
2687,577,3264
2677,587,3264
2671,593,3264
2663,601,3264
2657,607,3264
2647,617,3264
2633,631,3264
2621,643,3264
2617,647,3264
2591,673,3264
2531,733,3264
2521,743,3264
2503,761,3264
2477,787,3264
2467,797,3264
2441,823,3264
2437,827,3264
2411,853,3264
2383,881,3264
2381,883,3264
2377,887,3264
2357,907,3264
2311,953,3264
2297,967,3264
2293,971,3264
2287,977,3264
2281,983,3264
2273,991,3264
2267,997,3264
2251,1013,3264
2243,1021,3264
2213,1051,3264
2203,1061,3264
2161,1103,3264
2141,1123,3264
2113,1151,3264
2111,1153,3264
2083,1181,3264
2063,1201,3264
2027,1237,3264
1987,1277,3264
1973,1291,3264
1831,1433,3264
1811,1453,3264
1783,1481,3264
1777,1487,3264
1753,1511,3264
1741,1523,3264
1733,1531,3264
1721,1543,3264
1697,1567,3264
1693,1571,3264
1667,1597,3264
1663,1601,3264
1657,1607,3264
1637,1627,3264
3259,7,3266
3253,13,3266
3229,37,3266
3187,79,3266
3169,97,3266
3163,103,3266
3109,157,3266
3067,199,3266
3037,229,3266
2953,313,3266
2917,349,3266
2887,379,3266
2857,409,3266
2833,433,3266
2803,463,3266
2767,499,3266
2719,547,3266
2689,577,3266
2659,607,3266
2647,619,3266
2593,673,3266
2557,709,3266
2539,727,3266
2437,829,3266
2389,877,3266
2383,883,3266
2347,919,3266
2269,997,3266
2203,1063,3266
2179,1087,3266
2143,1123,3266
2137,1129,3266
2113,1153,3266
2053,1213,3266
2029,1237,3266
2017,1249,3266
1987,1279,3266
1867,1399,3266
1783,1483,3266
1777,1489,3266
1723,1543,3266
1699,1567,3266
1669,1597,3266
1657,1609,3266
3257,11,3268
3251,17,3268
3221,47,3268
3209,59,3268
3167,101,3268
3137,131,3268
3119,149,3268
3089,179,3268
3041,227,3268
3011,257,3268
2999,269,3268
2957,311,3268
2909,359,3268
2879,389,3268
2837,431,3268
2819,449,3268
2801,467,3268
2789,479,3268
2777,491,3268
2711,557,3268
2699,569,3268
2621,647,3268
2609,659,3268
2591,677,3268
2549,719,3268
2459,809,3268
2447,821,3268
2441,827,3268
2411,857,3268
2381,887,3268
2357,911,3268
2339,929,3268
2297,971,3268
2237,1031,3268
2207,1061,3268
2087,1181,3268
2081,1187,3268
2039,1229,3268
1979,1289,3268
1949,1319,3268
1907,1361,3268
1901,1367,3268
1787,1481,3268
1709,1559,3268
1697,1571,3268
1667,1601,3268
3259,11,3270
3257,13,3270
3253,17,3270
3251,19,3270
3229,41,3270
3217,53,3270
3209,61,3270
3203,67,3270
3191,79,3270
3187,83,3270
3181,89,3270
3169,101,3270
3167,103,3270
3163,107,3270
3121,149,3270
3119,151,3270
3089,181,3270
3079,191,3270
3041,229,3270
3037,233,3270
3019,251,3270
3001,269,3270
2999,271,3270
2963,307,3270
2957,313,3270
2953,317,3270
2939,331,3270
2917,353,3270
2903,367,3270
2897,373,3270
2887,383,3270
2861,409,3270
2851,419,3270
2837,433,3270
2803,467,3270
2791,479,3270
2767,503,3270
2749,521,3270
2729,541,3270
2713,557,3270
2707,563,3270
2699,571,3270
2693,577,3270
2683,587,3270
2677,593,3270
2671,599,3270
2663,607,3270
2657,613,3270
2617,653,3270
2609,661,3270
2593,677,3270
2579,691,3270
2551,719,3270
2543,727,3270
2531,739,3270
2473,797,3270
2459,811,3270
2447,823,3270
2441,829,3270
2417,853,3270
2411,859,3270
2393,877,3270
2389,881,3270
2383,887,3270
2351,919,3270
2341,929,3270
2333,937,3270
2293,977,3270
2287,983,3270
2273,997,3270
2251,1019,3270
2239,1031,3270
2237,1033,3270
2221,1049,3270
2207,1063,3270
2179,1091,3270
2161,1109,3270
2153,1117,3270
2141,1129,3270
2099,1171,3270
2089,1181,3270
2083,1187,3270
2069,1201,3270
2053,1217,3270
2039,1231,3270
2011,1259,3270
1993,1277,3270
1987,1283,3270
1979,1291,3270
1973,1297,3270
1951,1319,3270
1949,1321,3270
1889,1381,3270
1871,1399,3270
1861,1409,3270
1847,1423,3270
1831,1439,3270
1823,1447,3270
1811,1459,3270
1789,1481,3270
1787,1483,3270
1783,1487,3270
1777,1493,3270
1759,1511,3270
1747,1523,3270
1721,1549,3270
1699,1571,3270
1669,1601,3270
1663,1607,3270
1657,1613,3270
3259,13,3272
3253,19,3272
3229,43,3272
3169,103,3272
3163,109,3272
3121,151,3272
3109,163,3272
3079,193,3272
3061,211,3272
3049,223,3272
3001,271,3272
2851,421,3272
2833,439,3272
2749,523,3272
2731,541,3272
2671,601,3272
2659,613,3272
2539,733,3272
2521,751,3272
2503,769,3272
2389,883,3272
2281,991,3272
2251,1021,3272
2239,1033,3272
2221,1051,3272
2203,1069,3272
2179,1093,3272
2143,1129,3272
1993,1279,3272
1951,1321,3272
1873,1399,3272
1801,1471,3272
1789,1483,3272
1783,1489,3272
1741,1531,3272
1723,1549,3272
1693,1579,3272
1663,1609,3272
3271,3,3274
3257,17,3274
3251,23,3274
3221,53,3274
3203,71,3274
3191,83,3274
3167,107,3274
3137,137,3274
3083,191,3274
3041,233,3274
3023,251,3274
3011,263,3274
2963,311,3274
2957,317,3274
2927,347,3274
2843,431,3274
2753,521,3274
2711,563,3274
2687,587,3274
2657,617,3274
2633,641,3274
2621,653,3274
2591,683,3274
2531,743,3274
2477,797,3274
2447,827,3274
2417,857,3274
2411,863,3274
2393,881,3274
2333,941,3274
2297,977,3274
2243,1031,3274
2213,1061,3274
2111,1163,3274
2087,1187,3274
2081,1193,3274
1997,1277,3274
1973,1301,3274
1913,1361,3274
1907,1367,3274
1901,1373,3274
1847,1427,3274
1823,1451,3274
1787,1487,3274
1721,1553,3274
1667,1607,3274
1637,1637,3274
3271,5,3276
3259,17,3276
3257,19,3276
3253,23,3276
3229,47,3276
3217,59,3276
3209,67,3276
3203,73,3276
3187,89,3276
3169,107,3276
3167,109,3276
3163,113,3276
3137,139,3276
3119,157,3276
3109,167,3276
3083,193,3276
3079,197,3276
3049,227,3276
3037,239,3276
3019,257,3276
2999,277,3276
2969,307,3276
2963,313,3276
2939,337,3276
2927,349,3276
2917,359,3276
2909,367,3276
2903,373,3276
2897,379,3276
2887,389,3276
2879,397,3276
2857,419,3276
2843,433,3276
2837,439,3276
2833,443,3276
2819,457,3276
2797,479,3276
2789,487,3276
2777,499,3276
2767,509,3276
2753,523,3276
2729,547,3276
2719,557,3276
2713,563,3276
2707,569,3276
2699,577,3276
2689,587,3276
2683,593,3276
2677,599,3276
2663,613,3276
2659,617,3276
2657,619,3276
2633,643,3276
2617,659,3276
2593,683,3276
2557,719,3276
2549,727,3276
2543,733,3276
2503,773,3276
2467,809,3276
2447,829,3276
2437,839,3276
2423,853,3276
2417,859,3276
2399,877,3276
2393,883,3276
2389,887,3276
2357,919,3276
2347,929,3276
2339,937,3276
2309,967,3276
2293,983,3276
2267,1009,3276
2243,1033,3276
2237,1039,3276
2213,1063,3276
2207,1069,3276
2179,1097,3276
2153,1123,3276
2113,1163,3276
2089,1187,3276
2083,1193,3276
2063,1213,3276
2053,1223,3276
2039,1237,3276
2027,1249,3276
2017,1259,3276
1999,1277,3276
1997,1279,3276
1993,1283,3276
1987,1289,3276
1979,1297,3276
1973,1303,3276
1949,1327,3276
1877,1399,3276
1867,1409,3276
1847,1429,3276
1823,1453,3276
1789,1487,3276
1787,1489,3276
1783,1493,3276
1777,1499,3276
1753,1523,3276
1733,1543,3276
1723,1553,3276
1709,1567,3276
1697,1579,3276
1693,1583,3276
1669,1607,3276
1667,1609,3276
1663,1613,3276
1657,1619,3276
3271,7,3278
3259,19,3278
3217,61,3278
3181,97,3278
3169,109,3278
3121,157,3278
3079,199,3278
3067,211,3278
3049,229,3278
3037,241,3278
3001,277,3278
2971,307,3278
2857,421,3278
2791,487,3278
2731,547,3278
2707,571,3278
2677,601,3278
2671,607,3278
2659,619,3278
2647,631,3278
2617,661,3278
2551,727,3278
2539,739,3278
2521,757,3278
2467,811,3278
2371,907,3278
2341,937,3278
2311,967,3278
2287,991,3278
2281,997,3278
2269,1009,3278
2239,1039,3278
2161,1117,3278
2029,1249,3278
1999,1279,3278
1987,1291,3278
1951,1327,3278
1879,1399,3278
1831,1447,3278
1789,1489,3278
1747,1531,3278
1699,1579,3278
1669,1609,3278
1657,1621,3278
3257,23,3280
3251,29,3280
3221,59,3280
3209,71,3280
3191,89,3280
3167,113,3280
3089,191,3280
3083,197,3280
3041,239,3280
3023,257,3280
3011,269,3280
2999,281,3280
2969,311,3280
2963,317,3280
2927,353,3280
2897,383,3280
2879,401,3280
2861,419,3280
2837,443,3280
2819,461,3280
2801,479,3280
2789,491,3280
2777,503,3280
2711,569,3280
2693,587,3280
2687,593,3280
2663,617,3280
2633,647,3280
2621,659,3280
2579,701,3280
2459,821,3280
2441,839,3280
2423,857,3280
2417,863,3280
2399,881,3280
2393,887,3280
2351,929,3280
2339,941,3280
2333,947,3280
2309,971,3280
2297,983,3280
2267,1013,3280
2129,1151,3280
2099,1181,3280
2087,1193,3280
2063,1217,3280
2003,1277,3280
1997,1283,3280
1979,1301,3280
1973,1307,3280
1913,1367,3280
1907,1373,3280
1871,1409,3280
1847,1433,3280
1787,1493,3280
1721,1559,3280
1709,1571,3280
1697,1583,3280
1667,1613,3280
3271,11,3282
3259,23,3282
3253,29,3282
3251,31,3282
3229,53,3282
3221,61,3282
3209,73,3282
3203,79,3282
3181,101,3282
3169,113,3282
3119,163,3282
3109,173,3282
3089,193,3282
3083,199,3282
3049,233,3282
3041,241,3282
3019,263,3282
3011,271,3282
3001,281,3282
2999,283,3282
2971,311,3282
2969,313,3282
2909,373,3282
2903,379,3282
2861,421,3282
2851,431,3282
2843,439,3282
2833,449,3282
2819,463,3282
2803,479,3282
2791,491,3282
2741,541,3282
2719,563,3282
2713,569,3282
2711,571,3282
2689,593,3282
2683,599,3282
2663,619,3282
2621,661,3282
2609,673,3282
2591,691,3282
2549,733,3282
2543,739,3282
2539,743,3282
2531,751,3282
2521,761,3282
2473,809,3282
2459,823,3282
2423,859,3282
2399,883,3282
2371,911,3282
2341,941,3282
2311,971,3282
2273,1009,3282
2269,1013,3282
2251,1031,3282
2243,1039,3282
2221,1061,3282
2213,1069,3282
2179,1103,3282
2153,1129,3282
2131,1151,3282
2129,1153,3282
2111,1171,3282
2089,1193,3282
2081,1201,3282
2069,1213,3282
2053,1229,3282
2003,1279,3282
1999,1283,3282
1993,1289,3282
1979,1303,3282
1901,1381,3282
1873,1409,3282
1831,1451,3282
1823,1459,3282
1811,1471,3282
1801,1481,3282
1789,1493,3282
1783,1499,3282
1759,1523,3282
1733,1549,3282
1723,1559,3282
1699,1583,3282
1669,1613,3282
1663,1619,3282
3271,13,3284
3253,31,3284
3217,67,3284
3187,97,3284
3181,103,3284
3121,163,3284
3061,223,3284
3001,283,3284
2971,313,3284
2953,331,3284
2917,367,3284
2887,397,3284
2851,433,3284
2797,487,3284
2713,571,3284
2707,577,3284
2683,601,3284
2677,607,3284
2671,613,3284
2593,691,3284
2557,727,3284
2551,733,3284
2473,811,3284
2377,907,3284
2347,937,3284
2293,991,3284
2287,997,3284
2251,1033,3284
2221,1063,3284
2161,1123,3284
2131,1153,3284
2113,1171,3284
2083,1201,3284
2053,1231,3284
1993,1291,3284
1987,1297,3284
1861,1423,3284
1831,1453,3284
1801,1483,3284
1753,1531,3284
1741,1543,3284
1663,1621,3284
1657,1627,3284
3257,29,3286
3203,83,3286
3137,149,3286
3119,167,3286
3089,197,3286
3023,263,3286
2969,317,3286
2939,347,3286
2927,359,3286
2903,383,3286
2897,389,3286
2843,443,3286
2837,449,3286
2819,467,3286
2777,509,3286
2729,557,3286
2699,587,3286
2693,593,3286
2687,599,3286
2633,653,3286
2609,677,3286
2543,743,3286
2477,809,3286
2459,827,3286
2447,839,3286
2423,863,3286
2399,887,3286
2357,929,3286
2339,947,3286
2333,953,3286
2309,977,3286
2273,1013,3286
2267,1019,3286
2237,1049,3286
2099,1187,3286
2069,1217,3286
2063,1223,3286
2027,1259,3286
2003,1283,3286
1997,1289,3286
1979,1307,3286
1913,1373,3286
1877,1409,3286
1847,1439,3286
1787,1499,3286
1733,1553,3286
1667,1619,3286
3271,17,3288
3259,29,3288
3257,31,3288
3251,37,3288
3229,59,3288
3221,67,3288
3217,71,3288
3209,79,3288
3191,97,3288
3187,101,3288
3181,107,3288
3137,151,3288
3121,167,3288
3109,179,3288
3089,199,3288
3061,227,3288
3049,239,3288
3037,251,3288
3019,269,3288
3011,277,3288
2971,317,3288
2957,331,3288
2939,349,3288
2909,379,3288
2887,401,3288
2879,409,3288
2857,431,3288
2801,487,3288
2797,491,3288
2789,499,3288
2767,521,3288
2741,547,3288
2731,557,3288
2719,569,3288
2711,577,3288
2689,599,3288
2687,601,3288
2671,617,3288
2657,631,3288
2647,641,3288
2579,709,3288
2549,739,3288
2531,757,3288
2477,811,3288
2467,821,3288
2459,829,3288
2411,877,3288
2381,907,3288
2377,911,3288
2351,937,3288
2347,941,3288
2341,947,3288
2311,977,3288
2297,991,3288
2269,1019,3288
2267,1021,3288
2239,1049,3288
2237,1051,3288
2179,1109,3288
2137,1151,3288
2087,1201,3288
2039,1249,3288
2029,1259,3288
2011,1277,3288
1999,1289,3288
1997,1291,3288
1987,1301,3288
1907,1381,3288
1889,1399,3288
1879,1409,3288
1861,1427,3288
1801,1487,3288
1789,1499,3288
1777,1511,3288
1721,1567,3288
1709,1579,3288
1669,1619,3288
1667,1621,3288
3271,19,3290
3259,31,3290
3253,37,3290
3229,61,3290
3217,73,3290
3187,103,3290
3181,109,3290
3163,127,3290
3109,181,3290
3079,211,3290
3067,223,3290
3061,229,3290
3049,241,3290
3019,271,3290
2953,337,3290
2917,373,3290
2857,433,3290
2851,439,3290
2833,457,3290
2803,487,3290
2791,499,3290
2767,523,3290
2749,541,3290
2719,571,3290
2713,577,3290
2689,601,3290
2683,607,3290
2677,613,3290
2671,619,3290
2659,631,3290
2647,643,3290
2617,673,3290
2557,733,3290
2551,739,3290
2539,751,3290
2521,769,3290
2503,787,3290
2467,823,3290
2437,853,3290
2383,907,3290
2371,919,3290
2293,997,3290
2281,1009,3290
2269,1021,3290
2251,1039,3290
2239,1051,3290
2221,1069,3290
2203,1087,3290
2161,1129,3290
2137,1153,3290
2089,1201,3290
2053,1237,3290
2011,1279,3290
1999,1291,3290
1993,1297,3290
1987,1303,3290
1867,1423,3290
1861,1429,3290
1831,1459,3290
1801,1489,3290
1759,1531,3290
1747,1543,3290
1741,1549,3290
1723,1567,3290
1693,1597,3290
1669,1621,3290
1663,1627,3290
3251,41,3292
3221,71,3292
3209,83,3292
3203,89,3292
3191,101,3292
3119,173,3292
3041,251,3292
3023,269,3292
3011,281,3292
2999,293,3292
2939,353,3292
2909,383,3292
2903,389,3292
2861,431,3292
2843,449,3292
2801,491,3292
2789,503,3292
2729,563,3292
2699,593,3292
2693,599,3292
2633,659,3292
2609,683,3292
2591,701,3292
2549,743,3292
2531,761,3292
2411,881,3292
2381,911,3292
2351,941,3292
2339,953,3292
2309,983,3292
2273,1019,3292
2243,1049,3292
2141,1151,3292
2129,1163,3292
2111,1181,3292
2099,1193,3292
2069,1223,3292
2063,1229,3292
2003,1289,3292
1973,1319,3292
1931,1361,3292
1811,1481,3292
1733,1559,3292
1721,1571,3292
1709,1583,3292
3271,23,3294
3257,37,3294
3253,41,3294
3251,43,3294
3221,73,3294
3191,103,3294
3187,107,3294
3181,113,3294
3167,127,3294
3163,131,3294
3137,157,3294
3121,173,3294
3083,211,3294
3067,227,3294
3061,233,3294
3037,257,3294
3023,271,3294
3011,283,3294
3001,293,3294
2963,331,3294
2957,337,3294
2927,367,3294
2897,397,3294
2861,433,3294
2851,443,3294
2837,457,3294
2833,461,3294
2803,491,3294
2791,503,3294
2753,541,3294
2731,563,3294
2707,587,3294
2693,601,3294
2687,607,3294
2677,617,3294
2663,631,3294
2647,647,3294
2633,661,3294
2621,673,3294
2617,677,3294
2593,701,3294
2551,743,3294
2543,751,3294
2521,773,3294
2473,821,3294
2467,827,3294
2441,853,3294
2437,857,3294
2417,877,3294
2411,883,3294
2383,911,3294
2357,937,3294
2347,947,3294
2341,953,3294
2311,983,3294
2297,997,3294
2281,1013,3294
2273,1021,3294
2243,1051,3294
2207,1087,3294
2203,1091,3294
2143,1151,3294
2141,1153,3294
2131,1163,3294
2113,1181,3294
2081,1213,3294
2063,1231,3294
2017,1277,3294
2011,1283,3294
2003,1291,3294
1997,1297,3294
1993,1301,3294
1987,1307,3294
1973,1321,3294
1933,1361,3294
1913,1381,3294
1871,1423,3294
1867,1427,3294
1861,1433,3294
1847,1447,3294
1823,1471,3294
1811,1483,3294
1801,1493,3294
1783,1511,3294
1741,1553,3294
1723,1571,3294
1697,1597,3294
1693,1601,3294
1667,1627,3294
1657,1637,3294
3259,37,3296
3253,43,3296
3229,67,3296
3217,79,3296
3187,109,3296
3169,127,3296
3067,229,3296
3019,277,3296
2917,379,3296
2887,409,3296
2857,439,3296
2833,463,3296
2797,499,3296
2749,547,3296
2719,577,3296
2689,607,3296
2683,613,3296
2677,619,3296
2557,739,3296
2539,757,3296
2473,823,3296
2467,829,3296
2437,859,3296
2389,907,3296
2377,919,3296
2287,1009,3296
2203,1093,3296
2179,1117,3296
2143,1153,3296
2083,1213,3296
2017,1279,3296
1999,1297,3296
1993,1303,3296
1873,1423,3296
1867,1429,3296
1753,1543,3296
1747,1549,3296
1699,1597,3296
1669,1627,3296
3257,41,3298
3251,47,3298
3209,89,3298
3191,107,3298
3167,131,3298
3119,179,3298
3041,257,3298
2939,359,3298
2909,389,3298
2897,401,3298
2879,419,3298
2837,461,3298
2819,479,3298
2789,509,3298
2777,521,3298
2741,557,3298
2729,569,3298
2711,587,3298
2699,599,3298
2657,641,3298
2621,677,3298
2579,719,3298
2477,821,3298
2459,839,3298
2441,857,3298
2417,881,3298
2411,887,3298
2357,941,3298
2351,947,3298
2267,1031,3298
2237,1061,3298
2207,1091,3298
2111,1187,3298
2081,1217,3298
2069,1229,3298
2039,1259,3298
1997,1301,3298
1979,1319,3298
1931,1367,3298
1889,1409,3298
1871,1427,3298
1847,1451,3298
1811,1487,3298
1787,1511,3298
1697,1601,3298
3271,29,3300
3259,41,3300
3257,43,3300
3253,47,3300
3229,71,3300
3221,79,3300
3217,83,3300
3203,97,3300
3191,109,3300
3187,113,3300
3169,131,3300
3163,137,3300
3137,163,3300
3121,179,3300
3119,181,3300
3109,191,3300
3089,211,3300
3067,233,3300
3061,239,3300
3049,251,3300
3037,263,3300
3023,277,3300
3019,281,3300
2969,331,3300
2963,337,3300
2953,347,3300
2927,373,3300
2917,383,3300
2903,397,3300
2879,421,3300
2861,439,3300
2857,443,3300
2851,449,3300
2843,457,3300
2837,463,3300
2833,467,3300
2801,499,3300
2797,503,3300
2791,509,3300
2777,523,3300
2753,547,3300
2731,569,3300
2729,571,3300
2713,587,3300
2707,593,3300
2699,601,3300
2693,607,3300
2687,613,3300
2683,617,3300
2659,641,3300
2657,643,3300
2647,653,3300
2617,683,3300
2609,691,3300
2591,709,3300
2557,743,3300
2549,751,3300
2543,757,3300
2539,761,3300
2531,769,3300
2503,797,3300
2477,823,3300
2473,827,3300
2447,853,3300
2441,859,3300
2437,863,3300
2423,877,3300
2417,883,3300
2393,907,3300
2389,911,3300
2381,919,3300
2371,929,3300
2347,953,3300
2333,967,3300
2309,991,3300
2287,1013,3300
2281,1019,3300
2269,1031,3300
2267,1033,3300
2251,1049,3300
2239,1061,3300
2237,1063,3300
2213,1087,3300
2207,1093,3300
2203,1097,3300
2137,1163,3300
2129,1171,3300
2113,1187,3300
2099,1201,3300
2087,1213,3300
2083,1217,3300
2069,1231,3300
2063,1237,3300
2017,1283,3300
2011,1289,3300
2003,1297,3300
1999,1301,3300
1997,1303,3300
1993,1307,3300
1979,1321,3300
1973,1327,3300
1933,1367,3300
1901,1399,3300
1877,1423,3300
1873,1427,3300
1871,1429,3300
1867,1433,3300
1861,1439,3300
1847,1453,3300
1811,1489,3300
1801,1499,3300
1789,1511,3300
1777,1523,3300
1747,1553,3300
1741,1559,3300
1733,1567,3300
1721,1579,3300
1699,1601,3300
1693,1607,3300
1663,1637,3300
3299,3,3302
3271,31,3302
3259,43,3302
3229,73,3302
3163,139,3302
3121,181,3302
3109,193,3302
3079,223,3302
3061,241,3302
3019,283,3302
2971,331,3302
2953,349,3302
2803,499,3302
2731,571,3302
2689,613,3302
2683,619,3302
2671,631,3302
2659,643,3302
2593,709,3302
2551,751,3302
2473,829,3302
2383,919,3302
2311,991,3302
2293,1009,3302
2281,1021,3302
2269,1033,3302
2251,1051,3302
2239,1063,3302
2179,1123,3302
2131,1171,3302
2089,1213,3302
2053,1249,3302
2011,1291,3302
1999,1303,3302
1879,1423,3302
1873,1429,3302
1831,1471,3302
1759,1543,3302
1753,1549,3302
1723,1579,3302
1693,1609,3302
3301,3,3304
3299,5,3304
3257,47,3304
3251,53,3304
3221,83,3304
3203,101,3304
3191,113,3304
3167,137,3304
3137,167,3304
3041,263,3304
3023,281,3304
3011,293,3304
2957,347,3304
2903,401,3304
2861,443,3304
2843,461,3304
2837,467,3304
2801,503,3304
2741,563,3304
2711,593,3304
2687,617,3304
2663,641,3304
2657,647,3304
2621,683,3304
2543,761,3304
2531,773,3304
2477,827,3304
2447,857,3304
2441,863,3304
2423,881,3304
2417,887,3304
2393,911,3304
2357,947,3304
2351,953,3304
2333,971,3304
2273,1031,3304
2243,1061,3304
2213,1091,3304
2207,1097,3304
2153,1151,3304
2141,1163,3304
2111,1193,3304
2087,1217,3304
2081,1223,3304
2027,1277,3304
2003,1301,3304
1997,1307,3304
1931,1373,3304
1877,1427,3304
1871,1433,3304
1823,1481,3304
1811,1493,3304
1733,1571,3304
1721,1583,3304
1697,1607,3304
1667,1637,3304
3301,5,3306
3299,7,3306
3259,47,3306
3253,53,3306
3217,89,3306
3209,97,3306
3203,103,3306
3169,137,3306
3167,139,3306
3109,197,3306
3083,223,3306
3079,227,3306
3067,239,3306
3049,257,3306
3037,269,3306
3023,283,3306
2999,307,3306
2969,337,3306
2957,349,3306
2953,353,3306
2939,367,3306
2927,379,3306
2917,389,3306
2909,397,3306
2897,409,3306
2887,419,3306
2857,449,3306
2843,463,3306
2819,487,3306
2803,503,3306
2797,509,3306
2749,557,3306
2729,577,3306
2719,587,3306
2713,593,3306
2707,599,3306
2699,607,3306
2693,613,3306
2689,617,3306
2687,619,3306
2663,643,3306
2659,647,3306
2647,659,3306
2633,673,3306
2579,727,3306
2549,757,3306
2477,829,3306
2467,839,3306
2447,859,3306
2423,883,3306
2399,907,3306
2377,929,3306
2339,967,3306
2309,997,3306
2297,1009,3306
2293,1013,3306
2287,1019,3306
2273,1033,3306
2267,1039,3306
2243,1063,3306
2237,1069,3306
2213,1093,3306
2203,1103,3306
2153,1153,3306
2143,1163,3306
2113,1193,3306
2089,1217,3306
2083,1223,3306
2069,1237,3306
2029,1277,3306
2027,1279,3306
2017,1289,3306
2003,1303,3306
1999,1307,3306
1987,1319,3306
1979,1327,3306
1933,1373,3306
1907,1399,3306
1879,1427,3306
1877,1429,3306
1873,1433,3306
1867,1439,3306
1847,1459,3306
1823,1483,3306
1783,1523,3306
1753,1553,3306
1747,1559,3306
1723,1583,3306
1709,1597,3306
1699,1607,3306
1697,1609,3306
1693,1613,3306
1669,1637,3306
3301,7,3308
3271,37,3308
3229,79,3308
3181,127,3308
3169,139,3308
3109,199,3308
3079,229,3308
3067,241,3308
3037,271,3308
3001,307,3308
2971,337,3308
2887,421,3308
2851,457,3308
2767,541,3308
2731,577,3308
2707,601,3308
2689,619,3308
2677,631,3308
2647,661,3308
2617,691,3308
2557,751,3308
2551,757,3308
2539,769,3308
2521,787,3308
2389,919,3308
2371,937,3308
2341,967,3308
2311,997,3308
2287,1021,3308
2269,1039,3308
2239,1069,3308
2221,1087,3308
2179,1129,3308
2137,1171,3308
2029,1279,3308
2017,1291,3308
2011,1297,3308
1987,1321,3308
1879,1429,3308
1861,1447,3308
1777,1531,3308
1759,1549,3308
1741,1567,3308
1699,1609,3308
3307,3,3310
3299,11,3310
3257,53,3310
3251,59,3310
3221,89,3310
3209,101,3310
3203,107,3310
3137,173,3310
3119,191,3310
3083,227,3310
3041,269,3310
2999,311,3310
2963,347,3310
2957,353,3310
2927,383,3310
2909,401,3310
2879,431,3310
2861,449,3310
2843,467,3310
2819,491,3310
2801,509,3310
2789,521,3310
2753,557,3310
2741,569,3310
2711,599,3310
2693,617,3310
2663,647,3310
2657,653,3310
2633,677,3310
2609,701,3310
2591,719,3310
2549,761,3310
2447,863,3310
2423,887,3310
2399,911,3310
2381,929,3310
2357,953,3310
2339,971,3310
2333,977,3310
2297,1013,3310
2213,1097,3310
2207,1103,3310
2129,1181,3310
2087,1223,3310
2081,1229,3310
2027,1283,3310
2003,1307,3310
1949,1361,3310
1901,1409,3310
1877,1433,3310
1871,1439,3310
1823,1487,3310
1811,1499,3310
1787,1523,3310
1709,1601,3310
1697,1613,3310
3307,5,3312
3301,11,3312
3299,13,3312
3271,41,3312
3259,53,3312
3253,59,3312
3251,61,3312
3229,83,3312
3209,103,3312
3203,109,3312
3181,131,3312
3163,149,3312
3121,191,3312
3119,193,3312
3089,223,3312
3083,229,3312
3079,233,3312
3061,251,3312
3049,263,3312
3041,271,3312
3019,293,3312
3001,311,3312
2999,313,3312
2963,349,3312
2953,359,3312
2939,373,3312
2903,409,3312
2879,433,3312
2851,461,3312
2833,479,3312
2803,509,3312
2791,521,3312
2789,523,3312
2749,563,3312
2741,571,3312
2719,593,3312
2713,599,3312
2711,601,3312
2699,613,3312
2693,619,3312
2671,641,3312
2659,653,3312
2621,691,3312
2593,719,3312
2579,733,3312
2551,761,3312
2543,769,3312
2539,773,3312
2503,809,3312
2473,839,3312
2459,853,3312
2393,919,3312
2383,929,3312
2371,941,3312
2341,971,3312
2293,1019,3312
2281,1031,3312
2273,1039,3312
2251,1061,3312
2243,1069,3312
2221,1091,3312
2203,1109,3312
2161,1151,3312
2141,1171,3312
2131,1181,3312
2111,1201,3312
2099,1213,3312
2089,1223,3312
2083,1229,3312
2081,1231,3312
2063,1249,3312
2053,1259,3312
2029,1283,3312
2011,1301,3312
1993,1319,3312
1951,1361,3312
1931,1381,3312
1913,1399,3312
1889,1423,3312
1879,1433,3312
1873,1439,3312
1861,1451,3312
1831,1481,3312
1823,1489,3312
1801,1511,3312
1789,1523,3312
1759,1553,3312
1753,1559,3312
1741,1571,3312
1733,1579,3312
1699,1613,3312
1693,1619,3312
3307,7,3314
3301,13,3314
3271,43,3314
3253,61,3314
3217,97,3314
3187,127,3314
3163,151,3314
3121,193,3314
3037,277,3314
3001,313,3314
2917,397,3314
2857,457,3314
2851,463,3314
2791,523,3314
2767,547,3314
2713,601,3314
2707,607,3314
2683,631,3314
2671,643,3314
2557,757,3314
2503,811,3314
2437,877,3314
2377,937,3314
2347,967,3314
2293,1021,3314
2281,1033,3314
2251,1063,3314
2221,1093,3314
2161,1153,3314
2143,1171,3314
2113,1201,3314
2083,1231,3314
2017,1297,3314
2011,1303,3314
1993,1321,3314
1987,1327,3314
1933,1381,3314
1867,1447,3314
1861,1453,3314
1831,1483,3314
1783,1531,3314
1747,1567,3314
1693,1621,3314
1657,1657,3314
3313,3,3316
3299,17,3316
3257,59,3316
3209,107,3316
3203,113,3316
3167,149,3316
3137,179,3316
3119,197,3316
3089,227,3316
3083,233,3316
3023,293,3316
2999,317,3316
2969,347,3316
2963,353,3316
2957,359,3316
2927,389,3316
2897,419,3316
2837,479,3316
2753,563,3316
2729,587,3316
2699,617,3316
2663,653,3316
2657,659,3316
2633,683,3316
2543,773,3316
2477,839,3316
2459,857,3316
2339,977,3316
2333,983,3316
2297,1019,3316
2267,1049,3316
2213,1103,3316
2207,1109,3316
2153,1163,3316
2129,1187,3316
2099,1217,3316
2087,1229,3316
2039,1277,3316
2027,1289,3316
1997,1319,3316
1949,1367,3316
1907,1409,3316
1889,1427,3316
1877,1439,3316
1823,1493,3316
1733,1583,3316
1709,1607,3316
1697,1619,3316
3313,5,3318
3307,11,3318
3301,17,3318
3299,19,3318
3271,47,3318
3259,59,3318
3257,61,3318
3251,67,3318
3229,89,3318
3221,97,3318
3217,101,3318
3209,109,3318
3191,127,3318
3187,131,3318
3181,137,3318
3169,149,3318
3167,151,3318
3137,181,3318
3121,197,3318
3119,199,3318
3089,229,3318
3079,239,3318
3067,251,3318
3061,257,3318
3049,269,3318
3041,277,3318
3037,281,3318
3011,307,3318
3001,317,3318
2971,347,3318
2969,349,3318
2939,379,3318
2917,401,3318
2909,409,3318
2897,421,3318
2887,431,3318
2879,439,3318
2861,457,3318
2857,461,3318
2851,467,3318
2819,499,3318
2797,521,3318
2777,541,3318
2749,569,3318
2741,577,3318
2731,587,3318
2719,599,3318
2711,607,3318
2699,619,3318
2687,631,3318
2677,641,3318
2671,647,3318
2659,659,3318
2657,661,3318
2617,701,3318
2609,709,3318
2591,727,3318
2579,739,3318
2557,761,3318
2549,769,3318
2531,787,3318
2521,797,3318
2459,859,3318
2441,877,3318
2437,881,3318
2411,907,3318
2399,919,3318
2389,929,3318
2381,937,3318
2377,941,3318
2371,947,3318
2351,967,3318
2347,971,3318
2341,977,3318
2309,1009,3318
2297,1021,3318
2287,1031,3318
2269,1049,3318
2267,1051,3318
2221,1097,3318
2137,1181,3318
2131,1187,3318
2089,1229,3318
2087,1231,3318
2081,1237,3318
2069,1249,3318
2039,1279,3318
2029,1289,3318
2027,1291,3318
2017,1301,3318
2011,1307,3318
1999,1319,3318
1997,1321,3318
1951,1367,3318
1889,1429,3318
1879,1439,3318
1871,1447,3318
1867,1451,3318
1847,1471,3318
1831,1487,3318
1787,1531,3318
1759,1559,3318
1747,1571,3318
1721,1597,3318
1709,1609,3318
1699,1619,3318
1697,1621,3318
3313,7,3320
3307,13,3320
3301,19,3320
3259,61,3320
3253,67,3320
3217,103,3320
3181,139,3320
3169,151,3320
3163,157,3320
3121,199,3320
3109,211,3320
3079,241,3320
3049,271,3320
3037,283,3320
2971,349,3320
2953,367,3320
2887,433,3320
2857,463,3320
2833,487,3320
2797,523,3320
2749,571,3320
2719,601,3320
2713,607,3320
2707,613,3320
2689,631,3320
2677,643,3320
2659,661,3320
2647,673,3320
2593,727,3320
2551,769,3320
2467,853,3320
2437,883,3320
2383,937,3320
2311,1009,3320
2287,1033,3320
2281,1039,3320
2269,1051,3320
2251,1069,3320
2203,1117,3320
2089,1231,3320
2083,1237,3320
2029,1291,3320
2017,1303,3320
1999,1321,3320
1993,1327,3320
1873,1447,3320
1867,1453,3320
1861,1459,3320
1831,1489,3320
1789,1531,3320
1777,1543,3320
1753,1567,3320
1741,1579,3320
1723,1597,3320
1699,1621,3320
1693,1627,3320
1663,1657,3320
3319,3,3322
3299,23,3322
3251,71,3322
3221,101,3322
3209,113,3322
3191,131,3322
3089,233,3322
3083,239,3322
3041,281,3322
3011,311,3322
2969,353,3322
2963,359,3322
2939,383,3322
2903,419,3322
2879,443,3322
2861,461,3322
2843,479,3322
2819,503,3322
2801,521,3322
2753,569,3322
2729,593,3322
2663,659,3322
2621,701,3322
2579,743,3322
2549,773,3322
2459,863,3322
2441,881,3322
2411,911,3322
2393,929,3322
2381,941,3322
2351,971,3322
2339,983,3322
2309,1013,3322
2273,1049,3322
2213,1109,3322
2141,1181,3322
2129,1193,3322
2099,1223,3322
2063,1259,3322
2039,1283,3322
2003,1319,3322
1949,1373,3322
1913,1409,3322
1889,1433,3322
1871,1451,3322
1823,1499,3322
1811,1511,3322
1721,1601,3322
1709,1613,3322
3319,5,3324
3313,11,3324
3307,17,3324
3301,23,3324
3271,53,3324
3257,67,3324
3253,71,3324
3251,73,3324
3221,103,3324
3217,107,3324
3187,137,3324
3167,157,3324
3083,241,3324
3067,257,3324
3061,263,3324
3041,283,3324
3011,313,3324
2971,353,3324
2957,367,3324
2927,397,3324
2903,421,3324
2861,463,3324
2857,467,3324
2837,487,3324
2833,491,3324
2803,521,3324
2801,523,3324
2777,547,3324
2767,557,3324
2753,571,3324
2731,593,3324
2711,613,3324
2707,617,3324
2693,631,3324
2683,641,3324
2677,647,3324
2671,653,3324
2663,661,3324
2647,677,3324
2633,691,3324
2591,733,3324
2551,773,3324
2503,821,3324
2467,857,3324
2447,877,3324
2441,883,3324
2437,887,3324
2417,907,3324
2383,941,3324
2377,947,3324
2371,953,3324
2357,967,3324
2347,977,3324
2341,983,3324
2333,991,3324
2311,1013,3324
2293,1031,3324
2273,1051,3324
2237,1087,3324
2221,1103,3324
2207,1117,3324
2161,1163,3324
2153,1171,3324
2143,1181,3324
2137,1187,3324
2131,1193,3324
2111,1213,3324
2087,1237,3324
2027,1297,3324
2017,1307,3324
2003,1321,3324
1997,1327,3324
1951,1373,3324
1901,1423,3324
1877,1447,3324
1873,1451,3324
1871,1453,3324
1831,1493,3324
1801,1523,3324
1753,1571,3324
1741,1583,3324
1723,1601,3324
1697,1627,3324
1667,1657,3324
3323,3,3326
3319,7,3326
3313,13,3326
3307,19,3326
3259,67,3326
3253,73,3326
3229,97,3326
3217,109,3326
3187,139,3326
3169,157,3326
3163,163,3326
3049,277,3326
3019,307,3326
2953,373,3326
2917,409,3326
2887,439,3326
2803,523,3326
2749,577,3326
2719,607,3326
2713,613,3326
2707,619,3326
2683,643,3326
2617,709,3326
2593,733,3326
2557,769,3326
2539,787,3326
2503,823,3326
2473,853,3326
2467,859,3326
2389,937,3326
2293,1033,3326
2287,1039,3326
2239,1087,3326
2203,1123,3326
2113,1213,3326
2089,1237,3326
2029,1297,3326
1999,1327,3326
1879,1447,3326
1873,1453,3326
1867,1459,3326
1783,1543,3326
1777,1549,3326
1759,1567,3326
1747,1579,3326
1699,1627,3326
1669,1657,3326
1663,1663,3326
3323,5,3328
3299,29,3328
3257,71,3328
3221,107,3328
3191,137,3328
3137,191,3328
3089,239,3328
3011,317,3328
2969,359,3328
2939,389,3328
2927,401,3328
2909,419,3328
2897,431,3328
2879,449,3328
2861,467,3328
2837,491,3328
2819,509,3328
2741,587,3328
2729,599,3328
2711,617,3328
2687,641,3328
2609,719,3328
2531,797,3328
2447,881,3328
2441,887,3328
2417,911,3328
2399,929,3328
2381,947,3328
2357,971,3328
2351,977,3328
2309,1019,3328
2297,1031,3328
2267,1061,3328
2237,1091,3328
2141,1187,3328
2111,1217,3328
2099,1229,3328
2069,1259,3328
2039,1289,3328
2027,1301,3328
1901,1427,3328
1889,1439,3328
1877,1451,3328
1847,1481,3328
1721,1607,3328
1709,1619,3328
3323,7,3330
3319,11,3330
3313,17,3330
3307,23,3330
3301,29,3330
3299,31,3330
3271,59,3330
3259,71,3330
3257,73,3330
3251,79,3330
3229,101,3330
3221,109,3330
3217,113,3330
3203,127,3330
3191,139,3330
3181,149,3330
3167,163,3330
3163,167,3330
3137,193,3330
3119,211,3330
3089,241,3330
3079,251,3330
3067,263,3330
3061,269,3330
3049,281,3330
3037,293,3330
3023,307,3330
3019,311,3330
2999,331,3330
2971,359,3330
2963,367,3330
2957,373,3330
2909,421,3330
2897,433,3330
2887,443,3330
2851,479,3330
2843,487,3330
2789,541,3330
2767,563,3330
2753,577,3330
2731,599,3330
2729,601,3330
2713,617,3330
2711,619,3330
2699,631,3330
2689,641,3330
2687,643,3330
2683,647,3330
2677,653,3330
2671,659,3330
2657,673,3330
2647,683,3330
2621,709,3330
2591,739,3330
2579,751,3330
2557,773,3330
2543,787,3330
2521,809,3330
2503,827,3330
2477,853,3330
2473,857,3330
2467,863,3330
2447,883,3330
2423,907,3330
2411,919,3330
2393,937,3330
2389,941,3330
2383,947,3330
2377,953,3330
2347,983,3330
2339,991,3330
2333,997,3330
2311,1019,3330
2309,1021,3330
2297,1033,3330
2281,1049,3330
2269,1061,3330
2267,1063,3330
2243,1087,3330
2239,1091,3330
2237,1093,3330
2221,1109,3330
2213,1117,3330
2207,1123,3330
2179,1151,3330
2143,1187,3330
2137,1193,3330
2129,1201,3330
2113,1217,3330
2099,1231,3330
2081,1249,3330
2053,1277,3330
2039,1291,3330
2029,1301,3330
2027,1303,3330
2011,1319,3330
2003,1327,3330
1949,1381,3330
1931,1399,3330
1907,1423,3330
1901,1429,3330
1879,1451,3330
1877,1453,3330
1871,1459,3330
1847,1483,3330
1831,1499,3330
1787,1543,3330
1777,1553,3330
1759,1571,3330
1747,1583,3330
1733,1597,3330
1723,1607,3330
1721,1609,3330
1709,1621,3330
1693,1637,3330
1667,1663,3330
3329,3,3332
3319,13,3332
3313,19,3332
3301,31,3332
3271,61,3332
3259,73,3332
3253,79,3332
3229,103,3332
3181,151,3332
3169,163,3332
3121,211,3332
3109,223,3332
3061,271,3332
3049,283,3332
3019,313,3332
3001,331,3332
2953,379,3332
2833,499,3332
2791,541,3332
2731,601,3332
2719,613,3332
2713,619,3332
2689,643,3332
2671,661,3332
2659,673,3332
2593,739,3332
2521,811,3332
2503,829,3332
2473,859,3332
2341,991,3332
2311,1021,3332
2293,1039,3332
2281,1051,3332
2269,1063,3332
2239,1093,3332
2203,1129,3332
2179,1153,3332
2161,1171,3332
2131,1201,3332
2083,1249,3332
2053,1279,3332
2029,1303,3332
2011,1321,3332
1951,1381,3332
1933,1399,3332
1879,1453,3332
1873,1459,3332
1861,1471,3332
1801,1531,3332
1789,1543,3332
1783,1549,3332
1753,1579,3332
1723,1609,3332
1669,1663,3332
3331,3,3334
3329,5,3334
3323,11,3334
3251,83,3334
3221,113,3334
3203,131,3334
3167,167,3334
3137,197,3334
3083,251,3334
3041,293,3334
3023,311,3334
2903,431,3334
2843,491,3334
2777,557,3334
2741,593,3334
2693,641,3334
2687,647,3334
2657,677,3334
2633,701,3334
2591,743,3334
2477,857,3334
2447,887,3334
2423,911,3334
2393,941,3334
2381,953,3334
2357,977,3334
2351,983,3334
2273,1061,3334
2243,1091,3334
2237,1097,3334
2153,1181,3334
2141,1193,3334
2111,1223,3334
2027,1307,3334
1973,1361,3334
1907,1427,3334
1901,1433,3334
1847,1487,3334
1823,1511,3334
1811,1523,3334
1733,1601,3334
1721,1613,3334
1697,1637,3334
1667,1667,3334
3331,5,3336
3329,7,3336
3323,13,3336
3319,17,3336
3313,23,3336
3307,29,3336
3299,37,3336
3257,79,3336
3253,83,3336
3229,107,3336
3209,127,3336
3187,149,3336
3169,167,3336
3163,173,3336
3137,199,3336
3109,227,3336
3079,257,3336
3067,269,3336
3023,313,3336
3019,317,3336
2999,337,3336
2969,367,3336
2963,373,3336
2957,379,3336
2953,383,3336
2939,397,3336
2927,409,3336
2917,419,3336
2903,433,3336
2897,439,3336
2887,449,3336
2879,457,3336
2857,479,3336
2837,499,3336
2833,503,3336
2789,547,3336
2767,569,3336
2749,587,3336
2729,607,3336
2719,617,3336
2693,643,3336
2689,647,3336
2683,653,3336
2677,659,3336
2663,673,3336
2659,677,3336
2617,719,3336
2609,727,3336
2593,743,3336
2579,757,3336
2549,787,3336
2539,797,3336
2477,859,3336
2473,863,3336
2459,877,3336
2417,919,3336
2399,937,3336
2389,947,3336
2383,953,3336
2339,997,3336
2297,1039,3336
2287,1049,3336
2273,1063,3336
2267,1069,3336
2243,1093,3336
2239,1097,3336
2213,1123,3336
2207,1129,3336
2143,1193,3336
2113,1223,3336
2099,1237,3336
2087,1249,3336
2053,1283,3336
2039,1297,3336
2029,1307,3336
2017,1319,3336
1913,1423,3336
1907,1429,3336
1889,1447,3336
1877,1459,3336
1847,1489,3336
1787,1549,3336
1783,1553,3336
1777,1559,3336
1753,1583,3336
1723,1613,3336
1709,1627,3336
1699,1637,3336
1669,1667,3336
3331,7,3338
3319,19,3338
3307,31,3338
3301,37,3338
3271,67,3338
3259,79,3338
3229,109,3338
3187,151,3338
3181,157,3338
3109,229,3338
3067,271,3338
3061,277,3338
3001,337,3338
2971,367,3338
2917,421,3338
2851,487,3338
2797,541,3338
2791,547,3338
2767,571,3338
2731,607,3338
2719,619,3338
2707,631,3338
2677,661,3338
2647,691,3338
2551,787,3338
2371,967,3338
2347,991,3338
2341,997,3338
2287,1051,3338
2269,1069,3338
2251,1087,3338
2221,1117,3338
2137,1201,3338
2089,1249,3338
2017,1321,3338
2011,1327,3338
1879,1459,3338
1867,1471,3338
1789,1549,3338
1759,1579,3338
1741,1597,3338
1669,1669,3338
3329,11,3340
3323,17,3340
3299,41,3340
3257,83,3340
3251,89,3340
3209,131,3340
3203,137,3340
3191,149,3340
3167,173,3340
3089,251,3340
3083,257,3340
3023,317,3340
2957,383,3340
2939,401,3340
2909,431,3340
2897,443,3340
2879,461,3340
2861,479,3340
2837,503,3340
2819,521,3340
2777,563,3340
2753,587,3340
2741,599,3340
2699,641,3340
2693,647,3340
2687,653,3340
2663,677,3340
2657,683,3340
2621,719,3340
2579,761,3340
2543,797,3340
2531,809,3340
2477,863,3340
2459,881,3340
2411,929,3340
2399,941,3340
2393,947,3340
2357,983,3340
2309,1031,3340
2243,1097,3340
2237,1103,3340
2153,1187,3340
2111,1229,3340
2081,1259,3340
2063,1277,3340
2039,1301,3340
1979,1361,3340
1973,1367,3340
1931,1409,3340
1913,1427,3340
1907,1433,3340
1901,1439,3340
1889,1451,3340
1847,1493,3340
1787,1553,3340
1733,1607,3340
1721,1619,3340
3331,11,3342
3329,13,3342
3323,19,3342
3319,23,3342
3313,29,3342
3301,41,3342
3299,43,3342
3271,71,3342
3259,83,3342
3253,89,3342
3229,113,3342
3203,139,3342
3191,151,3342
3169,173,3342
3163,179,3342
3119,223,3342
3109,233,3342
3079,263,3342
3061,281,3342
3049,293,3342
3011,331,3342
2969,373,3342
2963,379,3342
2953,389,3342
2909,433,3342
2903,439,3342
2879,463,3342
2851,491,3342
2843,499,3342
2833,509,3342
2819,523,3342
2801,541,3342
2749,593,3342
2741,601,3342
2729,613,3342
2711,631,3342
2699,643,3342
2689,653,3342
2683,659,3342
2659,683,3342
2633,709,3342
2609,733,3342
2591,751,3342
2531,811,3342
2521,821,3342
2503,839,3342
2459,883,3342
2423,919,3342
2389,953,3342
2371,971,3342
2351,991,3342
2333,1009,3342
2311,1031,3342
2309,1033,3342
2293,1049,3342
2281,1061,3342
2273,1069,3342
2251,1091,3342
2239,1103,3342
2213,1129,3342
2179,1163,3342
2161,1181,3342
2141,1201,3342
2129,1213,3342
2113,1229,3342
2111,1231,3342
2083,1259,3342
2063,1279,3342
2053,1289,3342
2039,1303,3342
1933,1409,3342
1913,1429,3342
1889,1453,3342
1871,1471,3342
1861,1481,3342
1831,1511,3342
1811,1531,3342
1789,1553,3342
1783,1559,3342
1759,1583,3342
1741,1601,3342
1733,1609,3342
1723,1619,3342
1721,1621,3342
3331,13,3344
3313,31,3344
3307,37,3344
3301,43,3344
3271,73,3344
3217,127,3344
3187,157,3344
3181,163,3344
3163,181,3344
3121,223,3344
3067,277,3344
3061,283,3344
3037,307,3344
2971,373,3344
2887,457,3344
2857,487,3344
2803,541,3344
2797,547,3344
2767,577,3344
2731,613,3344
2713,631,3344
2683,661,3344
2671,673,3344
2617,727,3344
2593,751,3344
2557,787,3344
2521,823,3344
2467,877,3344
2437,907,3344
2377,967,3344
2347,997,3344
2311,1033,3344
2293,1051,3344
2281,1063,3344
2251,1093,3344
2221,1123,3344
2143,1201,3344
2131,1213,3344
2113,1231,3344
2053,1291,3344
2017,1327,3344
1873,1471,3344
1861,1483,3344
1801,1543,3344
1777,1567,3344
1747,1597,3344
1723,1621,3344
3343,3,3346
3329,17,3346
3323,23,3346
3299,47,3346
3257,89,3346
3209,137,3346
3167,179,3346
3119,227,3346
3089,257,3346
3083,263,3346
2999,347,3346
2963,383,3346
2957,389,3346
2927,419,3346
2903,443,3346
2897,449,3346
2879,467,3346
2843,503,3346
2837,509,3346
2789,557,3346
2777,569,3346
2753,593,3346
2729,617,3346
2699,647,3346
2693,653,3346
2687,659,3346
2663,683,3346
2549,797,3346
2459,887,3346
2417,929,3346
2399,947,3346
2393,953,3346
2333,1013,3346
2297,1049,3346
2243,1103,3346
2237,1109,3346
2153,1193,3346
2129,1217,3346
2087,1259,3346
2069,1277,3346
2063,1283,3346
2039,1307,3346
2027,1319,3346
1979,1367,3346
1973,1373,3346
1913,1433,3346
1907,1439,3346
1847,1499,3346
1823,1523,3346
1787,1559,3346
1733,1613,3346
1709,1637,3346
3343,5,3348
3331,17,3348
3329,19,3348
3319,29,3348
3307,41,3348
3301,47,3348
3259,89,3348
3251,97,3348
3221,127,3348
3217,131,3348
3209,139,3348
3191,157,3348
3181,167,3348
3169,179,3348
3167,181,3348
3137,211,3348
3121,227,3348
3119,229,3348
3109,239,3348
3079,269,3348
3067,281,3348
3041,307,3348
3037,311,3348
3011,337,3348
3001,347,3348
2999,349,3348
2969,379,3348
2939,409,3348
2927,421,3348
2917,431,3348
2909,439,3348
2887,461,3348
2861,487,3348
2857,491,3348
2801,547,3348
2791,557,3348
2777,571,3348
2749,599,3348
2741,607,3348
2731,617,3348
2729,619,3348
2707,641,3348
2689,659,3348
2687,661,3348
2671,677,3348
2657,691,3348
2647,701,3348
2621,727,3348
2609,739,3348
2591,757,3348
2579,769,3348
2551,797,3348
2539,809,3348
2521,827,3348
2467,881,3348
2441,907,3348
2437,911,3348
2411,937,3348
2381,967,3348
2377,971,3348
2371,977,3348
2357,991,3348
2351,997,3348
2339,1009,3348
2309,1039,3348
2297,1051,3348
2287,1061,3348
2251,1097,3348
2239,1109,3348
2161,1187,3348
2131,1217,3348
2111,1237,3348
2099,1249,3348
2089,1259,3348
2069,1279,3348
2029,1319,3348
2027,1321,3348
1987,1361,3348
1949,1399,3348
1901,1447,3348
1889,1459,3348
1877,1471,3348
1867,1481,3348
1861,1487,3348
1789,1559,3348
1777,1571,3348
1747,1601,3348
1741,1607,3348
1721,1627,3348
3347,3,3350
3343,7,3350
3331,19,3350
3319,31,3350
3313,37,3350
3307,43,3350
3271,79,3350
3253,97,3350
3187,163,3350
3169,181,3350
3121,229,3350
3109,241,3350
3079,271,3350
3067,283,3350
3037,313,3350
3019,331,3350
3001,349,3350
2971,379,3350
2953,397,3350
2917,433,3350
2887,463,3350
2851,499,3350
2803,547,3350
2749,601,3350
2731,619,3350
2719,631,3350
2707,643,3350
2689,661,3350
2677,673,3350
2659,691,3350
2617,733,3350
2593,757,3350
2539,811,3350
2521,829,3350
2473,877,3350
2467,883,3350
2383,967,3350
2341,1009,3350
2311,1039,3350
2287,1063,3350
2281,1069,3350
2221,1129,3350
2179,1171,3350
2137,1213,3350
2113,1237,3350
2053,1297,3350
2029,1321,3350
1951,1399,3350
1879,1471,3350
1867,1483,3350
1861,1489,3350
1801,1549,3350
1783,1567,3350
1753,1597,3350
1741,1609,3350
1723,1627,3350
1693,1657,3350
3347,5,3352
3329,23,3352
3323,29,3352
3299,53,3352
3251,101,3352
3221,131,3352
3203,149,3352
3119,233,3352
3089,263,3352
3083,269,3352
3041,311,3352
2999,353,3352
2969,383,3352
2963,389,3352
2909,443,3352
2903,449,3352
2861,491,3352
2843,509,3352
2789,563,3352
2753,599,3352
2711,641,3352
2699,653,3352
2693,659,3352
2633,719,3352
2609,743,3352
2591,761,3352
2579,773,3352
2543,809,3352
2531,821,3352
2441,911,3352
2423,929,3352
2411,941,3352
2399,953,3352
2381,971,3352
2339,1013,3352
2333,1019,3352
2243,1109,3352
2129,1223,3352
2069,1283,3352
2063,1289,3352
1979,1373,3352
1913,1439,3352
1901,1451,3352
1871,1481,3352
1733,1619,3352
3347,7,3354
3343,11,3354
3331,23,3354
3323,31,3354
3313,41,3354
3307,47,3354
3301,53,3354
3271,83,3354
3257,97,3354
3253,101,3354
3251,103,3354
3217,137,3354
3203,151,3354
3191,163,3354
3187,167,3354
3181,173,3354
3163,191,3354
3121,233,3354
3083,271,3354
3061,293,3354
3041,313,3354
3037,317,3354
3023,331,3354
3001,353,3354
2971,383,3354
2957,397,3354
2953,401,3354
2897,457,3354
2887,467,3354
2851,503,3354
2833,521,3354
2797,557,3354
2791,563,3354
2777,577,3354
2767,587,3354
2753,601,3354
2741,613,3354
2713,641,3354
2711,643,3354
2707,647,3354
2693,661,3354
2677,677,3354
2671,683,3354
2663,691,3354
2621,733,3354
2593,761,3354
2557,797,3354
2543,811,3354
2531,823,3354
2477,877,3354
2473,881,3354
2467,887,3354
2447,907,3354
2417,937,3354
2383,971,3354
2377,977,3354
2371,983,3354
2357,997,3354
2341,1013,3354
2333,1021,3354
2293,1061,3354
2267,1087,3354
2251,1103,3354
2237,1117,3354
2203,1151,3354
2161,1193,3354
2153,1201,3354
2141,1213,3354
2137,1217,3354
2131,1223,3354
2063,1291,3354
2053,1301,3354
2027,1327,3354
1993,1361,3354
1987,1367,3354
1973,1381,3354
1931,1423,3354
1907,1447,3354
1901,1453,3354
1873,1481,3354
1871,1483,3354
1867,1487,3354
1861,1493,3354
1831,1523,3354
1823,1531,3354
1811,1543,3354
1801,1553,3354
1787,1567,3354
1783,1571,3354
1753,1601,3354
1747,1607,3354
1741,1613,3354
1733,1621,3354
1697,1657,3354
3343,13,3356
3319,37,3356
3313,43,3356
3259,97,3356
3253,103,3356
3229,127,3356
3217,139,3356
3163,193,3356
3079,277,3356
3049,307,3356
3019,337,3356
2917,439,3356
2857,499,3356
2833,523,3356
2749,607,3356
2713,643,3356
2683,673,3356
2647,709,3356
2617,739,3356
2503,853,3356
2473,883,3356
2437,919,3356
2389,967,3356
2347,1009,3356
2293,1063,3356
2287,1069,3356
2269,1087,3356
2239,1117,3356
2203,1153,3356
2143,1213,3356
2053,1303,3356
2029,1327,3356
1933,1423,3356
1873,1483,3356
1867,1489,3356
1789,1567,3356
1777,1579,3356
1759,1597,3356
1747,1609,3356
1699,1657,3356
1693,1663,3356
3347,11,3358
3329,29,3358
3299,59,3358
3257,101,3358
3251,107,3358
3221,137,3358
3209,149,3358
3191,167,3358
3167,191,3358
3119,239,3358
3089,269,3358
3041,317,3358
3011,347,3358
2999,359,3358
2969,389,3358
2957,401,3358
2939,419,3358
2927,431,3358
2909,449,3358
2897,461,3358
2879,479,3358
2837,521,3358
2801,557,3358
2789,569,3358
2741,617,3358
2711,647,3358
2699,659,3358
2657,701,3358
2549,809,3358
2531,827,3358
2477,881,3358
2447,911,3358
2417,941,3358
2411,947,3358
2381,977,3358
2339,1019,3358
2309,1049,3358
2297,1061,3358
2267,1091,3358
2207,1151,3358
2141,1217,3358
2129,1229,3358
2099,1259,3358
2081,1277,3358
2069,1289,3358
2039,1319,3358
1997,1361,3358
1949,1409,3358
1931,1427,3358
1907,1451,3358
1877,1481,3358
1871,1487,3358
1847,1511,3358
1787,1571,3358
1721,1637,3358
3347,13,3360
3343,17,3360
3331,29,3360
3329,31,3360
3323,37,3360
3319,41,3360
3313,47,3360
3307,53,3360
3301,59,3360
3299,61,3360
3271,89,3360
3259,101,3360
3257,103,3360
3253,107,3360
3251,109,3360
3229,131,3360
3221,139,3360
3209,151,3360
3203,157,3360
3187,173,3360
3181,179,3360
3169,191,3360
3167,193,3360
3163,197,3360
3137,223,3360
3121,239,3360
3119,241,3360
3109,251,3360
3089,271,3360
3083,277,3360
3079,281,3360
3067,293,3360
3049,311,3360
3023,337,3360
3011,349,3360
3001,359,3360
2971,389,3360
2963,397,3360
2939,421,3360
2927,433,3360
2917,443,3360
2903,457,3360
2897,463,3360
2861,499,3360
2857,503,3360
2851,509,3360
2837,523,3360
2819,541,3360
2803,557,3360
2797,563,3360
2791,569,3360
2789,571,3360
2767,593,3360
2753,607,3360
2741,619,3360
2729,631,3360
2719,641,3360
2713,647,3360
2707,653,3360
2699,661,3360
2687,673,3360
2683,677,3360
2677,683,3360
2659,701,3360
2633,727,3360
2621,739,3360
2617,743,3360
2609,751,3360
2591,769,3360
2551,809,3360
2549,811,3360
2539,821,3360
2531,829,3360
2521,839,3360
2503,857,3360
2477,883,3360
2473,887,3360
2441,919,3360
2423,937,3360
2393,967,3360
2389,971,3360
2383,977,3360
2377,983,3360
2351,1009,3360
2347,1013,3360
2341,1019,3360
2339,1021,3360
2311,1049,3360
2309,1051,3360
2297,1063,3360
2273,1087,3360
2269,1091,3360
2267,1093,3360
2251,1109,3360
2243,1117,3360
2237,1123,3360
2207,1153,3360
2179,1181,3360
2143,1217,3360
2137,1223,3360
2131,1229,3360
2129,1231,3360
2111,1249,3360
2083,1277,3360
2081,1279,3360
2069,1291,3360
2063,1297,3360
2053,1307,3360
2039,1321,3360
1999,1361,3360
1993,1367,3360
1987,1373,3360
1979,1381,3360
1951,1409,3360
1933,1427,3360
1931,1429,3360
1913,1447,3360
1907,1453,3360
1901,1459,3360
1889,1471,3360
1879,1481,3360
1877,1483,3360
1873,1487,3360
1871,1489,3360
1867,1493,3360
1861,1499,3360
1811,1549,3360
1801,1559,3360
1789,1571,3360
1777,1583,3360
1759,1601,3360
1753,1607,3360
1747,1613,3360
1741,1619,3360
1733,1627,3360
1723,1637,3360
1697,1663,3360
1693,1667,3360
3359,3,3362
3343,19,3362
3331,31,3362
3319,43,3362
3301,61,3362
3259,103,3362
3253,109,3362
3181,181,3362
3169,193,3362
3163,199,3362
3121,241,3362
3079,283,3362
3049,313,3362
2953,409,3362
2791,571,3362
2749,613,3362
2731,631,3362
2719,643,3362
2689,673,3362
2671,691,3362
2593,769,3362
2551,811,3362
2539,823,3362
2503,859,3362
2371,991,3362
2341,1021,3362
2311,1051,3362
2293,1069,3362
2269,1093,3362
2239,1123,3362
2161,1201,3362
2131,1231,3362
2113,1249,3362
2083,1279,3362
1933,1429,3362
1879,1483,3362
1873,1489,3362
1831,1531,3362
1783,1579,3362
1753,1609,3362
1741,1621,3362
1699,1663,3362
1693,1669,3362
3361,3,3364
3359,5,3364
3347,17,3364
3323,41,3364
3257,107,3364
3251,113,3364
3191,173,3364
3167,197,3364
3137,227,3364
3083,281,3364
3011,353,3364
2963,401,3364
2903,461,3364
2897,467,3364
2861,503,3364
2843,521,3364
2801,563,3364
2777,587,3364
2711,653,3364
2687,677,3364
2663,701,3364
2621,743,3364
2591,773,3364
2543,821,3364
2477,887,3364
2423,941,3364
2417,947,3364
2411,953,3364
2393,971,3364
2381,983,3364
2351,1013,3364
2333,1031,3364
2273,1091,3364
2267,1097,3364
2213,1151,3364
2141,1223,3364
2087,1277,3364
2081,1283,3364
2063,1301,3364
2003,1361,3364
1997,1367,3364
1931,1433,3364
1913,1451,3364
1877,1487,3364
1871,1493,3364
1811,1553,3364
1697,1667,3364
3361,5,3366
3359,7,3366
3347,19,3366
3343,23,3366
3329,37,3366
3323,43,3366
3319,47,3366
3313,53,3366
3307,59,3366
3299,67,3366
3259,107,3366
3257,109,3366
3253,113,3366
3229,137,3366
3217,149,3366
3209,157,3366
3203,163,3366
3187,179,3366
3169,197,3366
3167,199,3366
3137,229,3366
3109,257,3366
3089,277,3366
3083,283,3366
3049,317,3366
3019,347,3366
2999,367,3366
2969,397,3366
2957,409,3366
2927,439,3366
2917,449,3366
2909,457,3366
2903,463,3366
2887,479,3366
2879,487,3366
2857,509,3366
2843,523,3366
2819,547,3366
2803,563,3366
2797,569,3366
2789,577,3366
2767,599,3366
2753,613,3366
2749,617,3366
2719,647,3366
2713,653,3366
2707,659,3366
2693,673,3366
2689,677,3366
2683,683,3366
2657,709,3366
2647,719,3366
2633,733,3366
2609,757,3366
2593,773,3366
2579,787,3366
2557,809,3366
2543,823,3366
2539,827,3366
2503,863,3366
2459,907,3366
2447,919,3366
2437,929,3366
2399,967,3366
2389,977,3366
2383,983,3366
2357,1009,3366
2347,1019,3366
2333,1033,3366
2297,1069,3366
2273,1093,3366
2269,1097,3366
2243,1123,3366
2237,1129,3366
2213,1153,3366
2203,1163,3366
2179,1187,3366
2153,1213,3366
2143,1223,3366
2137,1229,3366
2129,1237,3366
2089,1277,3366
2087,1279,3366
2083,1283,3366
2069,1297,3366
2063,1303,3366
2039,1327,3366
1999,1367,3366
1993,1373,3366
1933,1433,3366
1913,1453,3366
1907,1459,3366
1879,1487,3366
1877,1489,3366
1873,1493,3366
1867,1499,3366
1823,1543,3366
1787,1579,3366
1783,1583,3366
1759,1607,3366
1753,1613,3366
1747,1619,3366
1709,1657,3366
1699,1667,3366
1697,1669,3366
3361,7,3368
3331,37,3368
3307,61,3368
3301,67,3368
3271,97,3368
3259,109,3368
3229,139,3368
3217,151,3368
3187,181,3368
3169,199,3368
3061,307,3368
3037,331,3368
3019,349,3368
3001,367,3368
2971,397,3368
2797,571,3368
2791,577,3368
2767,601,3368
2749,619,3368
2707,661,3368
2677,691,3368
2659,709,3368
2617,751,3368
2557,811,3368
2539,829,3368
2377,991,3368
2371,997,3368
2347,1021,3368
2281,1087,3368
2251,1117,3368
2239,1129,3368
2137,1231,3368
2131,1237,3368
2089,1279,3368
1987,1381,3368
1879,1489,3368
1801,1567,3368
1789,1579,3368
1759,1609,3368
1747,1621,3368
1741,1627,3368
1699,1669,3368
3359,11,3370
3347,23,3370
3329,41,3370
3323,47,3370
3299,71,3370
3257,113,3370
3221,149,3370
3203,167,3370
3191,179,3370
3137,233,3370
3119,251,3370
3089,281,3370
3023,347,3370
3011,359,3370
2969,401,3370
2939,431,3370
2927,443,3370
2909,461,3370
2903,467,3370
2879,491,3370
2861,509,3370
2801,569,3370
2777,593,3370
2753,617,3370
2729,641,3370
2711,659,3370
2693,677,3370
2687,683,3370
2609,761,3370
2549,821,3370
2543,827,3370
2531,839,3370
2459,911,3370
2441,929,3370
2423,947,3370
2417,953,3370
2399,971,3370
2393,977,3370
2357,1013,3370
2351,1019,3370
2339,1031,3370
2309,1061,3370
2273,1097,3370
2267,1103,3370
2207,1163,3370
2153,1217,3370
2141,1229,3370
2111,1259,3370
2087,1283,3370
2081,1289,3370
2069,1301,3370
2063,1307,3370
2003,1367,3370
1997,1373,3370
1931,1439,3370
1889,1481,3370
1877,1493,3370
1871,1499,3370
1847,1523,3370
1811,1559,3370
1787,1583,3370
1733,1637,3370
3361,11,3372
3359,13,3372
3343,29,3372
3331,41,3372
3329,43,3372
3319,53,3372
3313,59,3372
3301,71,3372
3299,73,3372
3271,101,3372
3259,113,3372
3221,151,3372
3209,163,3372
3191,181,3372
3181,191,3372
3121,251,3372
3109,263,3372
3089,283,3372
3079,293,3372
3061,311,3372
3041,331,3372
3023,349,3372
3019,353,3372
2999,373,3372
2971,401,3372
2963,409,3372
2953,419,3372
2939,433,3372
2909,463,3372
2851,521,3372
2803,569,3372
2801,571,3372
2753,619,3372
2741,631,3372
2731,641,3372
2729,643,3372
2719,653,3372
2713,659,3372
2711,661,3372
2699,673,3372
2689,683,3372
2671,701,3372
2663,709,3372
2633,739,3372
2621,751,3372
2551,821,3372
2549,823,3372
2543,829,3372
2389,983,3372
2381,991,3372
2351,1021,3372
2341,1031,3372
2339,1033,3372
2333,1039,3372
2311,1061,3372
2309,1063,3372
2281,1091,3372
2269,1103,3372
2243,1129,3372
2221,1151,3372
2179,1193,3372
2143,1229,3372
2141,1231,3372
2113,1259,3372
2089,1283,3372
2083,1289,3372
2081,1291,3372
2069,1303,3372
2053,1319,3372
2011,1361,3372
1999,1373,3372
1973,1399,3372
1949,1423,3372
1933,1439,3372
1913,1459,3372
1901,1471,3372
1889,1483,3372
1879,1493,3372
1873,1499,3372
1861,1511,3372
1823,1549,3372
1801,1571,3372
1789,1583,3372
1759,1613,3372
1753,1619,3372
1709,1663,3372
3371,3,3374
3361,13,3374
3343,31,3374
3331,43,3374
3313,61,3374
3307,67,3374
3301,73,3374
3271,103,3374
3217,157,3374
3181,193,3374
3163,211,3374
3067,307,3374
3061,313,3374
3037,337,3374
3001,373,3374
2953,421,3374
2917,457,3374
2887,487,3374
2851,523,3374
2833,541,3374
2803,571,3374
2797,577,3374
2767,607,3374
2731,643,3374
2713,661,3374
2683,691,3374
2647,727,3374
2617,757,3374
2551,823,3374
2521,853,3374
2467,907,3374
2437,937,3374
2383,991,3374
2377,997,3374
2341,1033,3374
2311,1063,3374
2287,1087,3374
2281,1093,3374
2251,1123,3374
2221,1153,3374
2203,1171,3374
2161,1213,3374
2143,1231,3374
2137,1237,3374
2083,1291,3374
2053,1321,3374
1993,1381,3374
1951,1423,3374
1831,1543,3374
1777,1597,3374
1753,1621,3374
1747,1627,3374
3373,3,3376
3371,5,3376
3359,17,3376
3347,29,3376
3329,47,3376
3323,53,3376
3209,167,3376
3203,173,3376
3137,239,3376
3119,257,3376
3083,293,3376
3023,353,3376
2957,419,3376
2927,449,3376
2909,467,3376
2897,479,3376
2819,557,3376
2789,587,3376
2777,599,3376
2729,647,3376
2699,677,3376
2693,683,3376
2657,719,3376
2633,743,3376
2579,797,3376
2549,827,3376
2447,929,3376
2423,953,3376
2399,977,3376
2393,983,3376
2357,1019,3376
2273,1103,3376
2267,1109,3376
2213,1163,3376
2153,1223,3376
2099,1277,3376
2087,1289,3376
2069,1307,3376
2003,1373,3376
1949,1427,3376
1889,1487,3376
1877,1499,3376
1823,1553,3376
1709,1667,3376
3373,5,3378
3371,7,3378
3361,17,3378
3359,19,3378
3347,31,3378
3331,47,3378
3319,59,3378
3307,71,3378
3299,79,3378
3271,107,3378
3251,127,3378
3229,149,3378
3221,157,3378
3187,191,3378
3181,197,3378
3167,211,3378
3137,241,3378
3121,257,3378
3109,269,3378
3067,311,3378
3061,317,3378
3041,337,3378
3019,359,3378
3011,367,3378
2999,379,3378
2969,409,3378
2957,421,3378
2939,439,3378
2917,461,3378
2887,491,3378
2879,499,3378
2857,521,3378
2837,541,3378
2801,577,3378
2791,587,3378
2777,601,3378
2731,647,3378
2719,659,3378
2687,691,3378
2677,701,3378
2659,719,3378
2621,757,3378
2617,761,3378
2609,769,3378
2591,787,3378
2557,821,3378
2551,827,3378
2549,829,3378
2539,839,3378
2521,857,3378
2467,911,3378
2459,919,3378
2441,937,3378
2437,941,3378
2411,967,3378
2381,997,3378
2357,1021,3378
2347,1031,3378
2339,1039,3378
2309,1069,3378
2287,1091,3378
2281,1097,3378
2269,1109,3378
2207,1171,3378
2161,1217,3378
2141,1237,3378
2129,1249,3378
2099,1279,3378
2089,1289,3378
2087,1291,3378
2081,1297,3378
2017,1361,3378
2011,1367,3378
1997,1381,3378
1979,1399,3378
1951,1427,3378
1949,1429,3378
1931,1447,3378
1907,1471,3378
1889,1489,3378
1879,1499,3378
1867,1511,3378
1847,1531,3378
1811,1567,3378
1777,1601,3378
1759,1619,3378
1741,1637,3378
1721,1657,3378
1709,1669,3378
3373,7,3380
3361,19,3380
3343,37,3380
3319,61,3380
3313,67,3380
3307,73,3380
3301,79,3380
3271,109,3380
3253,127,3380
3229,151,3380
3217,163,3380
3187,193,3380
3181,199,3380
3169,211,3380
3109,271,3380
3067,313,3380
3049,331,3380
3001,379,3380
2971,409,3380
2917,463,3380
2857,523,3380
2833,547,3380
2803,577,3380
2767,613,3380
2749,631,3380
2719,661,3380
2707,673,3380
2689,691,3380
2671,709,3380
2647,733,3380
2593,787,3380
2557,823,3380
2551,829,3380
2521,859,3380
2503,877,3380
2473,907,3380
2389,991,3380
2383,997,3380
2371,1009,3380
2347,1033,3380
2341,1039,3380
2311,1069,3380
2293,1087,3380
2287,1093,3380
2251,1129,3380
2179,1201,3380
2143,1237,3380
2131,1249,3380
2089,1291,3380
2083,1297,3380
2053,1327,3380
1999,1381,3380
1951,1429,3380
1933,1447,3380
1831,1549,3380
1801,1579,3380
1783,1597,3380
1759,1621,3380
1753,1627,3380
1723,1657,3380
3371,11,3382
3359,23,3382
3329,53,3382
3323,59,3382
3299,83,3382
3251,131,3382
3209,173,3382
3203,179,3382
3191,191,3382
3119,263,3382
3089,293,3382
3023,359,3382
2999,383,3382
2963,419,3382
2939,443,3382
2903,479,3382
2879,503,3382
2861,521,3382
2819,563,3382
2789,593,3382
2741,641,3382
2729,653,3382
2699,683,3382
2663,719,3382
2621,761,3382
2609,773,3382
2543,839,3382
2441,941,3382
2411,971,3382
2399,983,3382
2351,1031,3382
2333,1049,3382
2273,1109,3382
2153,1229,3382
2099,1283,3382
2081,1301,3382
2063,1319,3382
1973,1409,3382
1949,1433,3382
1931,1451,3382
1901,1481,3382
1889,1493,3382
1871,1511,3382
1823,1559,3382
1811,1571,3382
3373,11,3384
3371,13,3384
3361,23,3384
3347,37,3384
3343,41,3384
3331,53,3384
3323,61,3384
3313,71,3384
3301,83,3384
3271,113,3384
3257,127,3384
3253,131,3384
3221,163,3384
3217,167,3384
3203,181,3384
3191,193,3384
3187,197,3384
3121,263,3384
3067,317,3384
3037,347,3384
3011,373,3384
3001,383,3384
2963,421,3384
2953,431,3384
2927,457,3384
2917,467,3384
2897,487,3384
2861,523,3384
2843,541,3384
2837,547,3384
2797,587,3384
2791,593,3384
2777,607,3384
2767,617,3384
2753,631,3384
2741,643,3384
2731,653,3384
2711,673,3384
2707,677,3384
2693,691,3384
2683,701,3384
2657,727,3384
2633,751,3384
2557,827,3384
2531,853,3384
2521,863,3384
2503,881,3384
2477,907,3384
2473,911,3384
2447,937,3384
2437,947,3384
2417,967,3384
2393,991,3384
2371,1013,3384
2351,1033,3384
2333,1051,3384
2297,1087,3384
2293,1091,3384
2287,1097,3384
2281,1103,3384
2267,1117,3384
2221,1163,3384
2213,1171,3384
2203,1181,3384
2161,1223,3384
2153,1231,3384
2087,1297,3384
2083,1301,3384
2081,1303,3384
2063,1321,3384
2017,1367,3384
2011,1373,3384
2003,1381,3384
1951,1433,3384
1933,1451,3384
1931,1453,3384
1913,1471,3384
1901,1483,3384
1873,1511,3384
1861,1523,3384
1831,1553,3384
1801,1583,3384
1787,1597,3384
1783,1601,3384
1777,1607,3384
1747,1637,3384
1721,1663,3384
3373,13,3386
3343,43,3386
3319,67,3386
3313,73,3386
3307,79,3386
3259,127,3386
3229,157,3386
3187,199,3386
3163,223,3386
3109,277,3386
3079,307,3386
3049,337,3386
3037,349,3386
3019,367,3386
2953,433,3386
2887,499,3386
2767,619,3386
2713,673,3386
2677,709,3386
2659,727,3386
2647,739,3386
2617,769,3386
2557,829,3386
2503,883,3386
2467,919,3386
2389,997,3386
2377,1009,3386
2347,1039,3386
2293,1093,3386
2269,1117,3386
2137,1249,3386
2089,1297,3386
2083,1303,3386
1987,1399,3386
1933,1453,3386
1789,1597,3386
1777,1609,3386
1759,1627,3386
1723,1663,3386
1693,1693,3386
3371,17,3388
3359,29,3388
3347,41,3388
3329,59,3388
3299,89,3388
3257,131,3388
3251,137,3388
3221,167,3388
3209,179,3388
3191,197,3388
3137,251,3388
3119,269,3388
3041,347,3388
2999,389,3388
2969,419,3388
2957,431,3388
2939,449,3388
2927,461,3388
2909,479,3388
2897,491,3388
2879,509,3388
2819,569,3388
2801,587,3388
2789,599,3388
2741,647,3388
2729,659,3388
2711,677,3388
2687,701,3388
2591,797,3388
2579,809,3388
2549,839,3388
2531,857,3388
2477,911,3388
2459,929,3388
2447,941,3388
2441,947,3388
2417,971,3388
2411,977,3388
2357,1031,3388
2339,1049,3388
2297,1091,3388
2237,1151,3388
2207,1181,3388
2129,1259,3388
2111,1277,3388
2099,1289,3388
2087,1301,3388
2081,1307,3388
2069,1319,3388
2027,1361,3388
1979,1409,3388
1949,1439,3388
1907,1481,3388
1901,1487,3388
1889,1499,3388
1877,1511,3388
1787,1601,3388
1721,1667,3388
3373,17,3390
3371,19,3390
3361,29,3390
3359,31,3390
3347,43,3390
3343,47,3390
3331,59,3390
3329,61,3390
3323,67,3390
3319,71,3390
3307,83,3390
3301,89,3390
3259,131,3390
3253,137,3390
3251,139,3390
3217,173,3390
3209,181,3390
3191,199,3390
3167,223,3390
3163,227,3390
3121,269,3390
3119,271,3390
3109,281,3390
3083,307,3390
3079,311,3390
3041,349,3390
3037,353,3390
3023,367,3390
3011,379,3390
3001,389,3390
2971,419,3390
2969,421,3390
2957,433,3390
2927,463,3390
2903,487,3390
2887,503,3390
2843,547,3390
2833,557,3390
2819,571,3390
2803,587,3390
2797,593,3390
2791,599,3390
2789,601,3390
2777,613,3390
2749,641,3390
2731,659,3390
2729,661,3390
2713,677,3390
2707,683,3390
2699,691,3390
2689,701,3390
2671,719,3390
2663,727,3390
2657,733,3390
2647,743,3390
2633,757,3390
2621,769,3390
2617,773,3390
2593,797,3390
2579,811,3390
2551,839,3390
2531,859,3390
2503,887,3390
2437,953,3390
2423,967,3390
2399,991,3390
2393,997,3390
2381,1009,3390
2377,1013,3390
2371,1019,3390
2357,1033,3390
2351,1039,3390
2341,1049,3390
2339,1051,3390
2297,1093,3390
2293,1097,3390
2287,1103,3390
2281,1109,3390
2273,1117,3390
2267,1123,3390
2239,1151,3390
2237,1153,3390
2203,1187,3390
2161,1229,3390
2153,1237,3390
2141,1249,3390
2131,1259,3390
2113,1277,3390
2111,1279,3390
2099,1291,3390
2089,1301,3390
2087,1303,3390
2083,1307,3390
2069,1321,3390
2063,1327,3390
2029,1361,3390
2017,1373,3390
1951,1439,3390
1931,1459,3390
1907,1483,3390
1901,1489,3390
1879,1511,3390
1867,1523,3390
1847,1543,3390
1831,1559,3390
1823,1567,3390
1811,1579,3390
1789,1601,3390
1783,1607,3390
1777,1613,3390
1753,1637,3390
1733,1657,3390
1723,1667,3390
1721,1669,3390
1697,1693,3390
3389,3,3392
3373,19,3392
3361,31,3392
3331,61,3392
3319,73,3392
3313,79,3392
3253,139,3392
3229,163,3392
3181,211,3392
3169,223,3392
3163,229,3392
3121,271,3392
3109,283,3392
3079,313,3392
3061,331,3392
3019,373,3392
2971,421,3392
2953,439,3392
2851,541,3392
2791,601,3392
2749,643,3392
2731,661,3392
2719,673,3392
2683,709,3392
2659,733,3392
2539,853,3392
2473,919,3392
2383,1009,3392
2371,1021,3392
2341,1051,3392
2269,1123,3392
2239,1153,3392
2221,1171,3392
2179,1213,3392
2161,1231,3392
2143,1249,3392
2113,1279,3392
2089,1303,3392
2011,1381,3392
1993,1399,3392
1933,1459,3392
1861,1531,3392
1783,1609,3392
1723,1669,3392
1699,1693,3392
3391,3,3394
3389,5,3394
3371,23,3394
3347,47,3394
3323,71,3394
3257,137,3394
3221,173,3394
3203,191,3394
3167,227,3394
3137,257,3394
3083,311,3394
3041,353,3394
3011,383,3394
2963,431,3394
2927,467,3394
2903,491,3394
2837,557,3394
2801,593,3394
2777,617,3394
2753,641,3394
2741,653,3394
2711,683,3394
2693,701,3394
2633,761,3394
2621,773,3394
2531,863,3394
2447,947,3394
2441,953,3394
2423,971,3394
2417,977,3394
2411,983,3394
2381,1013,3394
2333,1061,3394
2297,1097,3394
2243,1151,3394
2213,1181,3394
2207,1187,3394
2111,1283,3394
2087,1307,3394
2027,1367,3394
1913,1481,3394
1907,1487,3394
1901,1493,3394
1871,1523,3394
1823,1571,3394
1811,1583,3394
1787,1607,3394
1697,1697,3394
3391,5,3396
3389,7,3396
3373,23,3396
3359,37,3396
3343,53,3396
3329,67,3396
3323,73,3396
3313,83,3396
3307,89,3396
3299,97,3396
3259,137,3396
3257,139,3396
3229,167,3396
3217,179,3396
3203,193,3396
3169,227,3396
3167,229,3396
3163,233,3396
3119,277,3396
3089,307,3396
3083,313,3396
3079,317,3396
3049,347,3396
3037,359,3396
3023,373,3396
2999,397,3396
2963,433,3396
2957,439,3396
2953,443,3396
2939,457,3396
2917,479,3396
2909,487,3396
2897,499,3396
2887,509,3396
2833,563,3396
2819,577,3396
2803,593,3396
2797,599,3396
2789,607,3396
2777,619,3396
2753,643,3396
2749,647,3396
2719,677,3396
2713,683,3396
2687,709,3396
2677,719,3396
2663,733,3396
2657,739,3396
2609,787,3396
2557,839,3396
2543,853,3396
2539,857,3396
2477,919,3396
2467,929,3396
2459,937,3396
2399,997,3396
2383,1013,3396
2377,1019,3396
2357,1039,3396
2347,1049,3396
2333,1063,3396
2309,1087,3396
2293,1103,3396
2287,1109,3396
2273,1123,3396
2267,1129,3396
2243,1153,3396
2203,1193,3396
2179,1217,3396
2137,1259,3396
2113,1283,3396
2099,1297,3396
2089,1307,3396
2069,1327,3396
2029,1367,3396
1997,1399,3396
1987,1409,3396
1973,1423,3396
1949,1447,3396
1913,1483,3396
1907,1489,3396
1873,1523,3396
1847,1549,3396
1789,1607,3396
1787,1609,3396
1783,1613,3396
1777,1619,3396
1759,1637,3396
1733,1663,3396
1699,1697,3396
3391,7,3398
3361,37,3398
3331,67,3398
3319,79,3398
3301,97,3398
3271,127,3398
3259,139,3398
3217,181,3398
3187,211,3398
3169,229,3398
3121,277,3398
3067,331,3398
3061,337,3398
3049,349,3398
3019,379,3398
3001,397,3398
2857,541,3398
2851,547,3398
2797,601,3398
2791,607,3398
2767,631,3398
2707,691,3398
2689,709,3398
2671,727,3398
2659,739,3398
2647,751,3398
2539,859,3398
2521,877,3398
2389,1009,3398
2377,1021,3398
2347,1051,3398
2311,1087,3398
2281,1117,3398
2269,1129,3398
2161,1237,3398
2017,1381,3398
1999,1399,3398
1951,1447,3398
1867,1531,3398
1831,1567,3398
1801,1597,3398
1789,1609,3398
1777,1621,3398
1741,1657,3398
1699,1699,3398
3389,11,3400
3371,29,3400
3359,41,3400
3347,53,3400
3329,71,3400
3299,101,3400
3251,149,3400
3221,179,3400
3209,191,3400
3203,197,3400
3167,233,3400
3137,263,3400
3119,281,3400
3089,311,3400
3083,317,3400
3041,359,3400
3011,389,3400
2999,401,3400
2969,431,3400
2957,443,3400
2939,461,3400
2909,491,3400
2897,503,3400
2879,521,3400
2843,557,3400
2837,563,3400
2801,599,3400
2753,647,3400
2741,659,3400
2699,701,3400
2657,743,3400
2591,809,3400
2579,821,3400
2543,857,3400
2459,941,3400
2447,953,3400
2423,977,3400
2417,983,3400
2381,1019,3400
2351,1049,3400
2339,1061,3400
2309,1091,3400
2297,1103,3400
2237,1163,3400
2213,1187,3400
2207,1193,3400
2141,1259,3400
2111,1289,3400
2099,1301,3400
2081,1319,3400
2039,1361,3400
2027,1373,3400
1973,1427,3400
1949,1451,3400
1913,1487,3400
1907,1493,3400
1901,1499,3400
1889,1511,3400
1877,1523,3400
1847,1553,3400
1787,1613,3400
1733,1667,3400
3391,11,3402
3389,13,3402
3373,29,3402
3371,31,3402
3361,41,3402
3359,43,3402
3343,59,3402
3331,71,3402
3329,73,3402
3323,79,3402
3319,83,3402
3313,89,3402
3301,101,3402
3299,103,3402
3271,131,3402
3253,149,3402
3251,151,3402
3229,173,3402
3221,181,3402
3209,193,3402
3203,199,3402
3191,211,3402
3169,233,3402
3163,239,3402
3121,281,3402
3119,283,3402
3109,293,3402
3089,313,3402
3049,353,3402
3023,379,3402
3019,383,3402
3001,401,3402
2971,431,3402
2969,433,3402
2963,439,3402
2953,449,3402
2939,463,3402
2903,499,3402
2879,523,3402
2861,541,3402
2833,569,3402
2803,599,3402
2801,601,3402
2789,613,3402
2749,653,3402
2741,661,3402
2729,673,3402
2719,683,3402
2711,691,3402
2693,709,3402
2683,719,3402
2663,739,3402
2659,743,3402
2633,769,3402
2593,809,3402
2591,811,3402
2579,823,3402
2549,853,3402
2543,859,3402
2539,863,3402
2521,881,3402
2473,929,3402
2411,991,3402
2393,1009,3402
2389,1013,3402
2383,1019,3402
2381,1021,3402
2371,1031,3402
2351,1051,3402
2341,1061,3402
2339,1063,3402
2333,1069,3402
2311,1091,3402
2309,1093,3402
2293,1109,3402
2273,1129,3402
2251,1151,3402
2239,1163,3402
2221,1181,3402
2179,1223,3402
2153,1249,3402
2143,1259,3402
2113,1289,3402
2111,1291,3402
2099,1303,3402
2083,1319,3402
2081,1321,3402
2029,1373,3402
2003,1399,3402
1993,1409,3402
1979,1423,3402
1973,1429,3402
1951,1451,3402
1949,1453,3402
1931,1471,3402
1913,1489,3402
1879,1523,3402
1871,1531,3402
1831,1571,3402
1823,1579,3402
1801,1601,3402
1789,1613,3402
1783,1619,3402
1733,1669,3402
1709,1693,3402
3391,13,3404
3373,31,3404
3361,43,3404
3343,61,3404
3331,73,3404
3307,97,3404
3301,103,3404
3253,151,3404
3181,223,3404
3163,241,3404
3121,283,3404
3067,337,3404
3037,367,3404
2971,433,3404
2917,487,3404
2857,547,3404
2833,571,3404
2803,601,3404
2797,607,3404
2791,613,3404
2731,673,3404
2713,691,3404
2677,727,3404
2671,733,3404
2647,757,3404
2617,787,3404
2593,811,3404
2551,853,3404
2521,883,3404
2467,937,3404
2437,967,3404
2383,1021,3404
2371,1033,3404
2341,1063,3404
2311,1093,3404
2287,1117,3404
2281,1123,3404
2251,1153,3404
2203,1201,3404
2113,1291,3404
2083,1321,3404
1951,1453,3404
1933,1471,3404
1873,1531,3404
1861,1543,3404
1783,1621,3404
1777,1627,3404
1747,1657,3404
1741,1663,3404
3389,17,3406
3359,47,3406
3347,59,3406
3323,83,3406
3299,107,3406
3257,149,3406
3209,197,3406
3167,239,3406
3137,269,3406
3089,317,3406
3023,383,3406
2963,443,3406
2957,449,3406
2939,467,3406
2927,479,3406
2903,503,3406
2897,509,3406
2843,563,3406
2837,569,3406
2819,587,3406
2789,617,3406
2753,653,3406
2729,677,3406
2687,719,3406
2663,743,3406
2633,773,3406
2609,797,3406
2579,827,3406
2549,857,3406
2543,863,3406
2477,929,3406
2459,947,3406
2423,983,3406
2393,1013,3406
2357,1049,3406
2309,1097,3406
2297,1109,3406
2243,1163,3406
2213,1193,3406
2129,1277,3406
2099,1307,3406
2087,1319,3406
2039,1367,3406
1997,1409,3406
1979,1427,3406
1973,1433,3406
1913,1493,3406
1907,1499,3406
1847,1559,3406
1823,1583,3406
1787,1619,3406
1709,1697,3406
3391,17,3408
3389,19,3408
3371,37,3408
3361,47,3408
3347,61,3408
3329,79,3408
3319,89,3408
3307,101,3408
3301,107,3408
3299,109,3408
3271,137,3408
3259,149,3408
3257,151,3408
3251,157,3408
3229,179,3408
3217,191,3408
3209,199,3408
3181,227,3408
3169,239,3408
3167,241,3408
3137,271,3408
3061,347,3408
3049,359,3408
3041,367,3408
3019,389,3408
3011,397,3408
2999,409,3408
2969,439,3408
2917,491,3408
2909,499,3408
2887,521,3408
2861,547,3408
2851,557,3408
2837,571,3408
2801,607,3408
2791,617,3408
2789,619,3408
2777,631,3408
2767,641,3408
2749,659,3408
2731,677,3408
2707,701,3408
2699,709,3408
2689,719,3408
2657,751,3408
2647,761,3408
2621,787,3408
2579,829,3408
2551,857,3408
2549,859,3408
2531,877,3408
2521,887,3408
2467,941,3408
2441,967,3408
2437,971,3408
2417,991,3408
2411,997,3408
2399,1009,3408
2389,1019,3408
2377,1031,3408
2357,1051,3408
2347,1061,3408
2339,1069,3408
2311,1097,3408
2237,1171,3408
2221,1187,3408
2207,1201,3408
2179,1229,3408
2131,1277,3408
2129,1279,3408
2111,1297,3408
2089,1319,3408
2087,1321,3408
2081,1327,3408
2027,1381,3408
1999,1409,3408
1979,1429,3408
1949,1459,3408
1877,1531,3408
1811,1597,3408
1801,1607,3408
1789,1619,3408
1787,1621,3408
1741,1667,3408
1709,1699,3408
3407,3,3410
3391,19,3410
3373,37,3410
3343,67,3410
3331,79,3410
3313,97,3410
3307,103,3410
3301,109,3410
3271,139,3410
3259,151,3410
3253,157,3410
3229,181,3410
3217,193,3410
3187,223,3410
3181,229,3410
3169,241,3410
3079,331,3410
3061,349,3410
3037,373,3410
3001,409,3410
2971,439,3410
2953,457,3410
2887,523,3410
2833,577,3410
2803,607,3410
2797,613,3410
2791,619,3410
2767,643,3410
2749,661,3410
2719,691,3410
2683,727,3410
2677,733,3410
2671,739,3410
2659,751,3410
2557,853,3410
2551,859,3410
2503,907,3410
2473,937,3410
2389,1021,3410
2377,1033,3410
2371,1039,3410
2347,1063,3410
2341,1069,3410
2293,1117,3410
2287,1123,3410
2281,1129,3410
2239,1171,3410
2179,1231,3410
2161,1249,3410
2131,1279,3410
2113,1297,3410
2089,1321,3410
2083,1327,3410
2029,1381,3410
2011,1399,3410
1987,1423,3410
1951,1459,3410
1879,1531,3410
1867,1543,3410
1861,1549,3410
1831,1579,3410
1801,1609,3410
1789,1621,3410
1783,1627,3410
1753,1657,3410
1747,1663,3410
1741,1669,3410
3407,5,3412
3389,23,3412
3371,41,3412
3359,53,3412
3329,83,3412
3323,89,3412
3299,113,3412
3221,191,3412
3119,293,3412
3023,389,3412
3011,401,3412
2969,443,3412
2963,449,3412
2909,503,3412
2903,509,3412
2843,569,3412
2819,593,3412
2753,659,3412
2729,683,3412
2711,701,3412
2693,719,3412
2591,821,3412
2549,863,3412
2531,881,3412
2459,953,3412
2441,971,3412
2399,1013,3412
2393,1019,3412
2381,1031,3412
2351,1061,3412
2309,1103,3412
2153,1259,3412
2129,1283,3412
2111,1301,3412
2039,1373,3412
2003,1409,3412
1979,1433,3412
1973,1439,3412
1931,1481,3412
1913,1499,3412
1901,1511,3412
1889,1523,3412
1811,1601,3412
3407,7,3414
3391,23,3414
3373,41,3414
3371,43,3414
3361,53,3414
3347,67,3414
3343,71,3414
3331,83,3414
3313,101,3414
3307,107,3414
3301,113,3414
3257,157,3414
3251,163,3414
3221,193,3414
3217,197,3414
3203,211,3414
3191,223,3414
3187,227,3414
3181,233,3414
3163,251,3414
3137,277,3414
3121,293,3414
3083,331,3414
3067,347,3414
3061,353,3414
3041,373,3414
2971,443,3414
2957,457,3414
2953,461,3414
2927,487,3414
2857,557,3414
2851,563,3414
2843,571,3414
2837,577,3414
2801,613,3414
2797,617,3414
2767,647,3414
2753,661,3414
2741,673,3414
2731,683,3414
2713,701,3414
2687,727,3414
2671,743,3414
2663,751,3414
2657,757,3414
2617,797,3414
2593,821,3414
2591,823,3414
2557,857,3414
2551,863,3414
2531,883,3414
2503,911,3414
2477,937,3414
2473,941,3414
2467,947,3414
2447,967,3414
2437,977,3414
2423,991,3414
2417,997,3414
2393,1021,3414
2383,1031,3414
2381,1033,3414
2351,1063,3414
2311,1103,3414
2297,1117,3414
2251,1163,3414
2243,1171,3414
2221,1193,3414
2213,1201,3414
2137,1277,3414
2131,1283,3414
2113,1301,3414
2111,1303,3414
2087,1327,3414
2053,1361,3414
1987,1427,3414
1933,1481,3414
1931,1483,3414
1871,1543,3414
1861,1553,3414
1847,1567,3414
1831,1583,3414
1801,1613,3414
1787,1627,3414
1777,1637,3414
1747,1667,3414
1721,1693,3414
3413,3,3416
3373,43,3416
3343,73,3416
3319,97,3416
3313,103,3416
3307,109,3416
3259,157,3416
3253,163,3416
3217,199,3416
3187,229,3416
3109,307,3416
3079,337,3416
3067,349,3416
3049,367,3416
3037,379,3416
3019,397,3416
2953,463,3416
2917,499,3416
2803,613,3416
2797,619,3416
2707,709,3416
2689,727,3416
2683,733,3416
2677,739,3416
2659,757,3416
2647,769,3416
2593,823,3416
2557,859,3416
2539,877,3416
2383,1033,3416
2377,1039,3416
2347,1069,3416
2293,1123,3416
2287,1129,3416
2203,1213,3416
2179,1237,3416
2137,1279,3416
2113,1303,3416
2089,1327,3416
2017,1399,3416
1993,1423,3416
1987,1429,3416
1933,1483,3416
1873,1543,3416
1867,1549,3416
1789,1627,3416
1759,1657,3416
1753,1663,3416
1747,1669,3416
1723,1693,3416
3413,5,3418
3407,11,3418
3389,29,3418
3371,47,3418
3359,59,3418
3347,71,3418
3329,89,3418
3251,167,3418
3221,197,3418
3191,227,3418
3167,251,3418
3137,281,3418
2999,419,3418
2969,449,3418
2957,461,3418
2939,479,3418
2927,491,3418
2909,509,3418
2897,521,3418
2861,557,3418
2819,599,3418
2801,617,3418
2777,641,3418
2741,677,3418
2699,719,3418
2657,761,3418
2621,797,3418
2609,809,3418
2591,827,3418
2579,839,3418
2531,887,3418
2477,941,3418
2447,971,3418
2441,977,3418
2399,1019,3418
2357,1061,3418
2309,1109,3418
2267,1151,3418
2237,1181,3418
2141,1277,3418
2129,1289,3418
2111,1307,3418
2099,1319,3418
1979,1439,3418
1931,1487,3418
1907,1511,3418
1847,1571,3418
1811,1607,3418
1721,1697,3418
1709,1709,3418
3413,7,3420
3407,13,3420
3391,29,3420
3389,31,3420
3373,47,3420
3361,59,3420
3359,61,3420
3347,73,3420
3331,89,3420
3323,97,3420
3319,101,3420
3313,107,3420
3307,113,3420
3271,149,3420
3257,163,3420
3253,167,3420
3229,191,3420
3221,199,3420
3209,211,3420
3191,229,3420
3187,233,3420
3181,239,3420
3169,251,3420
3163,257,3420
3137,283,3420
3109,311,3420
3089,331,3420
3083,337,3420
3067,353,3420
3061,359,3420
3041,379,3420
3037,383,3420
3023,397,3420
3019,401,3420
3011,409,3420
3001,419,3420
2999,421,3420
2971,449,3420
2963,457,3420
2957,463,3420
2953,467,3420
2917,503,3420
2897,523,3420
2879,541,3420
2857,563,3420
2851,569,3420
2843,577,3420
2833,587,3420
2819,601,3420
2803,617,3420
2801,619,3420
2789,631,3420
2777,643,3420
2767,653,3420
2729,691,3420
2719,701,3420
2711,709,3420
2693,727,3420
2687,733,3420
2677,743,3420
2663,757,3420
2659,761,3420
2647,773,3420
2633,787,3420
2609,811,3420
2593,827,3420
2591,829,3420
2557,863,3420
2543,877,3420
2539,881,3420
2473,947,3420
2467,953,3420
2437,983,3420
2423,997,3420
2411,1009,3420
2399,1021,3420
2389,1031,3420
2381,1039,3420
2371,1049,3420
2357,1063,3420
2351,1069,3420
2333,1087,3420
2311,1109,3420
2297,1123,3420
2269,1151,3420
2267,1153,3420
2239,1181,3420
2207,1213,3420
2203,1217,3420
2161,1259,3420
2143,1277,3420
2141,1279,3420
2137,1283,3420
2131,1289,3420
2129,1291,3420
2113,1307,3420
2099,1321,3420
2053,1367,3420
2039,1381,3420
2011,1409,3420
1997,1423,3420
1993,1427,3420
1987,1433,3420
1973,1447,3420
1949,1471,3420
1933,1487,3420
1931,1489,3420
1889,1531,3420
1877,1543,3420
1871,1549,3420
1867,1553,3420
1861,1559,3420
1823,1597,3420
1811,1609,3420
1801,1619,3420
1783,1637,3420
1753,1667,3420
1723,1697,3420
1721,1699,3420
3391,31,3422
3361,61,3422
3343,79,3422
3319,103,3422
3313,109,3422
3271,151,3422
3259,163,3422
3229,193,3422
3181,241,3422
3109,313,3422
3049,373,3422
3001,421,3422
2851,571,3422
2803,619,3422
2791,631,3422
2749,673,3422
2731,691,3422
2713,709,3422
2689,733,3422
2683,739,3422
2671,751,3422
2593,829,3422
2539,883,3422
2503,919,3422
2389,1033,3422
2383,1039,3422
2371,1051,3422
2293,1129,3422
2269,1153,3422
2251,1171,3422
2221,1201,3422
2143,1279,3422
2131,1291,3422
1999,1423,3422
1993,1429,3422
1951,1471,3422
1933,1489,3422
1879,1543,3422
1873,1549,3422
1801,1621,3422
1759,1663,3422
1753,1669,3422
1723,1699,3422
3413,11,3424
3407,17,3424
3371,53,3424
3323,101,3424
3257,167,3424
3251,173,3424
3191,233,3424
3167,257,3424
3041,383,3424
3023,401,3424
2963,461,3424
2957,467,3424
2903,521,3424
2861,563,3424
2837,587,3424
2777,647,3424
2741,683,3424
2663,761,3424
2543,881,3424
2477,947,3424
2447,977,3424
2441,983,3424
2411,1013,3424
2393,1031,3424
2333,1091,3424
2273,1151,3424
2243,1181,3424
2237,1187,3424
2207,1217,3424
2141,1283,3424
2063,1361,3424
1997,1427,3424
1973,1451,3424
1931,1493,3424
1913,1511,3424
1901,1523,3424
1871,1553,3424
1823,1601,3424
1811,1613,3424
1787,1637,3424
3413,13,3426
3407,19,3426
3389,37,3426
3373,53,3426
3359,67,3426
3347,79,3426
3343,83,3426
3329,97,3426
3323,103,3426
3319,107,3426
3313,113,3426
3299,127,3426
3259,167,3426
3253,173,3426
3229,197,3426
3203,223,3426
3187,239,3426
3169,257,3426
3163,263,3426
3119,307,3426
3109,317,3426
3089,337,3426
3079,347,3426
3067,359,3426
3037,389,3426
2969,457,3426
2963,463,3426
2939,487,3426
2927,499,3426
2917,509,3426
2903,523,3426
2879,547,3426
2857,569,3426
2833,593,3426
2819,607,3426
2767,659,3426
2753,673,3426
2749,677,3426
2707,719,3426
2699,727,3426
2693,733,3426
2687,739,3426
2683,743,3426
2657,769,3426
2617,809,3426
2549,877,3426
2543,883,3426
2539,887,3426
2473,953,3426
2459,967,3426
2417,1009,3426
2393,1033,3426
2377,1049,3426
2357,1069,3426
2339,1087,3426
2333,1093,3426
2309,1117,3426
2297,1129,3426
2273,1153,3426
2239,1187,3426
2213,1213,3426
2203,1223,3426
2143,1283,3426
2137,1289,3426
2129,1297,3426
2099,1327,3426
2053,1373,3426
2027,1399,3426
2017,1409,3426
2003,1423,3426
1999,1427,3426
1997,1429,3426
1993,1433,3426
1987,1439,3426
1979,1447,3426
1973,1453,3426
1933,1493,3426
1877,1549,3426
1873,1553,3426
1867,1559,3426
1847,1579,3426
1789,1637,3426
1759,1667,3426
1733,1693,3426
3391,37,3428
3361,67,3428
3331,97,3428
3319,109,3428
3301,127,3428
3271,157,3428
3229,199,3428
3217,211,3428
3187,241,3428
3121,307,3428
3079,349,3428
3061,367,3428
3049,379,3428
3019,409,3428
2971,457,3428
2887,541,3428
2857,571,3428
2851,577,3428
2797,631,3428
2767,661,3428
2719,709,3428
2689,739,3428
2677,751,3428
2671,757,3428
2659,769,3428
2617,811,3428
2551,877,3428
2521,907,3428
2437,991,3428
2389,1039,3428
2377,1051,3428
2341,1087,3428
2311,1117,3428
2179,1249,3428
2137,1291,3428
2131,1297,3428
2029,1399,3428
1999,1429,3428
1879,1549,3428
1861,1567,3428
1831,1597,3428
1801,1627,3428
1759,1669,3428
3413,17,3430
3407,23,3430
3389,41,3430
3371,59,3430
3359,71,3430
3347,83,3430
3329,101,3430
3323,107,3430
3299,131,3430
3257,173,3430
3251,179,3430
3203,227,3430
3191,239,3430
3167,263,3430
3137,293,3430
3119,311,3430
3083,347,3430
3041,389,3430
3011,419,3430
2999,431,3430
2969,461,3430
2963,467,3430
2939,491,3430
2927,503,3430
2909,521,3430
2861,569,3430
2843,587,3430
2837,593,3430
2789,641,3430
2777,653,3430
2753,677,3430
2729,701,3430
2711,719,3430
2687,743,3430
2657,773,3430
2633,797,3430
2621,809,3430
2609,821,3430
2591,839,3430
2549,881,3430
2543,887,3430
2477,953,3430
2459,971,3430
2447,983,3430
2417,1013,3430
2411,1019,3430
2399,1031,3430
2381,1049,3430
2339,1091,3430
2333,1097,3430
2267,1163,3430
2243,1187,3430
2237,1193,3430
2213,1217,3430
2207,1223,3430
2153,1277,3430
2141,1289,3430
2129,1301,3430
2111,1319,3430
2069,1361,3430
2063,1367,3430
2003,1427,3430
1997,1433,3430
1979,1451,3430
1949,1481,3430
1931,1499,3430
1907,1523,3430
1877,1553,3430
1871,1559,3430
1847,1583,3430
1823,1607,3430
1811,1619,3430
1733,1697,3430
1721,1709,3430
3413,19,3432
3391,41,3432
3389,43,3432
3373,59,3432
3371,61,3432
3361,71,3432
3359,73,3432
3343,89,3432
3331,101,3432
3329,103,3432
3323,109,3432
3319,113,3432
3301,131,3432
3259,173,3432
3253,179,3432
3251,181,3432
3221,211,3432
3209,223,3432
3203,229,3432
3191,241,3432
3181,251,3432
3169,263,3432
3163,269,3432
3121,311,3432
3119,313,3432
3083,349,3432
3079,353,3432
3049,383,3432
3023,409,3432
3011,421,3432
3001,431,3432
2999,433,3432
2971,461,3432
2969,463,3432
2953,479,3432
2909,523,3432
2861,571,3432
2833,599,3432
2819,613,3432
2801,631,3432
2791,641,3432
2789,643,3432
2749,683,3432
2741,691,3432
2731,701,3432
2713,719,3432
2699,733,3432
2693,739,3432
2689,743,3432
2671,761,3432
2663,769,3432
2659,773,3432
2621,811,3432
2609,823,3432
2593,839,3432
2579,853,3432
2551,881,3432
2549,883,3432
2521,911,3432
2503,929,3432
2441,991,3432
2423,1009,3432
2411,1021,3432
2399,1033,3432
2393,1039,3432
2383,1049,3432
2381,1051,3432
2371,1061,3432
2341,1091,3432
2339,1093,3432
2309,1123,3432
2281,1151,3432
2269,1163,3432
2251,1181,3432
2239,1193,3432
2203,1229,3432
2153,1279,3432
2143,1289,3432
2141,1291,3432
2131,1301,3432
2129,1303,3432
2113,1319,3432
2111,1321,3432
2003,1429,3432
1999,1433,3432
1993,1439,3432
1979,1453,3432
1973,1459,3432
1951,1481,3432
1949,1483,3432
1933,1499,3432
1901,1531,3432
1889,1543,3432
1879,1553,3432
1873,1559,3432
1861,1571,3432
1831,1601,3432
1823,1609,3432
1811,1621,3432
1733,1699,3432
1723,1709,3432
3391,43,3434
3373,61,3434
3361,73,3434
3331,103,3434
3307,127,3434
3271,163,3434
3253,181,3434
3163,271,3434
3121,313,3434
3067,367,3434
3061,373,3434
3037,397,3434
3001,433,3434
2971,463,3434
2887,547,3434
2857,577,3434
2833,601,3434
2803,631,3434
2791,643,3434
2707,727,3434
2683,751,3434
2677,757,3434
2647,787,3434
2557,877,3434
2551,883,3434
2467,967,3434
2437,997,3434
2383,1051,3434
2371,1063,3434
2347,1087,3434
2341,1093,3434
2311,1123,3434
2281,1153,3434
2221,1213,3434
2203,1231,3434
2143,1291,3434
2137,1297,3434
2131,1303,3434
2113,1321,3434
2053,1381,3434
2011,1423,3434
1987,1447,3434
1951,1483,3434
1867,1567,3434
1777,1657,3434
1741,1693,3434
3433,3,3436
3413,23,3436
3407,29,3436
3389,47,3436
3347,89,3436
3329,107,3436
3323,113,3436
3299,137,3436
3257,179,3436
3209,227,3436
3203,233,3436
3167,269,3436
3119,317,3436
3089,347,3436
3083,353,3436
2969,467,3436
2957,479,3436
2927,509,3436
2879,557,3436
2843,593,3436
2837,599,3436
2819,617,3436
2789,647,3436
2777,659,3436
2753,683,3436
2693,743,3436
2663,773,3436
2609,827,3436
2579,857,3436
2549,887,3436
2459,977,3436
2423,1013,3436
2417,1019,3436
2339,1097,3436
2333,1103,3436
2273,1163,3436
2243,1193,3436
2213,1223,3436
2207,1229,3436
2153,1283,3436
2129,1307,3436
2069,1367,3436
2063,1373,3436
2027,1409,3436
2003,1433,3436
1997,1439,3436
1949,1487,3436
1913,1523,3436
1877,1559,3436
1823,1613,3436
3433,5,3438
3407,31,3438
3391,47,3438
3371,67,3438
3359,79,3438
3331,107,3438
3329,109,3438
3307,131,3438
3301,137,3438
3299,139,3438
3271,167,3438
3259,179,3438
3257,181,3438
3209,229,3438
3187,251,3438
3181,257,3438
3169,269,3438
3167,271,3438
3121,317,3438
3089,349,3438
3079,359,3438
3049,389,3438
3041,397,3438
3037,401,3438
3019,419,3438
2999,439,3438
2971,467,3438
2939,499,3438
2917,521,3438
2897,541,3438
2861,577,3438
2851,587,3438
2837,601,3438
2819,619,3438
2797,641,3438
2791,647,3438
2777,661,3438
2729,709,3438
2719,719,3438
2711,727,3438
2699,739,3438
2687,751,3438
2677,761,3438
2617,821,3438
2609,829,3438
2579,859,3438
2557,881,3438
2551,887,3438
2531,907,3438
2467,971,3438
2447,991,3438
2441,997,3438
2417,1021,3438
2399,1039,3438
2389,1049,3438
2377,1061,3438
2351,1087,3438
2347,1091,3438
2341,1097,3438
2309,1129,3438
2287,1151,3438
2267,1171,3438
2251,1187,3438
2237,1201,3438
2221,1217,3438
2207,1231,3438
2179,1259,3438
2161,1277,3438
2141,1297,3438
2137,1301,3438
2131,1307,3438
2111,1327,3438
2039,1399,3438
2029,1409,3438
2011,1427,3438
1999,1439,3438
1987,1451,3438
1979,1459,3438
1951,1487,3438
1949,1489,3438
1907,1531,3438
1889,1549,3438
1879,1559,3438
1871,1567,3438
1867,1571,3438
1831,1607,3438
1811,1627,3438
1801,1637,3438
1741,1697,3438
3433,7,3440
3373,67,3440
3361,79,3440
3343,97,3440
3331,109,3440
3313,127,3440
3301,139,3440
3259,181,3440
3229,211,3440
3217,223,3440
3169,271,3440
3163,277,3440
3109,331,3440
3067,373,3440
3061,379,3440
3019,421,3440
3001,439,3440
2953,487,3440
2917,523,3440
2833,607,3440
2797,643,3440
2767,673,3440
2749,691,3440
2731,709,3440
2713,727,3440
2707,733,3440
2689,751,3440
2683,757,3440
2671,769,3440
2617,823,3440
2557,883,3440
2521,919,3440
2503,937,3440
2473,967,3440
2389,1051,3440
2377,1063,3440
2371,1069,3440
2347,1093,3440
2311,1129,3440
2287,1153,3440
2269,1171,3440
2239,1201,3440
2203,1237,3440
2161,1279,3440
2143,1297,3440
2137,1303,3440
2113,1327,3440
2017,1423,3440
2011,1429,3440
1993,1447,3440
1987,1453,3440
1951,1489,3440
1873,1567,3440
1861,1579,3440
1831,1609,3440
1783,1657,3440
1777,1663,3440
1747,1693,3440
1741,1699,3440
3413,29,3442
3389,53,3442
3371,71,3442
3359,83,3442
3329,113,3442
3251,191,3442
3209,233,3442
3203,239,3442
3191,251,3442
3089,353,3442
3083,359,3442
3041,401,3442
3023,419,3442
3011,431,3442
2999,443,3442
2963,479,3442
2939,503,3442
2879,563,3442
2843,599,3442
2801,641,3442
2789,653,3442
2741,701,3442
2699,743,3442
2633,809,3442
2621,821,3442
2579,863,3442
2531,911,3442
2459,983,3442
2423,1019,3442
2411,1031,3442
2393,1049,3442
2381,1061,3442
2351,1091,3442
2339,1103,3442
2333,1109,3442
2213,1229,3442
2153,1289,3442
2141,1301,3442
2081,1361,3442
2069,1373,3442
2003,1439,3442
1949,1493,3442
1931,1511,3442
1889,1553,3442
1871,1571,3442
1823,1619,3442
1733,1709,3442
1721,1721,3442
3433,11,3444
3413,31,3444
3407,37,3444
3391,53,3444
3373,71,3444
3371,73,3444
3361,83,3444
3347,97,3444
3343,101,3444
3331,113,3444
3313,131,3444
3307,137,3444
3271,173,3444
3253,191,3444
3251,193,3444
3221,223,3444
3217,227,3444
3203,241,3444
3187,257,3444
3181,263,3444
3167,277,3444
3163,281,3444
3137,307,3444
3061,383,3444
3023,421,3444
3011,433,3444
3001,443,3444
2957,487,3444
2953,491,3444
2903,541,3444
2897,547,3444
2887,557,3444
2857,587,3444
2851,593,3444
2843,601,3444
2837,607,3444
2803,641,3444
2801,643,3444
2797,647,3444
2791,653,3444
2767,677,3444
2753,691,3444
2711,733,3444
2693,751,3444
2687,757,3444
2683,761,3444
2671,773,3444
2657,787,3444
2647,797,3444
2633,811,3444
2621,823,3444
2617,827,3444
2591,853,3444
2557,887,3444
2503,941,3444
2477,967,3444
2473,971,3444
2467,977,3444
2447,997,3444
2423,1021,3444
2411,1033,3444
2393,1051,3444
2383,1061,3444
2381,1063,3444
2357,1087,3444
2351,1093,3444
2347,1097,3444
2341,1103,3444
2293,1151,3444
2281,1163,3444
2273,1171,3444
2251,1193,3444
2243,1201,3444
2221,1223,3444
2213,1231,3444
2207,1237,3444
2161,1283,3444
2153,1291,3444
2143,1301,3444
2141,1303,3444
2137,1307,3444
2083,1361,3444
2063,1381,3444
2017,1427,3444
2011,1433,3444
1997,1447,3444
1993,1451,3444
1973,1471,3444
1951,1493,3444
1933,1511,3444
1913,1531,3444
1901,1543,3444
1877,1567,3444
1873,1571,3444
1861,1583,3444
1847,1597,3444
1831,1613,3444
1823,1621,3444
1787,1657,3444
1777,1667,3444
1747,1697,3444
1723,1721,3444
3433,13,3446
3373,73,3446
3343,103,3446
3319,127,3446
3307,139,3446
3253,193,3446
3217,229,3446
3169,277,3446
3163,283,3446
3109,337,3446
3079,367,3446
3067,379,3446
3049,397,3446
3037,409,3446
2833,613,3446
2803,643,3446
2719,727,3446
2713,733,3446
2707,739,3446
2689,757,3446
2677,769,3446
2659,787,3446
2617,829,3446
2593,853,3446
2539,907,3446
2437,1009,3446
2383,1063,3446
2377,1069,3446
2293,1153,3446
2143,1303,3446
2017,1429,3446
1999,1447,3446
1993,1453,3446
1987,1459,3446
1879,1567,3446
1867,1579,3446
1789,1657,3446
1783,1663,3446
1777,1669,3446
1753,1693,3446
1747,1699,3446
1723,1723,3446
3407,41,3448
3389,59,3448
3359,89,3448
3347,101,3448
3299,149,3448
3257,191,3448
3251,197,3448
3221,227,3448
3209,239,3448
3191,257,3448
3167,281,3448
3137,311,3448
3089,359,3448
2999,449,3448
2969,479,3448
2957,491,3448
2939,509,3448
2927,521,3448
2879,569,3448
2861,587,3448
2801,647,3448
2789,659,3448
2729,719,3448
2687,761,3448
2621,827,3448
2609,839,3448
2591,857,3448
2477,971,3448
2417,1031,3448
2399,1049,3448
2357,1091,3448
2351,1097,3448
2339,1109,3448
2297,1151,3448
2267,1181,3448
2141,1307,3448
2129,1319,3448
2087,1361,3448
2081,1367,3448
2039,1409,3448
1997,1451,3448
1949,1499,3448
1889,1559,3448
1877,1571,3448
1847,1601,3448
1811,1637,3448
3433,17,3450
3413,37,3450
3407,43,3450
3391,59,3450
3389,61,3450
3371,79,3450
3361,89,3450
3347,103,3450
3343,107,3450
3323,127,3450
3319,131,3450
3313,137,3450
3301,149,3450
3299,151,3450
3271,179,3450
3259,191,3450
3257,193,3450
3253,197,3450
3251,199,3450
3221,229,3450
3217,233,3450
3209,241,3450
3187,263,3450
3181,269,3450
3169,281,3450
3167,283,3450
3137,313,3450
3119,331,3450
3083,367,3450
3067,383,3450
3061,389,3450
3049,401,3450
3041,409,3450
3019,431,3450
3011,439,3450
3001,449,3450
2971,479,3450
2963,487,3450
2927,523,3450
2909,541,3450
2903,547,3450
2887,563,3450
2879,571,3450
2857,593,3450
2851,599,3450
2843,607,3450
2837,613,3450
2833,617,3450
2819,631,3450
2803,647,3450
2797,653,3450
2791,659,3450
2789,661,3450
2777,673,3450
2767,683,3450
2749,701,3450
2741,709,3450
2731,719,3450
2711,739,3450
2707,743,3450
2699,751,3450
2693,757,3450
2689,761,3450
2677,773,3450
2663,787,3450
2621,829,3450
2593,857,3450
2591,859,3450
2543,907,3450
2539,911,3450
2531,919,3450
2521,929,3450
2503,947,3450
2473,977,3450
2467,983,3450
2459,991,3450
2441,1009,3450
2437,1013,3450
2417,1033,3450
2411,1039,3450
2399,1051,3450
2389,1061,3450
2381,1069,3450
2357,1093,3450
2347,1103,3450
2341,1109,3450
2333,1117,3450
2297,1153,3450
2287,1163,3450
2269,1181,3450
2237,1213,3450
2221,1229,3450
2213,1237,3450
2161,1289,3450
2153,1297,3450
2143,1307,3450
2131,1319,3450
2129,1321,3450
2089,1361,3450
2083,1367,3450
2069,1381,3450
2027,1423,3450
2017,1433,3450
2011,1439,3450
2003,1447,3450
1999,1451,3450
1997,1453,3450
1979,1471,3450
1951,1499,3450
1907,1543,3450
1901,1549,3450
1879,1571,3450
1871,1579,3450
1867,1583,3450
1831,1619,3450
1823,1627,3450
1787,1663,3450
1783,1667,3450
1753,1697,3450
1741,1709,3450
3449,3,3452
3433,19,3452
3391,61,3452
3373,79,3452
3343,109,3452
3313,139,3452
3301,151,3452
3271,181,3452
3259,193,3452
3253,199,3452
3229,223,3452
3181,271,3452
3169,283,3452
3121,331,3452
3079,373,3452
3019,433,3452
2953,499,3452
2851,601,3452
2833,619,3452
2791,661,3452
2719,733,3452
2713,739,3452
2683,769,3452
2593,859,3452
2389,1063,3452
2383,1069,3452
2281,1171,3452
2251,1201,3452
2239,1213,3452
2221,1231,3452
2203,1249,3452
2161,1291,3452
2131,1321,3452
2053,1399,3452
2029,1423,3452
1999,1453,3452
1993,1459,3452
1873,1579,3452
1831,1621,3452
1789,1663,3452
1783,1669,3452
1759,1693,3452
1753,1699,3452
3449,5,3454
3413,41,3454
3407,47,3454
3371,83,3454
3347,107,3454
3323,131,3454
3257,197,3454
3221,233,3454
3203,251,3454
3191,263,3454
3137,317,3454
3023,431,3454
3011,443,3454
2963,491,3454
2897,557,3454
2861,593,3454
2837,617,3454
2801,653,3454
2777,677,3454
2753,701,3454
2711,743,3454
2693,761,3454
2657,797,3454
2633,821,3454
2591,863,3454
2543,911,3454
2477,977,3454
2441,1013,3454
2423,1031,3454
2393,1061,3454
2357,1097,3454
2351,1103,3454
2273,1181,3454
2267,1187,3454
2237,1217,3454
2153,1301,3454
2087,1367,3454
2081,1373,3454
2027,1427,3454
2003,1451,3454
1973,1481,3454
1931,1523,3454
1901,1553,3454
1871,1583,3454
1847,1607,3454
1787,1667,3454
1733,1721,3454
3449,7,3456
3433,23,3456
3413,43,3456
3389,67,3456
3373,83,3456
3359,97,3456
3347,109,3456
3343,113,3456
3329,127,3456
3319,137,3456
3307,149,3456
3299,157,3456
3259,197,3456
3257,199,3456
3229,227,3456
3217,239,3456
3187,269,3456
3163,293,3456
3119,337,3456
3109,347,3456
3089,367,3456
3083,373,3456
3067,389,3456
3037,419,3456
3023,433,3456
2999,457,3456
2969,487,3456
2957,499,3456
2953,503,3456
2909,547,3456
2887,569,3456
2879,577,3456
2857,599,3456
2843,613,3456
2837,619,3456
2803,653,3456
2797,659,3456
2729,727,3456
2713,743,3456
2699,757,3456
2687,769,3456
2683,773,3456
2659,797,3456
2647,809,3456
2633,823,3456
2617,839,3456
2593,863,3456
2579,877,3456
2549,907,3456
2503,953,3456
2473,983,3456
2459,997,3456
2447,1009,3456
2437,1019,3456
2423,1033,3456
2417,1039,3456
2393,1063,3456
2347,1109,3456
2339,1117,3456
2333,1123,3456
2293,1163,3456
2269,1187,3456
2243,1213,3456
2239,1217,3456
2207,1249,3456
2179,1277,3456
2153,1303,3456
2137,1319,3456
2129,1327,3456
2089,1367,3456
2083,1373,3456
2029,1427,3456
2027,1429,3456
2017,1439,3456
2003,1453,3456
1997,1459,3456
1973,1483,3456
1933,1523,3456
1913,1543,3456
1907,1549,3456
1889,1567,3456
1877,1579,3456
1873,1583,3456
1847,1609,3456
1789,1667,3456
1787,1669,3456
1759,1697,3456
1747,1709,3456
1733,1723,3456
3391,67,3458
3361,97,3458
3331,127,3458
3319,139,3458
3307,151,3458
3301,157,3458
3259,199,3458
3229,229,3458
3217,241,3458
3187,271,3458
3181,277,3458
3121,337,3458
3109,349,3458
3079,379,3458
3061,397,3458
3049,409,3458
3037,421,3458
3019,439,3458
3001,457,3458
2971,487,3458
2917,541,3458
2887,571,3458
2857,601,3458
2851,607,3458
2797,661,3458
2767,691,3458
2749,709,3458
2731,727,3458
2719,739,3458
2707,751,3458
2689,769,3458
2671,787,3458
2647,811,3458
2551,907,3458
2539,919,3458
2521,937,3458
2467,991,3458
2437,1021,3458
2389,1069,3458
2371,1087,3458
2341,1117,3458
2287,1171,3458
2221,1237,3458
2179,1279,3458
2161,1297,3458
2137,1321,3458
2131,1327,3458
2029,1429,3458
2011,1447,3458
1999,1459,3458
1987,1471,3458
1879,1579,3458
1861,1597,3458
1831,1627,3458
1801,1657,3458
1789,1669,3458
1759,1699,3458
3457,3,3460
3449,11,3460
3413,47,3460
3407,53,3460
3389,71,3460
3371,89,3460
3359,101,3460
3347,113,3460
3329,131,3460
3323,137,3460
3221,239,3460
3209,251,3460
3203,257,3460
3191,269,3460
3167,293,3460
3041,419,3460
3011,449,3460
2999,461,3460
2969,491,3460
2957,503,3460
2939,521,3460
2903,557,3460
2897,563,3460
2861,599,3460
2843,617,3460
2819,641,3460
2801,659,3460
2777,683,3460
2741,719,3460
2699,761,3460
2687,773,3460
2663,797,3460
2633,827,3460
2621,839,3460
2579,881,3460
2549,911,3460
2531,929,3460
2477,983,3460
2447,1013,3460
2441,1019,3460
2411,1049,3460
2399,1061,3460
2357,1103,3460
2351,1109,3460
2309,1151,3460
2297,1163,3460
2273,1187,3460
2267,1193,3460
2243,1217,3460
2237,1223,3460
2153,1307,3460
2141,1319,3460
2099,1361,3460
2087,1373,3460
2027,1433,3460
1979,1481,3460
1973,1487,3460
1949,1511,3460
1907,1553,3460
1901,1559,3460
1889,1571,3460
1877,1583,3460
1847,1613,3460
1823,1637,3460
3457,5,3462
3449,13,3462
3433,29,3462
3391,71,3462
3389,73,3462
3373,89,3462
3361,101,3462
3359,103,3462
3331,131,3462
3323,139,3462
3313,149,3462
3299,163,3462
3271,191,3462
3251,211,3462
3229,233,3462
3221,241,3462
3191,271,3462
3181,281,3462
3169,293,3462
3109,353,3462
3089,373,3462
3083,379,3462
3079,383,3462
3061,401,3462
3041,421,3462
3023,439,3462
3019,443,3462
3001,461,3462
2999,463,3462
2971,491,3462
2963,499,3462
2953,509,3462
2939,523,3462
2861,601,3462
2843,619,3462
2819,643,3462
2803,659,3462
2801,661,3462
2789,673,3462
2753,709,3462
2729,733,3462
2719,743,3462
2711,751,3462
2693,769,3462
2689,773,3462
2633,829,3462
2609,853,3462
2579,883,3462
2551,911,3462
2543,919,3462
2521,941,3462
2441,1021,3462
2423,1039,3462
2411,1051,3462
2399,1063,3462
2393,1069,3462
2371,1091,3462
2339,1123,3462
2333,1129,3462
2311,1151,3462
2309,1153,3462
2281,1181,3462
2269,1193,3462
2239,1223,3462
2213,1249,3462
2203,1259,3462
2179,1283,3462
2161,1301,3462
2143,1319,3462
2141,1321,3462
2089,1373,3462
2081,1381,3462
2063,1399,3462
2053,1409,3462
2039,1423,3462
2029,1433,3462
2011,1451,3462
2003,1459,3462
1979,1483,3462
1973,1489,3462
1951,1511,3462
1931,1531,3462
1913,1549,3462
1879,1583,3462
1861,1601,3462
1753,1709,3462
1741,1721,3462
3461,3,3464
3457,7,3464
3433,31,3464
3391,73,3464
3361,103,3464
3313,151,3464
3307,157,3464
3301,163,3464
3271,193,3464
3253,211,3464
3187,277,3464
3181,283,3464
3067,397,3464
3001,463,3464
2917,547,3464
2887,577,3464
2857,607,3464
2851,613,3464
2833,631,3464
2803,661,3464
2791,673,3464
2731,733,3464
2713,751,3464
2707,757,3464
2677,787,3464
2557,907,3464
2473,991,3464
2467,997,3464
2377,1087,3464
2371,1093,3464
2347,1117,3464
2341,1123,3464
2311,1153,3464
2293,1171,3464
2251,1213,3464
2161,1303,3464
2143,1321,3464
2137,1327,3464
2083,1381,3464
2017,1447,3464
2011,1453,3464
1993,1471,3464
1933,1531,3464
1867,1597,3464
1801,1663,3464
1741,1723,3464
3463,3,3466
3461,5,3466
3449,17,3466
3413,53,3466
3407,59,3466
3359,107,3466
3329,137,3466
3299,167,3466
3209,257,3466
3203,263,3466
3119,347,3466
3083,383,3466
3023,443,3466
2999,467,3466
2963,503,3466
2957,509,3466
2909,557,3466
2903,563,3466
2897,569,3466
2879,587,3466
2819,647,3466
2789,677,3466
2693,773,3466
2657,809,3466
2609,857,3466
2579,887,3466
2447,1019,3466
2417,1049,3466
2357,1109,3466
2273,1193,3466
2243,1223,3466
2237,1229,3466
2207,1259,3466
2099,1367,3466
2039,1427,3466
2027,1439,3466
1979,1487,3466
1973,1493,3466
1913,1553,3466
1907,1559,3466
1847,1619,3466
1733,1733,3466
3463,5,3468
3461,7,3468
3457,11,3468
3449,19,3468
3407,61,3468
3389,79,3468
3371,97,3468
3361,107,3468
3359,109,3468
3331,137,3468
3329,139,3468
3319,149,3468
3301,167,3468
3271,197,3468
3257,211,3468
3229,239,3468
3217,251,3468
3191,277,3468
3187,281,3468
3137,331,3468
3121,347,3468
3119,349,3468
3109,359,3468
3089,379,3468
3079,389,3468
3067,401,3468
3049,419,3468
3037,431,3468
3019,449,3468
3011,457,3468
3001,467,3468
2969,499,3468
2927,541,3468
2897,571,3468
2861,607,3468
2851,617,3468
2837,631,3468
2791,677,3468
2777,691,3468
2767,701,3468
2749,719,3468
2741,727,3468
2729,739,3468
2711,757,3468
2707,761,3468
2699,769,3468
2671,797,3468
2659,809,3468
2657,811,3468
2647,821,3468
2609,859,3468
2591,877,3468
2557,911,3468
2549,919,3468
2539,929,3468
2531,937,3468
2521,947,3468
2477,991,3468
2459,1009,3468
2447,1021,3468
2437,1031,3468
2417,1051,3468
2399,1069,3468
2381,1087,3468
2377,1091,3468
2371,1097,3468
2351,1117,3468
2339,1129,3468
2297,1171,3468
2287,1181,3468
2281,1187,3468
2267,1201,3468
2251,1217,3468
2239,1229,3468
2237,1231,3468
2179,1289,3468
2161,1307,3468
2141,1327,3468
2087,1381,3468
2069,1399,3468
2039,1429,3468
2029,1439,3468
2017,1451,3468
1997,1471,3468
1987,1481,3468
1979,1489,3468
1901,1567,3468
1889,1579,3468
1871,1597,3468
1867,1601,3468
1861,1607,3468
1847,1621,3468
1831,1637,3468
1811,1657,3468
1801,1667,3468
1759,1709,3468
1747,1721,3468
3467,3,3470
3463,7,3470
3457,13,3470
3433,37,3470
3391,79,3470
3373,97,3470
3361,109,3470
3343,127,3470
3331,139,3470
3319,151,3470
3313,157,3470
3307,163,3470
3271,199,3470
3259,211,3470
3229,241,3470
3187,283,3470
3163,307,3470
3121,349,3470
3061,409,3470
3049,421,3470
3037,433,3470
2971,499,3470
2857,613,3470
2851,619,3470
2797,673,3470
2731,739,3470
2719,751,3470
2713,757,3470
2683,787,3470
2659,811,3470
2647,823,3470
2617,853,3470
2593,877,3470
2551,919,3470
2503,967,3470
2473,997,3470
2437,1033,3470
2383,1087,3470
2377,1093,3470
2347,1123,3470
2341,1129,3470
2269,1201,3470
2239,1231,3470
2221,1249,3470
2179,1291,3470
2143,1327,3470
2089,1381,3470
2017,1453,3470
2011,1459,3470
1999,1471,3470
1987,1483,3470
1873,1597,3470
1861,1609,3470
1801,1669,3470
1777,1693,3470
1747,1723,3470
3469,3,3472
3467,5,3472
3461,11,3472
3449,23,3472
3413,59,3472
3389,83,3472
3371,101,3472
3359,113,3472
3323,149,3472
3299,173,3472
3221,251,3472
3209,263,3472
3203,269,3472
3191,281,3472
3119,353,3472
3089,383,3472
3083,389,3472
3041,431,3472
3023,449,3472
3011,461,3472
2969,503,3472
2963,509,3472
2909,563,3472
2903,569,3472
2879,593,3472
2819,653,3472
2789,683,3472
2753,719,3472
2729,743,3472
2711,761,3472
2699,773,3472
2663,809,3472
2633,839,3472
2609,863,3472
2591,881,3472
2543,929,3472
2531,941,3472
2459,1013,3472
2441,1031,3472
2423,1049,3472
2411,1061,3472
2381,1091,3472
2309,1163,3472
2243,1229,3472
2213,1259,3472
2153,1319,3472
2111,1361,3472
2099,1373,3472
2063,1409,3472
2039,1433,3472
1979,1493,3472
1973,1499,3472
1949,1523,3472
1913,1559,3472
1901,1571,3472
1889,1583,3472
1871,1601,3472
3469,5,3474
3467,7,3474
3463,11,3474
3461,13,3474
3457,17,3474
3433,41,3474
3413,61,3474
3407,67,3474
3391,83,3474
3373,101,3474
3371,103,3474
3361,113,3474
3347,127,3474
3343,131,3474
3323,151,3474
3307,167,3474
3301,173,3474
3251,223,3474
3217,257,3474
3203,271,3474
3191,283,3474
3181,293,3474
3167,307,3474
3163,311,3474
3137,337,3474
3121,353,3474
3041,433,3474
3011,463,3474
2971,503,3474
2953,521,3474
2927,547,3474
2917,557,3474
2903,571,3474
2897,577,3474
2887,587,3474
2861,613,3474
2857,617,3474
2843,631,3474
2833,641,3474
2801,673,3474
2797,677,3474
2791,683,3474
2741,733,3474
2731,743,3474
2713,761,3474
2687,787,3474
2677,797,3474
2663,811,3474
2647,827,3474
2621,853,3474
2617,857,3474
2593,881,3474
2591,883,3474
2521,953,3474
2503,971,3474
2477,997,3474
2441,1033,3474
2423,1051,3474
2411,1063,3474
2383,1091,3474
2381,1093,3474
2377,1097,3474
2371,1103,3474
2357,1117,3474
2351,1123,3474
2311,1163,3474
2293,1181,3474
2287,1187,3474
2281,1193,3474
2273,1201,3474
2251,1223,3474
2243,1231,3474
2237,1237,3474
2153,1321,3474
2113,1361,3474
2027,1447,3474
2003,1471,3474
1993,1481,3474
1987,1487,3474
1951,1523,3474
1931,1543,3474
1907,1567,3474
1877,1597,3474
1873,1601,3474
1867,1607,3474
1861,1613,3474
1847,1627,3474
1811,1663,3474
1777,1697,3474
1753,1721,3474
1741,1733,3474
3469,7,3476
3463,13,3476
3457,19,3476
3433,43,3476
3373,103,3476
3319,157,3476
3313,163,3476
3253,223,3476
3169,307,3476
3163,313,3476
3109,367,3476
3079,397,3476
3067,409,3476
3037,439,3476
3019,457,3476
2953,523,3476
2857,619,3476
2833,643,3476
2803,673,3476
2767,709,3476
2749,727,3476
2719,757,3476
2707,769,3476
2689,787,3476
2647,829,3476
2617,859,3476
2593,883,3476
2557,919,3476
2539,937,3476
2467,1009,3476
2437,1039,3476
2389,1087,3476
2383,1093,3476
2347,1129,3476
2239,1237,3476
2179,1297,3476
2053,1423,3476
2029,1447,3476
2017,1459,3476
1993,1483,3476
1987,1489,3476
1933,1543,3476
1879,1597,3476
1867,1609,3476
1783,1693,3476
1777,1699,3476
1753,1723,3476
3467,11,3478
3461,17,3478
3449,29,3478
3407,71,3478
3389,89,3478
3371,107,3478
3347,131,3478
3329,149,3478
3299,179,3478
3251,227,3478
3221,257,3478
3209,269,3478
3167,311,3478
3119,359,3478
3089,389,3478
3011,467,3478
2999,479,3478
2969,509,3478
2957,521,3478
2909,569,3478
2879,599,3478
2861,617,3478
2837,641,3478
2819,659,3478
2801,677,3478
2777,701,3478
2657,821,3478
2621,857,3478
2591,887,3478
2549,929,3478
2531,947,3478
2459,1019,3478
2447,1031,3478
2417,1061,3478
2381,1097,3478
2297,1181,3478
2111,1367,3478
2069,1409,3478
2039,1439,3478
2027,1451,3478
1997,1481,3478
1979,1499,3478
1907,1571,3478
1877,1601,3478
1871,1607,3478
1811,1667,3478
3469,11,3480
3467,13,3480
3463,17,3480
3461,19,3480
3457,23,3480
3449,31,3480
3433,47,3480
3413,67,3480
3407,73,3480
3391,89,3480
3373,107,3480
3371,109,3480
3343,137,3480
3331,149,3480
3329,151,3480
3323,157,3480
3313,167,3480
3307,173,3480
3301,179,3480
3299,181,3480
3257,223,3480
3253,227,3480
3251,229,3480
3229,251,3480
3217,263,3480
3209,271,3480
3203,277,3480
3187,293,3480
3169,311,3480
3167,313,3480
3163,317,3480
3121,359,3480
3083,397,3480
3079,401,3480
3061,419,3480
3049,431,3480
3041,439,3480
3037,443,3480
3023,457,3480
3019,461,3480
3001,479,3480
2971,509,3480
2957,523,3480
2939,541,3480
2917,563,3480
2909,571,3480
2903,577,3480
2887,593,3480
2879,601,3480
2861,619,3480
2837,643,3480
2833,647,3480
2819,661,3480
2803,677,3480
2797,683,3480
2789,691,3480
2753,727,3480
2741,739,3480
2729,751,3480
2719,761,3480
2711,769,3480
2707,773,3480
2693,787,3480
2683,797,3480
2671,809,3480
2659,821,3480
2657,823,3480
2621,859,3480
2617,863,3480
2593,887,3480
2551,929,3480
2543,937,3480
2539,941,3480
2503,977,3480
2467,1013,3480
2459,1021,3480
2447,1033,3480
2441,1039,3480
2417,1063,3480
2411,1069,3480
2393,1087,3480
2389,1091,3480
2383,1097,3480
2377,1103,3480
2371,1109,3480
2357,1123,3480
2351,1129,3480
2309,1171,3480
2293,1187,3480
2287,1193,3480
2267,1213,3480
2251,1229,3480
2243,1237,3480
2221,1259,3480
2203,1277,3480
2179,1301,3480
2161,1319,3480
2153,1327,3480
2113,1367,3480
2099,1381,3480
2081,1399,3480
2053,1427,3480
2029,1451,3480
2027,1453,3480
1999,1481,3480
1997,1483,3480
1993,1487,3480
1987,1493,3480
1949,1531,3480
1931,1549,3480
1913,1567,3480
1901,1579,3480
1879,1601,3480
1873,1607,3480
1871,1609,3480
1867,1613,3480
1861,1619,3480
1823,1657,3480
1811,1669,3480
1787,1693,3480
1783,1697,3480
1759,1721,3480
1747,1733,3480
3469,13,3482
3463,19,3482
3373,109,3482
3343,139,3482
3331,151,3482
3319,163,3482
3301,181,3482
3271,211,3482
3259,223,3482
3253,229,3482
3169,313,3482
3109,373,3482
3061,421,3482
3049,433,3482
3019,463,3482
2851,631,3482
2791,691,3482
2749,733,3482
2731,751,3482
2713,769,3482
2671,811,3482
2659,823,3482
2473,1009,3482
2389,1093,3482
2311,1171,3482
2281,1201,3482
2269,1213,3482
2251,1231,3482
2203,1279,3482
2179,1303,3482
2161,1321,3482
2083,1399,3482
2053,1429,3482
2029,1453,3482
2011,1471,3482
1999,1483,3482
1993,1489,3482
1951,1531,3482
1933,1549,3482
1873,1609,3482
1861,1621,3482
1789,1693,3482
1783,1699,3482
1759,1723,3482
1741,1741,3482
3467,17,3484
3461,23,3484
3413,71,3484
3371,113,3484
3347,137,3484
3257,227,3484
3251,233,3484
3221,263,3484
3203,281,3484
3191,293,3484
3167,317,3484
3137,347,3484
3083,401,3484
3041,443,3484
3023,461,3484
2963,521,3484
2927,557,3484
2897,587,3484
2843,641,3484
2837,647,3484
2801,683,3484
2741,743,3484
2711,773,3484
2687,797,3484
2663,821,3484
2657,827,3484
2621,863,3484
2543,941,3484
2531,953,3484
2423,1061,3484
2393,1091,3484
2381,1103,3484
2333,1151,3484
2297,1187,3484
2267,1217,3484
2207,1277,3484
2111,1373,3484
2003,1481,3484
1997,1487,3484
1973,1511,3484
1931,1553,3484
1913,1571,3484
1901,1583,3484
1877,1607,3484
1871,1613,3484
1847,1637,3484
1787,1697,3484
3469,17,3486
3467,19,3486
3463,23,3486
3457,29,3486
3449,37,3486
3433,53,3486
3413,73,3486
3407,79,3486
3389,97,3486
3373,113,3486
3359,127,3486
3347,139,3486
3329,157,3486
3323,163,3486
3319,167,3486
3313,173,3486
3307,179,3486
3259,227,3486
3257,229,3486
3253,233,3486
3229,257,3486
3217,269,3486
3209,277,3486
3203,283,3486
3169,317,3486
3137,349,3486
3119,367,3486
3089,397,3486
3067,419,3486
3037,449,3486
3023,463,3486
3019,467,3486
2999,487,3486
2963,523,3486
2939,547,3486
2917,569,3486
2909,577,3486
2887,599,3486
2879,607,3486
2843,643,3486
2833,653,3486
2803,683,3486
2777,709,3486
2767,719,3486
2753,733,3486
2729,757,3486
2713,773,3486
2699,787,3486
2689,797,3486
2677,809,3486
2663,823,3486
2659,827,3486
2657,829,3486
2647,839,3486
2633,853,3486
2609,877,3486
2579,907,3486
2557,929,3486
2549,937,3486
2539,947,3486
2503,983,3486
2477,1009,3486
2473,1013,3486
2467,1019,3486
2447,1039,3486
2437,1049,3486
2423,1063,3486
2417,1069,3486
2399,1087,3486
2393,1093,3486
2389,1097,3486
2383,1103,3486
2377,1109,3486
2357,1129,3486
2333,1153,3486
2293,1193,3486
2273,1213,3486
2269,1217,3486
2237,1249,3486
2207,1279,3486
2203,1283,3486
2179,1307,3486
2113,1373,3486
2087,1399,3486
2063,1423,3486
2053,1433,3486
2039,1447,3486
2027,1459,3486
2003,1483,3486
1999,1487,3486
1997,1489,3486
1993,1493,3486
1987,1499,3486
1933,1553,3486
1907,1579,3486
1889,1597,3486
1879,1607,3486
1877,1609,3486
1873,1613,3486
1867,1619,3486
1823,1663,3486
1789,1697,3486
1787,1699,3486
1777,1709,3486
1753,1733,3486
3469,19,3488
3457,31,3488
3391,97,3488
3361,127,3488
3331,157,3488
3307,181,3488
3259,229,3488
3217,271,3488
3181,307,3488
3121,367,3488
3109,379,3488
3079,409,3488
3067,421,3488
3049,439,3488
3001,487,3488
2917,571,3488
2887,601,3488
2857,631,3488
2797,691,3488
2749,739,3488
2731,757,3488
2719,769,3488
2677,811,3488
2659,829,3488
2551,937,3488
2521,967,3488
2467,1021,3488
2437,1051,3488
2371,1117,3488
2287,1201,3488
2251,1237,3488
2239,1249,3488
2161,1327,3488
2089,1399,3488
2029,1459,3488
2017,1471,3488
1999,1489,3488
1879,1609,3488
1867,1621,3488
1861,1627,3488
1831,1657,3488
1789,1699,3488
1747,1741,3488
3467,23,3490
3461,29,3490
3449,41,3490
3407,83,3490
3389,101,3490
3359,131,3490
3323,167,3490
3299,191,3490
3257,233,3490
3251,239,3490
3221,269,3490
3209,281,3490
3137,353,3490
3089,401,3490
3041,449,3490
3023,467,3490
3011,479,3490
2999,491,3490
2969,521,3490
2927,563,3490
2903,587,3490
2897,593,3490
2843,647,3490
2837,653,3490
2789,701,3490
2729,761,3490
2693,797,3490
2663,827,3490
2633,857,3490
2609,881,3490
2579,911,3490
2549,941,3490
2543,947,3490
2477,1013,3490
2459,1031,3490
2441,1049,3490
2399,1091,3490
2393,1097,3490
2381,1109,3490
2339,1151,3490
2309,1181,3490
2297,1193,3490
2273,1217,3490
2267,1223,3490
2213,1277,3490
2207,1283,3490
2129,1361,3490
2081,1409,3490
2063,1427,3490
2039,1451,3490
2003,1487,3490
1997,1493,3490
1979,1511,3490
1931,1559,3490
1907,1583,3490
1889,1601,3490
1877,1613,3490
1871,1619,3490
1823,1667,3490
3469,23,3492
3463,29,3492
3461,31,3492
3449,43,3492
3433,59,3492
3413,79,3492
3391,101,3492
3389,103,3492
3361,131,3492
3343,149,3492
3329,163,3492
3319,173,3492
3313,179,3492
3301,191,3492
3299,193,3492
3259,233,3492
3253,239,3492
3251,241,3492
3229,263,3492
3221,271,3492
3209,283,3492
3181,311,3492
3119,373,3492
3109,383,3492
3083,409,3492
3061,431,3492
3049,443,3492
3001,491,3492
2971,521,3492
2969,523,3492
2879,613,3492
2861,631,3492
2851,641,3492
2833,659,3492
2819,673,3492
2801,691,3492
2791,701,3492
2753,739,3492
2749,743,3492
2741,751,3492
2731,761,3492
2719,773,3492
2683,809,3492
2671,821,3492
2663,829,3492
2633,859,3492
2609,883,3492
2551,941,3492
2539,953,3492
2521,971,3492
2473,1019,3492
2459,1033,3492
2441,1051,3492
2423,1069,3492
2399,1093,3492
2389,1103,3492
2383,1109,3492
2341,1151,3492
2339,1153,3492
2311,1181,3492
2269,1223,3492
2243,1249,3492
2213,1279,3492
2203,1289,3492
2131,1361,3492
2111,1381,3492
2083,1409,3492
2069,1423,3492
2063,1429,3492
2053,1439,3492
2039,1453,3492
2011,1481,3492
2003,1489,3492
1999,1493,3492
1993,1499,3492
1949,1543,3492
1933,1559,3492
1913,1579,3492
1879,1613,3492
1873,1619,3492
1871,1621,3492
1823,1669,3492
1783,1709,3492
1759,1733,3492
3491,3,3494
3463,31,3494
3457,37,3494
3433,61,3494
3391,103,3494
3343,151,3494
3331,163,3494
3313,181,3494
3301,193,3494
3271,223,3494
3253,241,3494
3217,277,3494
3187,307,3494
3181,313,3494
3163,331,3494
3121,373,3494
3061,433,3494
3037,457,3494
2971,523,3494
2953,541,3494
2917,577,3494
2887,607,3494
2851,643,3494
2833,661,3494
2803,691,3494
2767,727,3494
2707,787,3494
2683,811,3494
2671,823,3494
2617,877,3494
2557,937,3494
2503,991,3494
2473,1021,3494
2377,1117,3494
2371,1123,3494
2341,1153,3494
2293,1201,3494
2281,1213,3494
2203,1291,3494
2113,1381,3494
2011,1483,3494
1951,1543,3494
1873,1621,3494
1867,1627,3494
1831,1663,3494
1801,1693,3494
1753,1741,3494
1747,1747,3494
3491,5,3496
3467,29,3496
3449,47,3496
3413,83,3496
3407,89,3496
3389,107,3496
3359,137,3496
3347,149,3496
3329,167,3496
3323,173,3496
3299,197,3496
3257,239,3496
3203,293,3496
3137,359,3496
2939,557,3496
2927,569,3496
2909,587,3496
2903,593,3496
2897,599,3496
2879,617,3496
2843,653,3496
2837,659,3496
2819,677,3496
2777,719,3496
2753,743,3496
2699,797,3496
2687,809,3496
2657,839,3496
2633,863,3496
2609,887,3496
2549,947,3496
2543,953,3496
2477,1019,3496
2447,1049,3496
2399,1097,3496
2393,1103,3496
2333,1163,3496
2309,1187,3496
2273,1223,3496
2267,1229,3496
2237,1259,3496
2213,1283,3496
2207,1289,3496
2129,1367,3496
2087,1409,3496
2069,1427,3496
2063,1433,3496
2003,1493,3496
1997,1499,3496
1973,1523,3496
1913,1583,3496
1889,1607,3496
1877,1619,3496
1787,1709,3496
3491,7,3498
3469,29,3498
3467,31,3498
3461,37,3498
3457,41,3498
3391,107,3498
3389,109,3498
3371,127,3498
3361,137,3498
3359,139,3498
3347,151,3498
3331,167,3498
3319,179,3498
3307,191,3498
3301,197,3498
3299,199,3498
3271,227,3498
3259,239,3498
3257,241,3498
3229,269,3498
3221,277,3498
3217,281,3498
3191,307,3498
3187,311,3498
3181,317,3498
3167,331,3498
3119,379,3498
3109,389,3498
3089,409,3498
3079,419,3498
3067,431,3498
3049,449,3498
3041,457,3498
3037,461,3498
3019,479,3498
3011,487,3498
2999,499,3498
2957,541,3498
2927,571,3498
2897,601,3498
2879,619,3498
2857,641,3498
2851,647,3498
2837,661,3498
2797,701,3498
2789,709,3498
2741,757,3498
2729,769,3498
2711,787,3498
2689,809,3498
2687,811,3498
2677,821,3498
2671,827,3498
2659,839,3498
2621,877,3498
2617,881,3498
2591,907,3498
2579,919,3498
2557,941,3498
2551,947,3498
2531,967,3498
2521,977,3498
2477,1021,3498
2467,1031,3498
2459,1039,3498
2447,1051,3498
2437,1061,3498
2411,1087,3498
2389,1109,3498
2381,1117,3498
2347,1151,3498
2311,1187,3498
2297,1201,3498
2281,1217,3498
2269,1229,3498
2267,1231,3498
2239,1259,3498
2221,1277,3498
2207,1291,3498
2179,1319,3498
2137,1361,3498
2131,1367,3498
2099,1399,3498
2089,1409,3498
2069,1429,3498
2039,1459,3498
2027,1471,3498
2017,1481,3498
2011,1487,3498
1999,1499,3498
1987,1511,3498
1949,1549,3498
1931,1567,3498
1901,1597,3498
1889,1609,3498
1879,1619,3498
1877,1621,3498
1871,1627,3498
1861,1637,3498
1831,1667,3498
1801,1697,3498
1789,1709,3498
1777,1721,3498
3469,31,3500
3463,37,3500
3457,43,3500
3433,67,3500
3391,109,3500
3373,127,3500
3361,139,3500
3343,157,3500
3319,181,3500
3307,193,3500
3301,199,3500
3271,229,3500
3259,241,3500
3229,271,3500
3217,283,3500
3187,313,3500
3169,331,3500
3163,337,3500
3121,379,3500
3079,421,3500
3067,433,3500
3061,439,3500
3037,463,3500
3001,499,3500
2953,547,3500
2887,613,3500
2857,643,3500
2791,709,3500
2767,733,3500
2749,751,3500
2731,769,3500
2713,787,3500
2689,811,3500
2677,823,3500
2671,829,3500
2647,853,3500
2617,883,3500
2593,907,3500
2503,997,3500
2467,1033,3500
2437,1063,3500
2383,1117,3500
2377,1123,3500
2371,1129,3500
2347,1153,3500
2287,1213,3500
2269,1231,3500
2251,1249,3500
2221,1279,3500
2203,1297,3500
2179,1321,3500
2053,1447,3500
2029,1471,3500
2017,1483,3500
2011,1489,3500
1951,1549,3500
1933,1567,3500
1879,1621,3500
1873,1627,3500
1831,1669,3500
1801,1699,3500
1777,1723,3500
1759,1741,3500
1753,1747,3500
3499,3,3502
3491,11,3502
3461,41,3502
3449,53,3502
3413,89,3502
3389,113,3502
3371,131,3502
3329,173,3502
3323,179,3502
3251,251,3502
3221,281,3502
3209,293,3502
3191,311,3502
3119,383,3502
3083,419,3502
3041,461,3502
3023,479,3502
3011,491,3502
2999,503,3502
2939,563,3502
2909,593,3502
2903,599,3502
2861,641,3502
2843,659,3502
2819,683,3502
2801,701,3502
2741,761,3502
2729,773,3502
2693,809,3502
2663,839,3502
2621,881,3502
2591,911,3502
2549,953,3502
2531,971,3502
2441,1061,3502
2411,1091,3502
2399,1103,3502
2393,1109,3502
2351,1151,3502
2339,1163,3502
2309,1193,3502
2273,1229,3502
2243,1259,3502
2213,1289,3502
2141,1361,3502
2129,1373,3502
2069,1433,3502
2063,1439,3502
2003,1499,3502
1979,1523,3502
1949,1553,3502
1931,1571,3502
1901,1601,3502
1889,1613,3502
3499,5,3504
3491,13,3504
3467,37,3504
3463,41,3504
3461,43,3504
3457,47,3504
3433,71,3504
3407,97,3504
3391,113,3504
3373,131,3504
3347,157,3504
3331,173,3504
3323,181,3504
3313,191,3504
3307,197,3504
3271,233,3504
3253,251,3504
3221,283,3504
3191,313,3504
3187,317,3504
3167,337,3504
3137,367,3504
3121,383,3504
3083,421,3504
3061,443,3504
3041,463,3504
3037,467,3504
3001,503,3504
2963,541,3504
2957,547,3504
2927,577,3504
2917,587,3504
2903,601,3504
2897,607,3504
2887,617,3504
2861,643,3504
2857,647,3504
2851,653,3504
2843,661,3504
2803,701,3504
2777,727,3504
2753,751,3504
2731,773,3504
2707,797,3504
2693,811,3504
2683,821,3504
2677,827,3504
2647,857,3504
2621,883,3504
2617,887,3504
2593,911,3504
2557,947,3504
2551,953,3504
2521,983,3504
2473,1031,3504
2441,1063,3504
2417,1087,3504
2411,1093,3504
2381,1123,3504
2351,1153,3504
2341,1163,3504
2333,1171,3504
2311,1193,3504
2287,1217,3504
2281,1223,3504
2273,1231,3504
2267,1237,3504
2221,1283,3504
2213,1291,3504
2207,1297,3504
2203,1301,3504
2143,1361,3504
2137,1367,3504
2131,1373,3504
2081,1423,3504
2053,1451,3504
2017,1487,3504
2011,1493,3504
1993,1511,3504
1973,1531,3504
1951,1553,3504
1933,1571,3504
1907,1597,3504
1877,1627,3504
1867,1637,3504
1847,1657,3504
1811,1693,3504
1783,1721,3504
3499,7,3506
3469,37,3506
3463,43,3506
3433,73,3506
3343,163,3506
3313,193,3506
3307,199,3506
3229,277,3506
3169,337,3506
3109,397,3506
3067,439,3506
3049,457,3506
3019,487,3506
2887,619,3506
2833,673,3506
2797,709,3506
2767,739,3506
2749,757,3506
2719,787,3506
2683,823,3506
2677,829,3506
2647,859,3506
2539,967,3506
2473,1033,3506
2467,1039,3506
2437,1069,3506
2389,1117,3506
2383,1123,3506
2377,1129,3506
2293,1213,3506
2269,1237,3506
2203,1303,3506
2179,1327,3506
2083,1423,3506
2053,1453,3506
2017,1489,3506
1879,1627,3506
1783,1723,3506
1759,1747,3506
1753,1753,3506
3491,17,3508
3467,41,3508
3461,47,3508
3449,59,3508
3407,101,3508
3371,137,3508
3359,149,3508
3329,179,3508
3257,251,3508
3251,257,3508
3191,317,3508
3119,389,3508
3089,419,3508
3041,467,3508
2999,509,3508
2939,569,3508
2909,599,3508
2861,647,3508
2789,719,3508
2711,797,3508
2699,809,3508
2687,821,3508
2621,887,3508
2579,929,3508
2531,977,3508
2477,1031,3508
2459,1049,3508
2447,1061,3508
2417,1091,3508
2411,1097,3508
2399,1109,3508
2357,1151,3508
2207,1301,3508
2141,1367,3508
2099,1409,3508
2081,1427,3508
2069,1439,3508
2027,1481,3508
1997,1511,3508
1949,1559,3508
1907,1601,3508
1901,1607,3508
1889,1619,3508
1871,1637,3508
1811,1697,3508
1787,1721,3508
3499,11,3510
3491,19,3510
3469,41,3510
3467,43,3510
3463,47,3510
3457,53,3510
3449,61,3510
3413,97,3510
3407,103,3510
3373,137,3510
3371,139,3510
3361,149,3510
3359,151,3510
3347,163,3510
3343,167,3510
3331,179,3510
3329,181,3510
3319,191,3510
3313,197,3510
3299,211,3510
3271,239,3510
3259,251,3510
3253,257,3510
3229,281,3510
3217,293,3510
3203,307,3510
3163,347,3510
3137,373,3510
3121,389,3510
3109,401,3510
3089,421,3510
3079,431,3510
3067,443,3510
3061,449,3510
3049,461,3510
3023,487,3510
3019,491,3510
3011,499,3510
3001,509,3510
2969,541,3510
2963,547,3510
2953,557,3510
2939,571,3510
2917,593,3510
2909,601,3510
2903,607,3510
2897,613,3510
2879,631,3510
2857,653,3510
2851,659,3510
2837,673,3510
2833,677,3510
2819,691,3510
2801,709,3510
2791,719,3510
2777,733,3510
2767,743,3510
2753,757,3510
2749,761,3510
2741,769,3510
2713,797,3510
2699,811,3510
2689,821,3510
2687,823,3510
2683,827,3510
2671,839,3510
2657,853,3510
2647,863,3510
2633,877,3510
2591,919,3510
2557,953,3510
2543,967,3510
2539,971,3510
2477,1033,3510
2459,1051,3510
2447,1063,3510
2441,1069,3510
2423,1087,3510
2417,1093,3510
2393,1117,3510
2381,1129,3510
2357,1153,3510
2347,1163,3510
2339,1171,3510
2309,1201,3510
2297,1213,3510
2293,1217,3510
2287,1223,3510
2281,1229,3510
2273,1237,3510
2251,1259,3510
2221,1289,3510
2213,1297,3510
2207,1303,3510
2203,1307,3510
2143,1367,3510
2137,1373,3510
2129,1381,3510
2111,1399,3510
2087,1423,3510
2083,1427,3510
2081,1429,3510
2063,1447,3510
2039,1471,3510
2029,1481,3510
2027,1483,3510
2017,1493,3510
2011,1499,3510
1999,1511,3510
1987,1523,3510
1979,1531,3510
1951,1559,3510
1931,1579,3510
1913,1597,3510
1901,1609,3510
1889,1621,3510
1873,1637,3510
1847,1663,3510
1811,1699,3510
1801,1709,3510
1789,1721,3510
1787,1723,3510
1777,1733,3510
3499,13,3512
3469,43,3512
3433,79,3512
3373,139,3512
3361,151,3512
3331,181,3512
3319,193,3512
3313,199,3512
3301,211,3512
3271,241,3512
3229,283,3512
3181,331,3512
3163,349,3512
3079,433,3512
3049,463,3512
2971,541,3512
2851,661,3512
2803,709,3512
2689,823,3512
2683,829,3512
2659,853,3512
2593,919,3512
2521,991,3512
2503,1009,3512
2473,1039,3512
2389,1123,3512
2383,1129,3512
2341,1171,3512
2311,1201,3512
2281,1231,3512
2221,1291,3512
2131,1381,3512
2113,1399,3512
2089,1423,3512
2083,1429,3512
2053,1459,3512
2029,1483,3512
1933,1579,3512
1789,1723,3512
1759,1753,3512
3511,3,3514
3491,23,3514
3467,47,3514
3461,53,3514
3413,101,3514
3407,107,3514
3347,167,3514
3323,191,3514
3257,257,3514
3251,263,3514
3221,293,3514
3203,311,3514
3167,347,3514
3083,431,3514
3023,491,3514
3011,503,3514
2957,557,3514
2927,587,3514
2897,617,3514
2861,653,3514
2837,677,3514
2753,761,3514
2741,773,3514
2693,821,3514
2687,827,3514
2657,857,3514
2633,881,3514
2543,971,3514
2531,983,3514
2423,1091,3514
2417,1097,3514
2411,1103,3514
2351,1163,3514
2333,1181,3514
2297,1217,3514
2237,1277,3514
2213,1301,3514
2207,1307,3514
2153,1361,3514
2141,1373,3514
2087,1427,3514
2081,1433,3514
2063,1451,3514
2027,1487,3514
2003,1511,3514
1931,1583,3514
1913,1601,3514
1907,1607,3514
1901,1613,3514
1877,1637,3514
1847,1667,3514
3511,5,3516
3499,17,3516
3469,47,3516
3463,53,3516
3457,59,3516
3449,67,3516
3433,83,3516
3413,103,3516
3407,109,3516
3389,127,3516
3359,157,3516
3343,173,3516
3323,193,3516
3319,197,3516
3259,257,3516
3253,263,3516
3209,307,3516
3203,313,3516
3169,347,3516
3167,349,3516
3163,353,3516
3137,379,3516
3119,397,3516
3083,433,3516
3067,449,3516
3049,467,3516
3037,479,3516
2969,547,3516
2953,563,3516
2939,577,3516
2917,599,3516
2909,607,3516
2903,613,3516
2897,619,3516
2857,659,3516
2843,673,3516
2833,683,3516
2797,719,3516
2789,727,3516
2777,739,3516
2729,787,3516
2719,797,3516
2707,809,3516
2693,823,3516
2689,827,3516
2687,829,3516
2677,839,3516
2663,853,3516
2659,857,3516
2657,859,3516
2633,883,3516
2609,907,3516
2579,937,3516
2549,967,3516
2539,977,3516
2503,1013,3516
2477,1039,3516
2467,1049,3516
2447,1069,3516
2423,1093,3516
2399,1117,3516
2393,1123,3516
2293,1223,3516
2287,1229,3516
2267,1249,3516
2239,1277,3516
2237,1279,3516
2213,1303,3516
2143,1373,3516
2089,1427,3516
2087,1429,3516
2083,1433,3516
2069,1447,3516
2063,1453,3516
2029,1487,3516
2027,1489,3516
2017,1499,3516
1993,1523,3516
1973,1543,3516
1949,1567,3516
1933,1583,3516
1907,1609,3516
1889,1627,3516
1879,1637,3516
1847,1669,3516
1823,1693,3516
1783,1733,3516
3511,7,3518
3499,19,3518
3457,61,3518
3391,127,3518
3361,157,3518
3319,199,3518
3307,211,3518
3187,331,3518
3181,337,3518
3169,349,3518
3121,397,3518
3109,409,3518
3079,439,3518
3061,457,3518
3019,499,3518
2971,547,3518
2917,601,3518
2887,631,3518
2857,661,3518
2791,727,3518
2767,751,3518
2749,769,3518
2731,787,3518
2707,811,3518
2689,829,3518
2659,859,3518
2551,967,3518
2521,997,3518
2467,1051,3518
2389,1129,3518
2347,1171,3518
2287,1231,3518
2281,1237,3518
2269,1249,3518
2239,1279,3518
2221,1297,3518
2137,1381,3518
2089,1429,3518
2029,1489,3518
1987,1531,3518
1951,1567,3518
1861,1657,3518
1777,1741,3518
1759,1759,3518
3517,3,3520
3491,29,3520
3467,53,3520
3461,59,3520
3449,71,3520
3413,107,3520
3407,113,3520
3389,131,3520
3371,149,3520
3347,173,3520
3329,191,3520
3323,197,3520
3257,263,3520
3251,269,3520
3209,311,3520
3203,317,3520
3167,353,3520
3137,383,3520
3119,401,3520
3089,431,3520
3041,479,3520
3011,509,3520
2999,521,3520
2963,557,3520
2957,563,3520
2927,593,3520
2903,617,3520
2879,641,3520
2861,659,3520
2843,677,3520
2837,683,3520
2819,701,3520
2801,719,3520
2777,743,3520
2711,809,3520
2699,821,3520
2693,827,3520
2663,857,3520
2657,863,3520
2633,887,3520
2609,911,3520
2591,929,3520
2579,941,3520
2549,971,3520
2543,977,3520
2459,1061,3520
2423,1097,3520
2417,1103,3520
2411,1109,3520
2357,1163,3520
2339,1181,3520
2333,1187,3520
2297,1223,3520
2243,1277,3520
2237,1283,3520
2213,1307,3520
2153,1367,3520
2111,1409,3520
2087,1433,3520
2081,1439,3520
2069,1451,3520
2039,1481,3520
2027,1493,3520
1997,1523,3520
1949,1571,3520
1913,1607,3520
1907,1613,3520
1901,1619,3520
1823,1697,3520
1811,1709,3520
1787,1733,3520
3517,5,3522
3511,11,3522
3499,23,3522
3491,31,3522
3469,53,3522
3463,59,3522
3461,61,3522
3449,73,3522
3433,89,3522
3413,109,3522
3391,131,3522
3373,149,3522
3371,151,3522
3359,163,3522
3343,179,3522
3331,191,3522
3329,193,3522
3323,199,3522
3299,223,3522
3271,251,3522
3259,263,3522
3253,269,3522
3251,271,3522
3229,293,3522
3209,313,3522
3191,331,3522
3169,353,3522
3163,359,3522
3121,401,3522
3089,433,3522
3083,439,3522
3079,443,3522
3061,461,3522
3023,499,3522
3019,503,3522
3001,521,3522
2999,523,3522
2953,569,3522
2909,613,3522
2903,619,3522
2879,643,3522
2861,661,3522
2803,719,3522
2789,733,3522
2753,769,3522
2749,773,3522
2713,809,3522
2711,811,3522
2699,823,3522
2693,829,3522
2683,839,3522
2663,859,3522
2659,863,3522
2593,929,3522
2551,971,3522
2539,983,3522
2531,991,3522
2503,1019,3522
2473,1049,3522
2459,1063,3522
2399,1123,3522
2393,1129,3522
2371,1151,3522
2351,1171,3522
2341,1181,3522
2309,1213,3522
2293,1229,3522
2273,1249,3522
2243,1279,3522
2239,1283,3522
2221,1301,3522
2203,1319,3522
2161,1361,3522
2141,1381,3522
2113,1409,3522
2099,1423,3522
2089,1433,3522
2083,1439,3522
2069,1453,3522
2063,1459,3522
2039,1483,3522
2029,1493,3522
2011,1511,3522
1999,1523,3522
1979,1543,3522
1973,1549,3522
1951,1571,3522
1913,1609,3522
1901,1621,3522
1823,1699,3522
1801,1721,3522
1789,1733,3522
3517,7,3524
3511,13,3524
3463,61,3524
3457,67,3524
3373,151,3524
3361,163,3524
3343,181,3524
3331,193,3524
3313,211,3524
3301,223,3524
3253,271,3524
3217,307,3524
3187,337,3524
3067,457,3524
3061,463,3524
3037,487,3524
3001,523,3524
2953,571,3524
2917,607,3524
2851,673,3524
2833,691,3524
2797,727,3524
2791,733,3524
2767,757,3524
2713,811,3524
2671,853,3524
2647,877,3524
2617,907,3524
2557,967,3524
2503,1021,3524
2473,1051,3524
2437,1087,3524
2371,1153,3524
2311,1213,3524
2293,1231,3524
2287,1237,3524
2221,1303,3524
2203,1321,3524
2143,1381,3524
2053,1471,3524
1993,1531,3524
1867,1657,3524
1861,1663,3524
1831,1693,3524
1801,1723,3524
1783,1741,3524
1777,1747,3524
3467,59,3526
3413,113,3526
3389,137,3526
3359,167,3526
3347,179,3526
3329,197,3526
3299,227,3526
3257,269,3526
3209,317,3526
3167,359,3526
3137,389,3526
3083,443,3526
3023,503,3526
2969,557,3526
2963,563,3526
2957,569,3526
2939,587,3526
2927,599,3526
2909,617,3526
2879,647,3526
2843,683,3526
2753,773,3526
2729,797,3526
2699,827,3526
2687,839,3526
2663,863,3526
2579,947,3526
2549,977,3526
2543,983,3526
2477,1049,3526
2423,1103,3526
2417,1109,3526
2339,1187,3526
2333,1193,3526
2309,1217,3526
2297,1229,3526
2267,1259,3526
2243,1283,3526
2237,1289,3526
2207,1319,3526
2153,1373,3526
2099,1427,3526
2087,1439,3526
2039,1487,3526
2027,1499,3526
2003,1523,3526
1973,1553,3526
1913,1613,3526
1907,1619,3526
1889,1637,3526
3517,11,3528
3511,17,3528
3499,29,3528
3491,37,3528
3469,59,3528
3467,61,3528
3461,67,3528
3457,71,3528
3449,79,3528
3391,137,3528
3389,139,3528
3371,157,3528
3361,167,3528
3347,181,3528
3331,197,3528
3329,199,3528
3301,227,3528
3299,229,3528
3271,257,3528
3259,269,3528
3257,271,3528
3251,277,3528
3221,307,3528
3217,311,3528
3191,337,3528
3181,347,3528
3169,359,3528
3119,409,3528
3109,419,3528
3089,439,3528
3079,449,3528
3067,461,3528
3061,467,3528
3049,479,3528
3041,487,3528
3037,491,3528
3019,509,3528
2971,557,3528
2957,571,3528
2927,601,3528
2909,619,3528
2897,631,3528
2887,641,3528
2851,677,3528
2837,691,3528
2819,709,3528
2801,727,3528
2789,739,3528
2777,751,3528
2767,761,3528
2741,787,3528
2731,797,3528
2719,809,3528
2707,821,3528
2699,829,3528
2689,839,3528
2671,857,3528
2647,881,3528
2621,907,3528
2617,911,3528
2609,919,3528
2591,937,3528
2557,971,3528
2551,977,3528
2531,997,3528
2477,1051,3528
2467,1061,3528
2459,1069,3528
2441,1087,3528
2437,1091,3528
2411,1117,3528
2399,1129,3528
2377,1151,3528
2357,1171,3528
2347,1181,3528
2341,1187,3528
2311,1217,3528
2297,1231,3528
2269,1259,3528
2251,1277,3528
2239,1289,3528
2237,1291,3528
2221,1307,3528
2207,1321,3528
2161,1367,3528
2129,1399,3528
2099,1429,3528
2089,1439,3528
2081,1447,3528
2069,1459,3528
2039,1489,3528
2029,1499,3528
2017,1511,3528
1997,1531,3528
1979,1549,3528
1949,1579,3528
1931,1597,3528
1907,1621,3528
1901,1627,3528
1871,1657,3528
1861,1667,3528
1831,1697,3528
1787,1741,3528
3527,3,3530
3517,13,3530
3511,19,3530
3499,31,3530
3469,61,3530
3463,67,3530
3457,73,3530
3433,97,3530
3391,139,3530
3373,157,3530
3331,199,3530
3319,211,3530
3307,223,3530
3301,229,3530
3259,271,3530
3253,277,3530
3217,313,3530
3181,349,3530
3163,367,3530
3121,409,3530
3109,421,3530
3067,463,3530
2953,577,3530
2917,613,3530
2887,643,3530
2857,673,3530
2803,727,3530
2797,733,3530
2791,739,3530
2719,811,3530
2707,823,3530
2677,853,3530
2671,859,3530
2647,883,3530
2593,937,3530
2539,991,3530
2521,1009,3530
2467,1063,3530
2437,1093,3530
2377,1153,3530
2293,1237,3530
2281,1249,3530
2251,1279,3530
2239,1291,3530
2203,1327,3530
2131,1399,3530
2083,1447,3530
1999,1531,3530
1987,1543,3530
1951,1579,3530
1933,1597,3530
1873,1657,3530
1867,1663,3530
1861,1669,3530
1831,1699,3530
1789,1741,3530
1783,1747,3530
1777,1753,3530
3529,3,3532
3527,5,3532
3491,41,3532
3461,71,3532
3449,83,3532
3359,173,3532
3299,233,3532
3251,281,3532
3221,311,3532
3089,443,3532
3083,449,3532
3041,491,3532
3023,509,3532
3011,521,3532
2969,563,3532
2963,569,3532
2939,593,3532
2879,653,3532
2789,743,3532
2711,821,3532
2693,839,3532
2621,911,3532
2591,941,3532
2579,953,3532
2549,983,3532
2441,1091,3532
2423,1109,3532
2381,1151,3532
2351,1181,3532
2339,1193,3532
2309,1223,3532
2273,1259,3532
2243,1289,3532
2213,1319,3532
2099,1433,3532
2081,1451,3532
2039,1493,3532
1979,1553,3532
1973,1559,3532
1949,1583,3532
1931,1601,3532
1913,1619,3532
1823,1709,3532
1811,1721,3532
3529,5,3534
3527,7,3534
3517,17,3534
3511,23,3534
3491,43,3534
3467,67,3534
3463,71,3534
3461,73,3534
3433,101,3534
3407,127,3534
3371,163,3534
3361,173,3534
3343,191,3534
3323,211,3534
3307,227,3534
3301,233,3534
3271,263,3534
3257,277,3534
3253,281,3534
3251,283,3534
3221,313,3534
3217,317,3534
3203,331,3534
3187,347,3534
3181,353,3534
3167,367,3534
3137,397,3534
3067,467,3534
3011,523,3534
2971,563,3534
2963,571,3534
2957,577,3534
2927,607,3534
2917,617,3534
2903,631,3534
2887,647,3534
2861,673,3534
2857,677,3534
2851,683,3534
2843,691,3534
2833,701,3534
2801,733,3534
2791,743,3534
2777,757,3534
2713,821,3534
2711,823,3534
2707,827,3534
2677,857,3534
2671,863,3534
2657,877,3534
2647,887,3534
2593,941,3534
2557,977,3534
2551,983,3534
2543,991,3534
2521,1013,3534
2503,1031,3534
2473,1061,3534
2447,1087,3534
2441,1093,3534
2437,1097,3534
2417,1117,3534
2411,1123,3534
2383,1151,3534
2381,1153,3534
2371,1163,3534
2347,1187,3534
2341,1193,3534
2333,1201,3534
2311,1223,3534
2297,1237,3534
2251,1283,3534
2243,1291,3534
2237,1297,3534
2213,1321,3534
2207,1327,3534
2161,1373,3534
2153,1381,3534
2111,1423,3534
2087,1447,3534
2083,1451,3534
2081,1453,3534
2063,1471,3534
2053,1481,3534
2011,1523,3534
2003,1531,3534
1951,1583,3534
1933,1601,3534
1913,1621,3534
1907,1627,3534
1877,1657,3534
1871,1663,3534
1867,1667,3534
1811,1723,3534
1801,1733,3534
1787,1747,3534
3533,3,3536
3529,7,3536
3517,19,3536
3499,37,3536
3469,67,3536
3463,73,3536
3457,79,3536
3433,103,3536
3373,163,3536
3343,193,3536
3313,223,3536
3307,229,3536
3259,277,3536
3253,283,3536
3229,307,3536
3187,349,3536
3169,367,3536
3163,373,3536
3079,457,3536
3049,487,3536
3037,499,3536
2917,619,3536
2803,733,3536
2797,739,3536
2767,769,3536
2749,787,3536
2713,823,3536
2707,829,3536
2683,853,3536
2677,859,3536
2659,877,3536
2617,919,3536
2539,997,3536
2503,1033,3536
2473,1063,3536
2467,1069,3536
2383,1153,3536
2287,1249,3536
2239,1297,3536
2137,1399,3536
2113,1423,3536
2089,1447,3536
2083,1453,3536
2053,1483,3536
1993,1543,3536
1987,1549,3536
1879,1657,3536
1873,1663,3536
1867,1669,3536
1789,1747,3536
1783,1753,3536
1777,1759,3536
3533,5,3538
3527,11,3538
3491,47,3538
3467,71,3538
3449,89,3538
3407,131,3538
3389,149,3538
3371,167,3538
3359,179,3538
3347,191,3538
3299,239,3538
3257,281,3538
3221,317,3538
3191,347,3538
3137,401,3538
3119,419,3538
3089,449,3538
2969,569,3538
2939,599,3538
2897,641,3538
2879,659,3538
2861,677,3538
2837,701,3538
2819,719,3538
2777,761,3538
2741,797,3538
2729,809,3538
2711,827,3538
2699,839,3538
2657,881,3538
2609,929,3538
2591,947,3538
2477,1061,3538
2447,1091,3538
2441,1097,3538
2357,1181,3538
2351,1187,3538
2309,1229,3538
2237,1301,3538
2129,1409,3538
2111,1427,3538
2099,1439,3538
2087,1451,3538
2039,1499,3538
2027,1511,3538
1979,1559,3538
1931,1607,3538
1901,1637,3538
1871,1667,3538
3533,7,3540
3529,11,3540
3527,13,3540
3517,23,3540
3511,29,3540
3499,41,3540
3469,71,3540
3467,73,3540
3461,79,3540
3457,83,3540
3433,107,3540
3413,127,3540
3391,149,3540
3389,151,3540
3373,167,3540
3361,179,3540
3359,181,3540
3347,193,3540
3343,197,3540
3329,211,3540
3313,227,3540
3307,233,3540
3301,239,3540
3299,241,3540
3271,269,3540
3259,281,3540
3257,283,3540
3229,311,3540
3209,331,3540
3203,337,3540
3191,349,3540
3187,353,3540
3181,359,3540
3167,373,3540
3121,419,3540
3119,421,3540
3109,431,3540
3083,457,3540
3079,461,3540
3061,479,3540
3049,491,3540
3041,499,3540
3037,503,3540
3019,521,3540
2999,541,3540
2971,569,3540
2969,571,3540
2963,577,3540
2953,587,3540
2939,601,3540
2927,613,3540
2909,631,3540
2897,643,3540
2887,653,3540
2879,661,3540
2857,683,3540
2801,739,3540
2797,743,3540
2789,751,3540
2767,773,3540
2753,787,3540
2731,809,3540
2729,811,3540
2719,821,3540
2713,827,3540
2711,829,3540
2687,853,3540
2683,857,3540
2677,863,3540
2663,877,3540
2659,881,3540
2657,883,3540
2633,907,3540
2621,919,3540
2593,947,3540
2557,983,3540
2549,991,3540
2543,997,3540
2531,1009,3540
2521,1019,3540
2477,1063,3540
2447,1093,3540
2437,1103,3540
2423,1117,3540
2417,1123,3540
2411,1129,3540
2389,1151,3540
2377,1163,3540
2347,1193,3540
2339,1201,3540
2311,1229,3540
2309,1231,3540
2281,1259,3540
2251,1289,3540
2243,1297,3540
2239,1301,3540
2237,1303,3540
2221,1319,3540
2213,1327,3540
2179,1361,3540
2141,1399,3540
2131,1409,3540
2113,1427,3540
2111,1429,3540
2089,1451,3540
2087,1453,3540
2081,1459,3540
2069,1471,3540
2053,1487,3540
2029,1511,3540
2017,1523,3540
1997,1543,3540
1987,1553,3540
1973,1567,3540
1933,1607,3540
1931,1609,3540
1913,1627,3540
1877,1663,3540
1873,1667,3540
1871,1669,3540
1847,1693,3540
1831,1709,3540
1787,1753,3540
3539,3,3542
3529,13,3542
3511,31,3542
3499,43,3542
3469,73,3542
3463,79,3542
3433,109,3542
3391,151,3542
3361,181,3542
3343,199,3542
3331,211,3542
3319,223,3542
3313,229,3542
3301,241,3542
3271,271,3542
3259,283,3542
3229,313,3542
3169,373,3542
3163,379,3542
3121,421,3542
3109,433,3542
3079,463,3542
3019,523,3542
3001,541,3542
2971,571,3542
2851,691,3542
2833,709,3542
2803,739,3542
2791,751,3542
2731,811,3542
2719,823,3542
2713,829,3542
2689,853,3542
2683,859,3542
2659,883,3542
2551,991,3542
2521,1021,3542
2503,1039,3542
2473,1069,3542
2389,1153,3542
2371,1171,3542
2341,1201,3542
2311,1231,3542
2293,1249,3542
2251,1291,3542
2239,1303,3542
2221,1321,3542
2161,1381,3542
2143,1399,3542
2113,1429,3542
2089,1453,3542
2083,1459,3542
2053,1489,3542
2011,1531,3542
1999,1543,3542
1993,1549,3542
1933,1609,3542
1879,1663,3542
1873,1669,3542
1801,1741,3542
1789,1753,3542
1783,1759,3542
3541,3,3544
3539,5,3544
3533,11,3544
3527,17,3544
3491,53,3544
3461,83,3544
3413,131,3544
3407,137,3544
3371,173,3544
3347,197,3544
3251,293,3544
3191,353,3544
3083,461,3544
3041,503,3544
3023,521,3544
2957,587,3544
2927,617,3544
2903,641,3544
2897,647,3544
2861,683,3544
2843,701,3544
2801,743,3544
2687,857,3544
2663,881,3544
2657,887,3544
2633,911,3544
2591,953,3544
2531,1013,3544
2447,1097,3544
2441,1103,3544
2393,1151,3544
2381,1163,3544
2357,1187,3544
2351,1193,3544
2267,1277,3544
2243,1301,3544
2237,1307,3544
2111,1433,3544
2063,1481,3544
1973,1571,3544
1931,1613,3544
1907,1637,3544
1877,1667,3544
1847,1697,3544
1823,1721,3544
1811,1733,3544
3541,5,3546
3539,7,3546
3533,13,3546
3529,17,3546
3527,19,3546
3517,29,3546
3499,47,3546
3467,79,3546
3463,83,3546
3457,89,3546
3449,97,3546
3433,113,3546
3407,139,3546
3389,157,3546
3373,173,3546
3347,199,3546
3323,223,3546
3319,227,3546
3313,233,3546
3307,239,3546
3253,293,3546
3229,317,3546
3209,337,3546
3187,359,3546
3167,379,3546
3163,383,3546
3137,409,3546
3089,457,3546
3083,463,3546
3079,467,3546
3067,479,3546
3037,509,3546
3023,523,3546
2999,547,3546
2969,577,3546
2953,593,3546
2939,607,3546
2927,619,3546
2903,643,3546
2887,659,3546
2837,709,3546
2819,727,3546
2803,743,3546
2789,757,3546
2777,769,3546
2749,797,3546
2719,827,3546
2707,839,3546
2693,853,3546
2689,857,3546
2687,859,3546
2683,863,3546
2663,883,3546
2659,887,3546
2617,929,3546
2609,937,3546
2593,953,3546
2579,967,3546
2549,997,3546
2477,1069,3546
2459,1087,3546
2437,1109,3546
2423,1123,3546
2417,1129,3546
2393,1153,3546
2383,1163,3546
2333,1213,3546
2309,1237,3546
2297,1249,3546
2287,1259,3546
2269,1277,3546
2267,1279,3546
2243,1303,3546
2239,1307,3546
2179,1367,3546
2137,1409,3546
2113,1433,3546
2099,1447,3546
2087,1459,3546
2063,1483,3546
2053,1493,3546
2003,1543,3546
1997,1549,3546
1993,1553,3546
1987,1559,3546
1979,1567,3546
1949,1597,3546
1933,1613,3546
1889,1657,3546
1879,1667,3546
1877,1669,3546
1847,1699,3546
1823,1723,3546
1787,1759,3546
3541,7,3548
3529,19,3548
3517,31,3548
3511,37,3548
3469,79,3548
3391,157,3548
3319,229,3548
3307,241,3548
3271,277,3548
3217,331,3548
3181,367,3548
3169,379,3548
3109,439,3548
3061,487,3548
3049,499,3548
3001,547,3548
2971,577,3548
2917,631,3548
2887,661,3548
2857,691,3548
2797,751,3548
2791,757,3548
2719,829,3548
2689,859,3548
2671,877,3548
2557,991,3548
2551,997,3548
2539,1009,3548
2377,1171,3548
2347,1201,3548
2311,1237,3548
2269,1279,3548
2251,1297,3548
2221,1327,3548
2089,1459,3548
2017,1531,3548
1999,1549,3548
1951,1597,3548
1879,1669,3548
1801,1747,3548
1789,1759,3548
3547,3,3550
3539,11,3550
3533,17,3550
3527,23,3550
3491,59,3550
3467,83,3550
3461,89,3550
3449,101,3550
3413,137,3550
3371,179,3550
3359,191,3550
3323,227,3550
3299,251,3550
3257,293,3550
3203,347,3550
3191,359,3550
3167,383,3550
3119,431,3550
3089,461,3550
3083,467,3550
3041,509,3550
2963,587,3550
2957,593,3550
2909,641,3550
2903,647,3550
2897,653,3550
2789,761,3550
2777,773,3550
2753,797,3550
2741,809,3550
2729,821,3550
2711,839,3550
2693,857,3550
2687,863,3550
2663,887,3550
2621,929,3550
2609,941,3550
2579,971,3550
2531,1019,3550
2459,1091,3550
2447,1103,3550
2441,1109,3550
2399,1151,3550
2357,1193,3550
2333,1217,3550
2273,1277,3550
2267,1283,3550
2243,1307,3550
2141,1409,3550
2111,1439,3550
2099,1451,3550
2069,1481,3550
2063,1487,3550
2039,1511,3550
2027,1523,3550
1997,1553,3550
1979,1571,3550
1949,1601,3550
1931,1619,3550
1913,1637,3550
3547,5,3552
3541,11,3552
3539,13,3552
3533,19,3552
3529,23,3552
3511,41,3552
3499,53,3552
3491,61,3552
3469,83,3552
3463,89,3552
3449,103,3552
3413,139,3552
3389,163,3552
3373,179,3552
3371,181,3552
3361,191,3552
3359,193,3552
3329,223,3552
3323,229,3552
3319,233,3552
3313,239,3552
3301,251,3552
3271,281,3552
3259,293,3552
3221,331,3552
3203,349,3552
3169,383,3552
3163,389,3552
3121,431,3552
3119,433,3552
3109,443,3552
3089,463,3552
3061,491,3552
3049,503,3552
3011,541,3552
2953,599,3552
2939,613,3552
2909,643,3552
2879,673,3552
2861,691,3552
2851,701,3552
2843,709,3552
2833,719,3552
2819,733,3552
2801,751,3552
2791,761,3552
2741,811,3552
2731,821,3552
2729,823,3552
2713,839,3552
2699,853,3552
2693,859,3552
2689,863,3552
2671,881,3552
2633,919,3552
2543,1009,3552
2539,1013,3552
2531,1021,3552
2521,1031,3552
2503,1049,3552
2459,1093,3552
2423,1129,3552
2399,1153,3552
2389,1163,3552
2381,1171,3552
2371,1181,3552
2351,1201,3552
2339,1213,3552
2293,1259,3552
2273,1279,3552
2269,1283,3552
2251,1301,3552
2179,1373,3552
2153,1399,3552
2143,1409,3552
2129,1423,3552
2113,1439,3552
2099,1453,3552
2081,1471,3552
2069,1483,3552
2063,1489,3552
2053,1499,3552
2029,1523,3552
2003,1549,3552
1999,1553,3552
1993,1559,3552
1973,1579,3552
1951,1601,3552
1933,1619,3552
1931,1621,3552
1889,1663,3552
1831,1721,3552
1811,1741,3552
3547,7,3554
3541,13,3554
3517,37,3554
3511,43,3554
3457,97,3554
3391,163,3554
3373,181,3554
3361,193,3554
3343,211,3554
3331,223,3554
3313,241,3554
3271,283,3554
3217,337,3554
3187,367,3554
3181,373,3554
3121,433,3554
3067,487,3554
2953,601,3554
2803,751,3554
2797,757,3554
2767,787,3554
2731,823,3554
2677,877,3554
2671,883,3554
2647,907,3554
2617,937,3554
2557,997,3554
2521,1033,3554
2503,1051,3554
2467,1087,3554
2437,1117,3554
2383,1171,3554
2341,1213,3554
2251,1303,3554
2131,1423,3554
2083,1471,3554
2011,1543,3554
1987,1567,3554
1933,1621,3554
1861,1693,3554
1831,1723,3554
1801,1753,3554
1777,1777,3554
3539,17,3556
3533,23,3556
3527,29,3556
3467,89,3556
3449,107,3556
3407,149,3556
3389,167,3556
3359,197,3556
3329,227,3556
3323,233,3556
3299,257,3556
3209,347,3556
3203,353,3556
3167,389,3556
3137,419,3556
3089,467,3556
2999,557,3556
2969,587,3556
2963,593,3556
2957,599,3556
2939,617,3556
2909,647,3556
2903,653,3556
2897,659,3556
2879,677,3556
2837,719,3556
2729,827,3556
2699,857,3556
2693,863,3556
2609,947,3556
2579,977,3556
2543,1013,3556
2459,1097,3556
2447,1109,3556
2393,1163,3556
2339,1217,3556
2333,1223,3556
2297,1259,3556
2273,1283,3556
2267,1289,3556
2237,1319,3556
2129,1427,3556
2069,1487,3556
2063,1493,3556
2003,1553,3556
1997,1559,3556
1973,1583,3556
1949,1607,3556
1889,1667,3556
1847,1709,3556
1823,1733,3556
3547,11,3558
3541,17,3558
3539,19,3558
3529,29,3558
3527,31,3558
3517,41,3558
3511,47,3558
3499,59,3558
3491,67,3558
3469,89,3558
3461,97,3558
3457,101,3558
3449,109,3558
3407,151,3558
3391,167,3558
3361,197,3558
3359,199,3558
3347,211,3558
3331,227,3558
3329,229,3558
3319,239,3558
3307,251,3558
3301,257,3558
3251,307,3558
3221,337,3558
3209,349,3558
3191,367,3558
3169,389,3558
3137,421,3558
3119,439,3558
3109,449,3558
3079,479,3558
3067,491,3558
3049,509,3558
3037,521,3558
3011,547,3558
3001,557,3558
2971,587,3558
2957,601,3558
2939,619,3558
2927,631,3558
2917,641,3558
2897,661,3558
2857,701,3558
2819,739,3558
2801,757,3558
2797,761,3558
2789,769,3558
2749,809,3558
2731,827,3558
2729,829,3558
2719,839,3558
2699,859,3558
2677,881,3558
2671,887,3558
2647,911,3558
2621,937,3558
2617,941,3558
2591,967,3558
2549,1009,3558
2539,1019,3558
2467,1091,3558
2441,1117,3558
2377,1181,3558
2371,1187,3558
2357,1201,3558
2341,1217,3558
2309,1249,3558
2281,1277,3558
2269,1289,3558
2267,1291,3558
2251,1307,3558
2239,1319,3558
2237,1321,3558
2131,1427,3558
2129,1429,3558
2111,1447,3558
2099,1459,3558
2087,1471,3558
2069,1489,3558
2027,1531,3558
1999,1559,3558
1987,1571,3558
1979,1579,3558
1951,1607,3558
1949,1609,3558
1931,1627,3558
1901,1657,3558
1889,1669,3558
1861,1697,3558
1811,1747,3558
3557,3,3560
3547,13,3560
3541,19,3560
3529,31,3560
3517,43,3560
3499,61,3560
3463,97,3560
3457,103,3560
3433,127,3560
3361,199,3560
3331,229,3560
3319,241,3560
3253,307,3560
3229,331,3560
3187,373,3560
3181,379,3560
3163,397,3560
3121,439,3560
3061,499,3560
3037,523,3560
3019,541,3560
2953,607,3560
2917,643,3560
2887,673,3560
2851,709,3560
2833,727,3560
2803,757,3560
2791,769,3560
2749,811,3560
2731,829,3560
2707,853,3560
2683,877,3560
2677,883,3560
2593,967,3560
2551,1009,3560
2539,1021,3560
2521,1039,3560
2473,1087,3560
2467,1093,3560
2437,1123,3560
2389,1171,3560
2347,1213,3560
2311,1249,3560
2281,1279,3560
2269,1291,3560
2239,1321,3560
2179,1381,3560
2161,1399,3560
2137,1423,3560
2131,1429,3560
2113,1447,3560
2089,1471,3560
2029,1531,3560
2017,1543,3560
2011,1549,3560
1993,1567,3560
1951,1609,3560
1933,1627,3560
1867,1693,3560
1861,1699,3560
1801,1759,3560
1783,1777,3560
3559,3,3562
3557,5,3562
3539,23,3562
3533,29,3562
3491,71,3562
3461,101,3562
3449,113,3562
3413,149,3562
3389,173,3562
3371,191,3562
3329,233,3562
3323,239,3562
3299,263,3562
3251,311,3562
3209,353,3562
3203,359,3562
3119,443,3562
3083,479,3562
3041,521,3562
2999,563,3562
2969,593,3562
2963,599,3562
2909,653,3562
2903,659,3562
2879,683,3562
2861,701,3562
2843,719,3562
2819,743,3562
2801,761,3562
2789,773,3562
2753,809,3562
2741,821,3562
2699,863,3562
2633,929,3562
2621,941,3562
2609,953,3562
2591,971,3562
2579,983,3562
2549,1013,3562
2543,1019,3562
2531,1031,3562
2459,1103,3562
2411,1151,3562
2399,1163,3562
2381,1181,3562
2339,1223,3562
2333,1229,3562
2273,1289,3562
2243,1319,3562
2153,1409,3562
2129,1433,3562
2111,1451,3562
2081,1481,3562
2069,1493,3562
2063,1499,3562
2039,1523,3562
2003,1559,3562
1979,1583,3562
1949,1613,3562
3559,5,3564
3557,7,3564
3547,17,3564
3541,23,3564
3533,31,3564
3527,37,3564
3517,47,3564
3511,53,3564
3491,73,3564
3467,97,3564
3463,101,3564
3461,103,3564
3457,107,3564
3433,131,3564
3413,151,3564
3407,157,3564
3391,173,3564
3373,191,3564
3371,193,3564
3331,233,3564
3323,241,3564
3313,251,3564
3307,257,3564
3301,263,3564
3271,293,3564
3257,307,3564
3253,311,3564
3251,313,3564
3217,347,3564
3191,373,3564
3181,383,3564
3167,397,3564
3163,401,3564
3121,443,3564
3061,503,3564
3041,523,3564
3023,541,3564
3001,563,3564
2971,593,3564
2963,601,3564
2957,607,3564
2917,647,3564
2903,661,3564
2887,677,3564
2837,727,3564
2803,761,3564
2791,773,3564
2777,787,3564
2767,797,3564
2753,811,3564
2741,823,3564
2711,853,3564
2707,857,3564
2687,877,3564
2683,881,3564
2677,887,3564
2657,907,3564
2617,947,3564
2593,971,3564
2551,1013,3564
2543,1021,3564
2531,1033,3564
2503,1061,3564
2477,1087,3564
2473,1091,3564
2467,1097,3564
2447,1117,3564
2441,1123,3564
2411,1153,3564
2393,1171,3564
2383,1181,3564
2377,1187,3564
2371,1193,3564
2351,1213,3564
2347,1217,3564
2341,1223,3564
2333,1231,3564
2287,1277,3564
2281,1283,3564
2273,1291,3564
2267,1297,3564
2243,1321,3564
2237,1327,3564
2203,1361,3564
2141,1423,3564
2137,1427,3564
2131,1433,3564
2113,1451,3564
2111,1453,3564
2083,1481,3564
2081,1483,3564
2053,1511,3564
2011,1553,3564
1997,1567,3564
1993,1571,3564
1951,1613,3564
1907,1657,3564
1901,1663,3564
1871,1693,3564
1867,1697,3564
1831,1733,3564
1823,1741,3564
1811,1753,3564
1787,1777,3564
3559,7,3566
3547,19,3566
3529,37,3566
3499,67,3566
3469,97,3566
3463,103,3566
3457,109,3566
3373,193,3566
3343,223,3566
3259,307,3566
3253,313,3566
3229,337,3566
3217,349,3566
3187,379,3566
3169,397,3566
3109,457,3566
3079,487,3566
3067,499,3566
3019,547,3566
2953,613,3566
2857,709,3566
2833,733,3566
2797,769,3566
2713,853,3566
2707,859,3566
2689,877,3566
2683,883,3566
2659,907,3566
2647,919,3566
2557,1009,3566
2503,1063,3566
2473,1093,3566
2437,1129,3566
2287,1279,3566
2269,1297,3566
2239,1327,3566
2143,1423,3566
2137,1429,3566
2113,1453,3566
2083,1483,3566
2017,1549,3566
1999,1567,3566
1987,1579,3566
1873,1693,3566
1867,1699,3566
1789,1777,3566
1783,1783,3566
3557,11,3568
3539,29,3568
3527,41,3568
3467,101,3568
3461,107,3568
3389,179,3568
3371,197,3568
3329,239,3568
3299,269,3568
3257,311,3568
3251,317,3568
3221,347,3568
3209,359,3568
3167,401,3568
3137,431,3568
3119,449,3568
3089,479,3568
3011,557,3568
2999,569,3568
2969,599,3568
2927,641,3568
2909,659,3568
2741,827,3568
2729,839,3568
2711,857,3568
2687,881,3568
2657,911,3568
2621,947,3568
2591,977,3568
2549,1019,3568
2477,1091,3568
2459,1109,3568
2417,1151,3568
2381,1187,3568
2351,1217,3568
2339,1229,3568
2309,1259,3568
2267,1301,3568
2207,1361,3568
2141,1427,3568
2129,1439,3568
2087,1481,3568
2081,1487,3568
2069,1499,3568
1997,1571,3568
1949,1619,3568
1931,1637,3568
1901,1667,3568
1871,1697,3568
1847,1721,3568
3559,11,3570
3557,13,3570
3547,23,3570
3541,29,3570
3539,31,3570
3533,37,3570
3529,41,3570
3527,43,3570
3517,53,3570
3511,59,3570
3499,71,3570
3491,79,3570
3469,101,3570
3467,103,3570
3463,107,3570
3461,109,3570
3457,113,3570
3433,137,3570
3413,157,3570
3407,163,3570
3391,179,3570
3389,181,3570
3373,197,3570
3371,199,3570
3359,211,3570
3347,223,3570
3343,227,3570
3331,239,3570
3329,241,3570
3319,251,3570
3313,257,3570
3307,263,3570
3301,269,3570
3299,271,3570
3259,311,3570
3257,313,3570
3253,317,3570
3221,349,3570
3217,353,3570
3203,367,3570
3191,379,3570
3187,383,3570
3181,389,3570
3169,401,3570
3137,433,3570
3121,449,3570
3109,461,3570
3083,487,3570
3079,491,3570
3067,503,3570
3061,509,3570
3049,521,3570
3023,547,3570
3001,569,3570
2999,571,3570
2971,599,3570
2969,601,3570
2963,607,3570
2957,613,3570
2953,617,3570
2939,631,3570
2927,643,3570
2917,653,3570
2909,661,3570
2897,673,3570
2887,683,3570
2879,691,3570
2861,709,3570
2851,719,3570
2843,727,3570
2837,733,3570
2819,751,3570
2801,769,3570
2797,773,3570
2749,821,3570
2741,829,3570
2731,839,3570
2713,857,3570
2711,859,3570
2707,863,3570
2693,877,3570
2689,881,3570
2687,883,3570
2683,887,3570
2663,907,3570
2659,911,3570
2633,937,3570
2617,953,3570
2593,977,3570
2579,991,3570
2557,1013,3570
2551,1019,3570
2549,1021,3570
2539,1031,3570
2531,1039,3570
2521,1049,3570
2477,1093,3570
2473,1097,3570
2467,1103,3570
2447,1123,3570
2441,1129,3570
2417,1153,3570
2399,1171,3570
2389,1181,3570
2383,1187,3570
2377,1193,3570
2357,1213,3570
2347,1223,3570
2341,1229,3570
2339,1231,3570
2333,1237,3570
2311,1259,3570
2293,1277,3570
2287,1283,3570
2281,1289,3570
2273,1297,3570
2269,1301,3570
2267,1303,3570
2251,1319,3570
2243,1327,3570
2203,1367,3570
2161,1409,3570
2143,1427,3570
2141,1429,3570
2137,1433,3570
2131,1439,3570
2111,1459,3570
2099,1471,3570
2089,1481,3570
2087,1483,3570
2083,1487,3570
2081,1489,3570
2039,1531,3570
2027,1543,3570
2017,1553,3570
2011,1559,3570
2003,1567,3570
1999,1571,3570
1987,1583,3570
1973,1597,3570
1951,1619,3570
1949,1621,3570
1933,1637,3570
1913,1657,3570
1907,1663,3570
1901,1669,3570
1877,1693,3570
1873,1697,3570
1871,1699,3570
1861,1709,3570
1847,1723,3570
1823,1747,3570
1811,1759,3570
1787,1783,3570
3559,13,3572
3541,31,3572
3529,43,3572
3511,61,3572
3499,73,3572
3469,103,3572
3463,109,3572
3433,139,3572
3391,181,3572
3373,199,3572
3361,211,3572
3343,229,3572
3331,241,3572
3301,271,3572
3259,313,3572
3163,409,3572
3109,463,3572
3049,523,3572
3001,571,3572
2971,601,3572
2953,619,3572
2833,739,3572
2803,769,3572
2749,823,3572
2719,853,3572
2713,859,3572
2689,883,3572
2551,1021,3572
2539,1033,3572
2521,1051,3572
2503,1069,3572
2371,1201,3572
2341,1231,3572
2293,1279,3572
2281,1291,3572
2269,1303,3572
2251,1321,3572
2143,1429,3572
2113,1459,3572
2089,1483,3572
2083,1489,3572
2029,1543,3572
1993,1579,3572
1951,1621,3572
1879,1693,3572
1873,1699,3572
1831,1741,3572
1789,1783,3572
3571,3,3574
3557,17,3574
3533,41,3574
3527,47,3574
3491,83,3574
3467,107,3574
3461,113,3574
3407,167,3574
3347,227,3574
3323,251,3574
3257,317,3574
3221,353,3574
3191,383,3574
3083,491,3574
3011,563,3574
2957,617,3574
2927,647,3574
2897,677,3574
2801,773,3574
2777,797,3574
2753,821,3574
2711,863,3574
2693,881,3574
2687,887,3574
2663,911,3574
2633,941,3574
2621,953,3574
2591,983,3574
2543,1031,3574
2477,1097,3574
2423,1151,3574
2411,1163,3574
2393,1181,3574
2381,1193,3574
2357,1217,3574
2351,1223,3574
2297,1277,3574
2273,1301,3574
2267,1307,3574
2213,1361,3574
2207,1367,3574
2141,1433,3574
2087,1487,3574
2081,1493,3574
2063,1511,3574
2003,1571,3574
1973,1601,3574
1907,1667,3574
1877,1697,3574
1787,1787,3574
3571,5,3576
3559,17,3576
3557,19,3576
3547,29,3576
3539,37,3576
3533,43,3576
3529,47,3576
3517,59,3576
3469,107,3576
3467,109,3576
3463,113,3576
3449,127,3576
3413,163,3576
3347,229,3576
3343,233,3576
3319,257,3576
3313,263,3576
3307,269,3576
3299,277,3576
3259,317,3576
3229,347,3576
3217,359,3576
3209,367,3576
3203,373,3576
3187,389,3576
3167,409,3576
3137,439,3576
3119,457,3576
3109,467,3576
3089,487,3576
3067,509,3576
3019,557,3576
2999,577,3576
2969,607,3576
2963,613,3576
2957,619,3576
2917,659,3576
2903,673,3576
2857,719,3576
2843,733,3576
2837,739,3576
2833,743,3576
2819,757,3576
2803,773,3576
2789,787,3576
2767,809,3576
2753,823,3576
2749,827,3576
2719,857,3576
2713,863,3576
2699,877,3576
2693,883,3576
2689,887,3576
2657,919,3576
2647,929,3576
2609,967,3576
2593,983,3576
2579,997,3576
2557,1019,3576
2543,1033,3576
2473,1103,3576
2467,1109,3576
2459,1117,3576
2447,1129,3576
2423,1153,3576
2389,1187,3576
2383,1193,3576
2347,1229,3576
2339,1237,3576
2297,1279,3576
2293,1283,3576
2287,1289,3576
2273,1303,3576
2269,1307,3576
2203,1373,3576
2153,1423,3576
2143,1433,3576
2137,1439,3576
2129,1447,3576
2089,1487,3576
2087,1489,3576
2083,1493,3576
2053,1523,3576
2027,1549,3576
2017,1559,3576
1997,1579,3576
1993,1583,3576
1979,1597,3576
1949,1627,3576
1913,1663,3576
1907,1669,3576
1879,1697,3576
1877,1699,3576
1867,1709,3576
1823,1753,3576
1789,1787,3576
3571,7,3578
3559,19,3578
3547,31,3578
3541,37,3578
3517,61,3578
3511,67,3578
3499,79,3578
3469,109,3578
3307,271,3578
3301,277,3578
3271,307,3578
3229,349,3578
3181,397,3578
3169,409,3578
3121,457,3578
3079,499,3578
3037,541,3578
3001,577,3578
2971,607,3578
2917,661,3578
2887,691,3578
2851,727,3578
2791,787,3578
2767,811,3578
2749,829,3578
2719,859,3578
2671,907,3578
2659,919,3578
2557,1021,3578
2539,1039,3578
2377,1201,3578
2347,1231,3578
2341,1237,3578
2287,1291,3578
2281,1297,3578
2251,1327,3578
2179,1399,3578
2131,1447,3578
2089,1489,3578
2029,1549,3578
2011,1567,3578
1999,1579,3578
1951,1627,3578
1879,1699,3578
1831,1747,3578
1801,1777,3578
1789,1789,3578
3557,23,3580
3539,41,3580
3533,47,3580
3527,53,3580
3491,89,3580
3467,113,3580
3449,131,3580
3413,167,3580
3407,173,3580
3389,191,3580
3347,233,3580
3329,251,3580
3323,257,3580
3299,281,3580
3221,359,3580
3191,389,3580
3137,443,3580
3119,461,3580
3089,491,3580
3023,557,3580
3011,569,3580
2963,617,3580
2939,641,3580
2927,653,3580
2903,677,3580
2897,683,3580
2879,701,3580
2861,719,3580
2837,743,3580
2819,761,3580
2753,827,3580
2741,839,3580
2699,881,3580
2693,887,3580
2633,947,3580
2609,971,3580
2549,1031,3580
2531,1049,3580
2477,1103,3580
2417,1163,3580
2399,1181,3580
2393,1187,3580
2357,1223,3580
2351,1229,3580
2297,1283,3580
2273,1307,3580
2213,1367,3580
2207,1373,3580
2153,1427,3580
2141,1439,3580
2129,1451,3580
2099,1481,3580
2087,1493,3580
2081,1499,3580
2069,1511,3580
2027,1553,3580
1997,1583,3580
1979,1601,3580
1973,1607,3580
1913,1667,3580
1871,1709,3580
1847,1733,3580
3571,11,3582
3559,23,3582
3541,41,3582
3539,43,3582
3529,53,3582
3511,71,3582
3499,83,3582
3469,113,3582
3433,149,3582
3391,191,3582
3389,193,3582
3371,211,3582
3359,223,3582
3343,239,3582
3331,251,3582
3319,263,3582
3313,269,3582
3301,281,3582
3299,283,3582
3271,311,3582
3251,331,3582
3229,353,3582
3209,373,3582
3203,379,3582
3181,401,3582
3163,419,3582
3121,461,3582
3119,463,3582
3083,499,3582
3079,503,3582
3061,521,3582
3041,541,3582
3019,563,3582
3011,571,3582
2969,613,3582
2963,619,3582
2939,643,3582
2909,673,3582
2843,739,3582
2753,829,3582
2729,853,3582
2719,863,3582
2699,883,3582
2671,911,3582
2663,919,3582
2591,991,3582
2551,1031,3582
2549,1033,3582
2543,1039,3582
2531,1051,3582
2521,1061,3582
2473,1109,3582
2459,1123,3582
2411,1171,3582
2389,1193,3582
2381,1201,3582
2351,1231,3582
2333,1249,3582
2293,1289,3582
2281,1301,3582
2221,1361,3582
2153,1429,3582
2143,1439,3582
2131,1451,3582
2129,1453,3582
2111,1471,3582
2099,1483,3582
2089,1493,3582
2083,1499,3582
2039,1543,3582
2029,1553,3582
2011,1571,3582
2003,1579,3582
1999,1583,3582
1973,1609,3582
1913,1669,3582
1889,1693,3582
1873,1709,3582
1861,1721,3582
1823,1759,3582
3581,3,3584
3571,13,3584
3547,37,3584
3541,43,3584
3517,67,3584
3511,73,3584
3457,127,3584
3433,151,3584
3391,193,3584
3373,211,3584
3361,223,3584
3343,241,3584
3313,271,3584
3307,277,3584
3301,283,3584
3271,313,3584
3253,331,3584
3217,367,3584
3187,397,3584
3163,421,3584
3121,463,3584
3061,523,3584
3037,547,3584
2971,613,3584
2953,631,3584
2857,727,3584
2851,733,3584
2833,751,3584
2797,787,3584
2731,853,3584
2707,877,3584
2677,907,3584
2647,937,3584
2617,967,3584
2593,991,3584
2551,1033,3584
2521,1063,3584
2467,1117,3584
2383,1201,3584
2371,1213,3584
2347,1237,3584
2293,1291,3584
2287,1297,3584
2281,1303,3584
2203,1381,3584
2161,1423,3584
2137,1447,3584
2131,1453,3584
2113,1471,3584
2053,1531,3584
2017,1567,3584
1987,1597,3584
1861,1723,3584
1831,1753,3584
1801,1783,3584
3583,3,3586
3581,5,3586
3557,29,3586
3539,47,3586
3533,53,3586
3527,59,3586
3449,137,3586
3413,173,3586
3407,179,3586
3389,197,3586
3359,227,3586
3347,239,3586
3329,257,3586
3323,263,3586
3203,383,3586
3167,419,3586
3137,449,3586
3119,467,3586
3083,503,3586
3023,563,3586
2999,587,3586
2969,617,3586
2939,647,3586
2927,659,3586
2909,677,3586
2903,683,3586
2843,743,3586
2789,797,3586
2777,809,3586
2729,857,3586
2699,887,3586
2657,929,3586
2633,953,3586
2609,977,3586
2477,1109,3586
2423,1163,3586
2399,1187,3586
2393,1193,3586
2357,1229,3586
2309,1277,3586
2297,1289,3586
2267,1319,3586
2213,1373,3586
2153,1433,3586
2099,1487,3586
2087,1499,3586
2063,1523,3586
2027,1559,3586
2003,1583,3586
1979,1607,3586
1973,1613,3586
1949,1637,3586
1889,1697,3586
1877,1709,3586
3583,5,3588
3581,7,3588
3571,17,3588
3559,29,3588
3557,31,3588
3547,41,3588
3541,47,3588
3529,59,3588
3527,61,3588
3517,71,3588
3499,89,3588
3491,97,3588
3461,127,3588
3457,131,3588
3449,139,3588
3407,181,3588
3391,197,3588
3389,199,3588
3361,227,3588
3359,229,3588
3347,241,3588
3331,257,3588
3319,269,3588
3307,281,3588
3271,317,3588
3257,331,3588
3251,337,3588
3229,359,3588
3221,367,3588
3209,379,3588
3191,397,3588
3187,401,3588
3169,419,3588
3167,421,3588
3121,467,3588
3109,479,3588
3089,499,3588
3079,509,3588
3067,521,3588
3041,547,3588
3019,569,3588
3011,577,3588
3001,587,3588
2971,617,3588
2969,619,3588
2957,631,3588
2927,661,3588
2897,691,3588
2887,701,3588
2879,709,3588
2861,727,3588
2837,751,3588
2819,769,3588
2801,787,3588
2791,797,3588
2777,811,3588
2767,821,3588
2749,839,3588
2731,857,3588
2729,859,3588
2711,877,3588
2707,881,3588
2677,911,3588
2659,929,3588
2647,941,3588
2621,967,3588
2617,971,3588
2591,997,3588
2579,1009,3588
2557,1031,3588
2549,1039,3588
2539,1049,3588
2459,1129,3588
2437,1151,3588
2417,1171,3588
2371,1217,3588
2357,1231,3588
2351,1237,3588
2339,1249,3588
2311,1277,3588
2309,1279,3588
2297,1291,3588
2287,1301,3588
2281,1307,3588
2269,1319,3588
2267,1321,3588
2221,1367,3588
2207,1381,3588
2179,1409,3588
2161,1427,3588
2141,1447,3588
2137,1451,3588
2129,1459,3588
2099,1489,3588
2089,1499,3588
2039,1549,3588
2029,1559,3588
2017,1571,3588
1987,1601,3588
1979,1609,3588
1951,1637,3588
1931,1657,3588
1889,1699,3588
1879,1709,3588
1867,1721,3588
1847,1741,3588
1811,1777,3588
1801,1787,3588
3583,7,3590
3571,19,3590
3559,31,3590
3547,43,3590
3529,61,3590
3517,73,3590
3511,79,3590
3463,127,3590
3433,157,3590
3391,199,3590
3361,229,3590
3319,271,3590
3313,277,3590
3307,283,3590
3259,331,3590
3253,337,3590
3217,373,3590
3181,409,3590
3169,421,3590
3067,523,3590
3049,541,3590
3019,571,3590
2971,619,3590
2917,673,3590
2857,733,3590
2851,739,3590
2833,757,3590
2803,787,3590
2767,823,3590
2731,859,3590
2713,877,3590
2707,883,3590
2683,907,3590
2671,919,3590
2593,997,3590
2557,1033,3590
2551,1039,3590
2539,1051,3590
2521,1069,3590
2503,1087,3590
2473,1117,3590
2467,1123,3590
2437,1153,3590
2389,1201,3590
2377,1213,3590
2341,1249,3590
2311,1279,3590
2293,1297,3590
2287,1303,3590
2269,1321,3590
2161,1429,3590
2143,1447,3590
2137,1453,3590
2131,1459,3590
2011,1579,3590
1993,1597,3590
1933,1657,3590
1867,1723,3590
1831,1759,3590
1801,1789,3590
3581,11,3592
3539,53,3592
3533,59,3592
3491,101,3592
3461,131,3592
3413,179,3592
3359,233,3592
3329,263,3592
3323,269,3592
3299,293,3592
3209,383,3592
3203,389,3592
3191,401,3592
3089,503,3592
3083,509,3592
3023,569,3592
2999,593,3592
2939,653,3592
2909,683,3592
2819,773,3592
2753,839,3592
2729,863,3592
2711,881,3592
2663,929,3592
2621,971,3592
2609,983,3592
2579,1013,3592
2543,1049,3592
2531,1061,3592
2441,1151,3592
2411,1181,3592
2399,1193,3592
2333,1259,3592
2309,1283,3592
2273,1319,3592
2153,1439,3592
2141,1451,3592
2111,1481,3592
2099,1493,3592
2081,1511,3592
2069,1523,3592
2039,1553,3592
1979,1613,3592
1973,1619,3592
1871,1721,3592
3583,11,3594
3581,13,3594
3571,23,3594
3557,37,3594
3547,47,3594
3541,53,3594
3533,61,3594
3527,67,3594
3511,83,3594
3491,103,3594
3467,127,3594
3463,131,3594
3457,137,3594
3413,181,3594
3371,223,3594
3361,233,3594
3343,251,3594
3331,263,3594
3323,271,3594
3313,281,3594
3301,293,3594
3257,337,3594
3221,373,3594
3163,431,3594
3137,457,3594
3037,557,3594
3023,571,3594
3001,593,3594
2963,631,3594
2953,641,3594
2917,677,3594
2903,691,3594
2861,733,3594
2851,743,3594
2843,751,3594
2837,757,3594
2833,761,3594
2797,797,3594
2767,827,3594
2741,853,3594
2731,863,3594
2713,881,3594
2711,883,3594
2707,887,3594
2687,907,3594
2683,911,3594
2657,937,3594
2647,947,3594
2617,977,3594
2543,1051,3594
2531,1063,3594
2503,1091,3594
2477,1117,3594
2441,1153,3594
2423,1171,3594
2393,1201,3594
2381,1213,3594
2377,1217,3594
2371,1223,3594
2357,1237,3594
2311,1283,3594
2297,1297,3594
2293,1301,3594
2287,1307,3594
2273,1321,3594
2267,1327,3594
2221,1373,3594
2213,1381,3594
2161,1433,3594
2143,1451,3594
2141,1453,3594
2113,1481,3594
2111,1483,3594
2083,1511,3594
2063,1531,3594
2027,1567,3594
2011,1583,3594
1997,1597,3594
1993,1601,3594
1987,1607,3594
1973,1621,3594
1931,1663,3594
1901,1693,3594
1873,1721,3594
1871,1723,3594
1861,1733,3594
1847,1747,3594
1811,1783,3594
3593,3,3596
3583,13,3596
3559,37,3596
3529,67,3596
3517,79,3596
3499,97,3596
3469,127,3596
3457,139,3596
3433,163,3596
3373,223,3596
3319,277,3596
3313,283,3596
3259,337,3596
3229,367,3596
3217,379,3596
3187,409,3596
3163,433,3596
3109,487,3596
3049,547,3596
3019,577,3596
2953,643,3596
2887,709,3596
2857,739,3596
2767,829,3596
2719,877,3596
2713,883,3596
2689,907,3596
2677,919,3596
2659,937,3596
2557,1039,3596
2503,1093,3596
2473,1123,3596
2467,1129,3596
2383,1213,3596
2347,1249,3596
2293,1303,3596
2269,1327,3596
2143,1453,3596
2137,1459,3596
2113,1483,3596
2053,1543,3596
2029,1567,3596
2017,1579,3596
1999,1597,3596
1987,1609,3596
1933,1663,3596
1873,1723,3596
3593,5,3598
3581,17,3598
3557,41,3598
3539,59,3598
3527,71,3598
3491,107,3598
3467,131,3598
3461,137,3598
3449,149,3598
3407,191,3598
3371,227,3598
3359,239,3598
3347,251,3598
3329,269,3598
3251,347,3598
3209,389,3598
3167,431,3598
3137,461,3598
3119,479,3598
3089,509,3598
3041,557,3598
3011,587,3598
2999,599,3598
2957,641,3598
2939,659,3598
2897,701,3598
2879,719,3598
2837,761,3598
2801,797,3598
2789,809,3598
2777,821,3598
2741,857,3598
2711,887,3598
2687,911,3598
2657,941,3598
2621,977,3598
2579,1019,3598
2549,1049,3598
2447,1151,3598
2417,1181,3598
2411,1187,3598
2381,1217,3598
2339,1259,3598
2309,1289,3598
2297,1301,3598
2237,1361,3598
2111,1487,3598
2099,1499,3598
2087,1511,3598
2039,1559,3598
2027,1571,3598
1997,1601,3598
1979,1619,3598
1931,1667,3598
1901,1697,3598
1889,1709,3598
1877,1721,3598
1811,1787,3598
3593,7,3600
3583,17,3600
3581,19,3600
3571,29,3600
3559,41,3600
3557,43,3600
3547,53,3600
3541,59,3600
3539,61,3600
3533,67,3600
3529,71,3600
3527,73,3600
3517,83,3600
3511,89,3600
3499,101,3600
3491,109,3600
3469,131,3600
3463,137,3600
3461,139,3600
3449,151,3600
3433,167,3600
3407,193,3600
3389,211,3600
3373,227,3600
3371,229,3600
3361,239,3600
3359,241,3600
3343,257,3600
3331,269,3600
3329,271,3600
3323,277,3600
3319,281,3600
3307,293,3600
3253,347,3600
3251,349,3600
3221,379,3600
3217,383,3600
3203,397,3600
3191,409,3600
3181,419,3600
3169,431,3600
3167,433,3600
3137,463,3600
3121,479,3600
3109,491,3600
3079,521,3600
3037,563,3600
3023,577,3600
3001,599,3600
2999,601,3600
2969,631,3600
2957,643,3600
2953,647,3600
2939,661,3600
2927,673,3600
2917,683,3600
2909,691,3600
2861,739,3600
2857,743,3600
2843,757,3600
2803,797,3600
2791,809,3600
2789,811,3600
2777,823,3600
2741,859,3600
2719,881,3600
2713,887,3600
2693,907,3600
2689,911,3600
2671,929,3600
2663,937,3600
2659,941,3600
2647,953,3600
2633,967,3600
2617,983,3600
2609,991,3600
2591,1009,3600
2579,1021,3600
2551,1049,3600
2549,1051,3600
2539,1061,3600
2531,1069,3600
2503,1097,3600
2477,1123,3600
2447,1153,3600
2437,1163,3600
2399,1201,3600
2383,1217,3600
2377,1223,3600
2371,1229,3600
2351,1249,3600
2341,1259,3600
2311,1289,3600
2309,1291,3600
2297,1303,3600
2293,1307,3600
2281,1319,3600
2273,1327,3600
2239,1361,3600
2161,1439,3600
2153,1447,3600
2141,1459,3600
2129,1471,3600
2113,1487,3600
2111,1489,3600
2089,1511,3600
2069,1531,3600
2029,1571,3600
2017,1583,3600
2003,1597,3600
1999,1601,3600
1993,1607,3600
1987,1613,3600
1979,1621,3600
1973,1627,3600
1933,1667,3600
1931,1669,3600
1907,1693,3600
1901,1699,3600
1879,1721,3600
1877,1723,3600
1867,1733,3600
1847,1753,3600
1823,1777,3600
1811,1789,3600
3583,19,3602
3571,31,3602
3559,43,3602
3541,61,3602
3529,73,3602
3499,103,3602
3463,139,3602
3391,211,3602
3373,229,3602
3361,241,3602
3331,271,3602
3319,283,3602
3271,331,3602
3253,349,3602
3229,373,3602
3181,421,3602
3169,433,3602
3163,439,3602
3079,523,3602
3061,541,3602
3001,601,3602
2971,631,3602
2851,751,3602
2833,769,3602
2791,811,3602
2749,853,3602
2719,883,3602
2683,919,3602
2593,1009,3602
2551,1051,3602
2539,1063,3602
2473,1129,3602
2389,1213,3602
2371,1231,3602
2311,1291,3602
2281,1321,3602
2221,1381,3602
2203,1399,3602
2179,1423,3602
2143,1459,3602
2131,1471,3602
2113,1489,3602
2053,1549,3602
1993,1609,3602
1933,1669,3602
1879,1723,3602
1861,1741,3602
1801,1801,3602
3593,11,3604
3581,23,3604
3557,47,3604
3533,71,3604
3491,113,3604
3467,137,3604
3413,191,3604
3407,197,3604
3371,233,3604
3347,257,3604
3323,281,3604
3257,347,3604
3251,353,3604
3221,383,3604
3203,401,3604
3137,467,3604
3083,521,3604
3041,563,3604
3011,593,3604
2963,641,3604
2957,647,3604
2927,677,3604
2903,701,3604
2861,743,3604
2843,761,3604
2777,827,3604
2741,863,3604
2693,911,3604
2663,941,3604
2657,947,3604
2633,971,3604
2621,983,3604
2591,1013,3604
2543,1061,3604
2441,1163,3604
2423,1181,3604
2417,1187,3604
2411,1193,3604
2381,1223,3604
2297,1307,3604
2243,1361,3604
2237,1367,3604
2153,1451,3604
2111,1493,3604
2081,1523,3604
2003,1601,3604
1997,1607,3604
1907,1697,3604
1871,1733,3604
3593,13,3606
3583,23,3606
3559,47,3606
3547,59,3606
3539,67,3606
3533,73,3606
3527,79,3606
3517,89,3606
3499,107,3606
3469,137,3606
3467,139,3606
3457,149,3606
3449,157,3606
3433,173,3606
3413,193,3606
3407,199,3606
3373,233,3606
3343,263,3606
3329,277,3606
3323,283,3606
3313,293,3606
3299,307,3606
3259,347,3606
3257,349,3606
3253,353,3606
3217,389,3606
3209,397,3606
3187,419,3606
3167,439,3606
3163,443,3606
3119,487,3606
3083,523,3606
3049,557,3606
3037,569,3606
3019,587,3606
2999,607,3606
2963,643,3606
2953,653,3606
2897,709,3606
2887,719,3606
2879,727,3606
2837,769,3606
2833,773,3606
2819,787,3606
2797,809,3606
2777,829,3606
2767,839,3606
2753,853,3606
2749,857,3606
2729,877,3606
2719,887,3606
2699,907,3606
2687,919,3606
2677,929,3606
2659,947,3606
2609,997,3606
2593,1013,3606
2557,1049,3606
2543,1063,3606
2503,1103,3606
2477,1129,3606
2393,1213,3606
2389,1217,3606
2383,1223,3606
2377,1229,3606
2357,1249,3606
2347,1259,3606
2309,1297,3606
2287,1319,3606
2239,1367,3606
2207,1399,3606
2179,1427,3606
2153,1453,3606
2113,1493,3606
2083,1523,3606
2063,1543,3606
2053,1553,3606
2039,1567,3606
2027,1579,3606
1999,1607,3606
1997,1609,3606
1993,1613,3606
1987,1619,3606
1979,1627,3606
1949,1657,3606
1913,1693,3606
1907,1699,3606
1873,1733,3606
1847,1759,3606
1823,1783,3606
3571,37,3608
3547,61,3608
3541,67,3608
3529,79,3608
3511,97,3608
3499,109,3608
3469,139,3608
3457,151,3608
3331,277,3608
3301,307,3608
3271,337,3608
3259,349,3608
3229,379,3608
3187,421,3608
3169,439,3608
3121,487,3608
3109,499,3608
3067,541,3608
3061,547,3608
3037,571,3608
3001,607,3608
2917,691,3608
2857,751,3608
2851,757,3608
2797,811,3608
2749,859,3608
2731,877,3608
2689,919,3608
2671,937,3608
2617,991,3608
2557,1051,3608
2539,1069,3608
2521,1087,3608
2437,1171,3608
2377,1231,3608
2371,1237,3608
2311,1297,3608
2287,1321,3608
2281,1327,3608
2179,1429,3608
2161,1447,3608
2137,1471,3608
2029,1579,3608
2011,1597,3608
1999,1609,3608
1987,1621,3608
1951,1657,3608
1867,1741,3608
1861,1747,3608
1831,1777,3608
3607,3,3610
3593,17,3610
3581,29,3610
3557,53,3610
3539,71,3610
3527,83,3610
3461,149,3610
3413,197,3610
3371,239,3610
3359,251,3610
3347,263,3610
3329,281,3610
3299,311,3610
3257,353,3610
3251,359,3610
3221,389,3610
3209,401,3610
3191,419,3610
3167,443,3610
3119,491,3610
3089,521,3610
3041,569,3610
3023,587,3610
3011,599,3610
2969,641,3610
2963,647,3610
2957,653,3610
2927,683,3610
2909,701,3610
2837,773,3610
2801,809,3610
2789,821,3610
2753,857,3610
2729,881,3610
2699,911,3610
2663,947,3610
2657,953,3610
2633,977,3610
2591,1019,3610
2579,1031,3610
2549,1061,3610
2459,1151,3610
2447,1163,3610
2423,1187,3610
2417,1193,3610
2393,1217,3610
2381,1229,3610
2351,1259,3610
2333,1277,3610
2309,1301,3610
2243,1367,3610
2237,1373,3610
2129,1481,3610
2111,1499,3610
2099,1511,3610
2087,1523,3610
2039,1571,3610
2027,1583,3610
2003,1607,3610
1997,1613,3610
1973,1637,3610
1913,1697,3610
1901,1709,3610
1889,1721,3610
1877,1733,3610
1823,1787,3610
3607,5,3612
3593,19,3612
3583,29,3612
3581,31,3612
3571,41,3612
3559,53,3612
3541,71,3612
3539,73,3612
3533,79,3612
3529,83,3612
3511,101,3612
3499,113,3612
3463,149,3612
3461,151,3612
3449,163,3612
3433,179,3612
3413,199,3612
3389,223,3612
3373,239,3612
3371,241,3612
3361,251,3612
3343,269,3612
3331,281,3612
3329,283,3612
3319,293,3612
3301,311,3612
3299,313,3612
3259,353,3612
3253,359,3612
3229,383,3612
3203,409,3612
3191,421,3612
3181,431,3612
3169,443,3612
3163,449,3612
3121,491,3612
3109,503,3612
3089,523,3612
3049,563,3612
3041,571,3612
3019,593,3612
3011,601,3612
2999,613,3612
2971,641,3612
2969,643,3612
2953,659,3612
2939,673,3612
2903,709,3612
2879,733,3612
2861,751,3612
2851,761,3612
2843,769,3612
2803,809,3612
2801,811,3612
2791,821,3612
2789,823,3612
2753,859,3612
2749,863,3612
2731,881,3612
2729,883,3612
2693,919,3612
2683,929,3612
2671,941,3612
2659,953,3612
2621,991,3612
2593,1019,3612
2591,1021,3612
2579,1033,3612
2551,1061,3612
2549,1063,3612
2543,1069,3612
2521,1091,3612
2503,1109,3612
2459,1153,3612
2441,1171,3612
2411,1201,3612
2399,1213,3612
2389,1223,3612
2383,1229,3612
2381,1231,3612
2333,1279,3612
2311,1301,3612
2309,1303,3612
2293,1319,3612
2251,1361,3612
2239,1373,3612
2213,1399,3612
2203,1409,3612
2179,1433,3612
2161,1451,3612
2153,1459,3612
2141,1471,3612
2131,1481,3612
2129,1483,3612
2113,1499,3612
2089,1523,3612
2081,1531,3612
2069,1543,3612
2063,1549,3612
2053,1559,3612
2029,1583,3612
2011,1601,3612
2003,1609,3612
1999,1613,3612
1993,1619,3612
1949,1663,3612
1913,1699,3612
1889,1723,3612
1879,1733,3612
1871,1741,3612
1823,1789,3612
1811,1801,3612
3607,7,3614
3583,31,3614
3571,43,3614
3547,67,3614
3541,73,3614
3517,97,3614
3511,103,3614
3463,151,3614
3457,157,3614
3433,181,3614
3391,223,3614
3373,241,3614
3343,271,3614
3331,283,3614
3307,307,3614
3301,313,3614
3217,397,3614
3181,433,3614
3067,547,3614
3037,577,3614
3001,613,3614
2971,643,3614
2953,661,3614
2887,727,3614
2857,757,3614
2803,811,3614
2791,823,3614
2731,883,3614
2707,907,3614
2677,937,3614
2647,967,3614
2617,997,3614
2593,1021,3614
2551,1063,3614
2521,1093,3614
2383,1231,3614
2377,1237,3614
2311,1303,3614
2293,1321,3614
2287,1327,3614
2161,1453,3614
2143,1471,3614
2131,1483,3614
2083,1531,3614
2017,1597,3614
1993,1621,3614
1987,1627,3614
1951,1663,3614
1873,1741,3614
1867,1747,3614
1861,1753,3614
1831,1783,3614
3613,3,3616
3593,23,3616
3557,59,3616
3533,83,3616
3527,89,3616
3467,149,3616
3449,167,3616
3389,227,3616
3359,257,3616
3347,269,3616
3323,293,3616
3299,317,3616
3257,359,3616
3167,449,3616
3137,479,3616
3023,593,3616
2999,617,3616
2969,647,3616
2963,653,3616
2957,659,3616
2939,677,3616
2897,719,3616
2843,773,3616
2819,797,3616
2789,827,3616
2777,839,3616
2753,863,3616
2729,887,3616
2687,929,3616
2663,953,3616
2633,983,3616
2423,1193,3616
2399,1217,3616
2393,1223,3616
2357,1259,3616
2339,1277,3616
2333,1283,3616
2309,1307,3616
2297,1319,3616
2243,1373,3616
2207,1409,3616
2129,1487,3616
2063,1553,3616
2003,1613,3616
1997,1619,3616
1979,1637,3616
1949,1667,3616
1907,1709,3616
3613,5,3618
3607,11,3618
3581,37,3618
3571,47,3618
3559,59,3618
3557,61,3618
3547,71,3618
3539,79,3618
3529,89,3618
3517,101,3618
3511,107,3618
3491,127,3618
3469,149,3618
3467,151,3618
3461,157,3618
3407,211,3618
3391,227,3618
3389,229,3618
3361,257,3618
3347,271,3618
3307,311,3618
3301,317,3618
3271,347,3618
3259,359,3618
3251,367,3618
3229,389,3618
3221,397,3618
3217,401,3618
3209,409,3618
3187,431,3618
3169,449,3618
3119,499,3618
3109,509,3618
3061,557,3618
3049,569,3618
3041,577,3618
3019,599,3618
3011,607,3618
3001,617,3618
2999,619,3618
2971,647,3618
2957,661,3618
2927,691,3618
2917,701,3618
2909,709,3618
2879,739,3618
2861,757,3618
2857,761,3618
2797,821,3618
2791,827,3618
2789,829,3618
2741,877,3618
2731,887,3618
2711,907,3618
2707,911,3618
2699,919,3618
2689,929,3618
2677,941,3618
2671,947,3618
2647,971,3618
2621,997,3618
2609,1009,3618
2579,1039,3618
2557,1061,3618
2549,1069,3618
2531,1087,3618
2521,1097,3618
2467,1151,3618
2447,1171,3618
2437,1181,3618
2417,1201,3618
2389,1229,3618
2381,1237,3618
2341,1277,3618
2339,1279,3618
2311,1307,3618
2297,1321,3618
2251,1367,3618
2237,1381,3618
2179,1439,3618
2137,1481,3618
2131,1487,3618
2129,1489,3618
2087,1531,3618
2069,1549,3618
2039,1579,3618
2017,1601,3618
2011,1607,3618
1999,1619,3618
1997,1621,3618
1951,1667,3618
1949,1669,3618
1877,1741,3618
1871,1747,3618
1831,1787,3618
3617,3,3620
3613,7,3620
3607,13,3620
3583,37,3620
3559,61,3620
3547,73,3620
3541,79,3620
3517,103,3620
3511,109,3620
3469,151,3620
3463,157,3620
3457,163,3620
3391,229,3620
3343,277,3620
3313,307,3620
3307,313,3620
3271,349,3620
3253,367,3620
3187,433,3620
3181,439,3620
3163,457,3620
3121,499,3620
3079,541,3620
3049,571,3620
3019,601,3620
3001,619,3620
2887,733,3620
2851,769,3620
2833,787,3620
2797,823,3620
2791,829,3620
2767,853,3620
2713,907,3620
2683,937,3620
2557,1063,3620
2551,1069,3620
2503,1117,3620
2467,1153,3620
2389,1231,3620
2383,1237,3620
2371,1249,3620
2341,1279,3620
2293,1327,3620
2239,1381,3620
2221,1399,3620
2161,1459,3620
2137,1483,3620
2131,1489,3620
2089,1531,3620
2053,1567,3620
2011,1609,3620
1999,1621,3620
1993,1627,3620
1951,1669,3620
1879,1741,3620
1873,1747,3620
1867,1753,3620
1861,1759,3620
1831,1789,3620
3617,5,3622
3593,29,3622
3581,41,3622
3539,83,3622
3533,89,3622
3491,131,3622
3449,173,3622
3389,233,3622
3371,251,3622
3359,263,3622
3329,293,3622
3221,401,3622
3203,419,3622
3191,431,3622
3119,503,3622
3023,599,3622
2969,653,3622
2963,659,3622
2939,683,3622
2903,719,3622
2879,743,3622
2861,761,3622
2801,821,3622
2741,881,3622
2711,911,3622
2693,929,3622
2609,1013,3622
2591,1031,3622
2531,1091,3622
2459,1163,3622
2441,1181,3622
2399,1223,3622
2393,1229,3622
2339,1283,3622
2333,1289,3622
2213,1409,3622
2141,1481,3622
2129,1493,3622
2111,1511,3622
2099,1523,3622
2069,1553,3622
2063,1559,3622
2039,1583,3622
2003,1619,3622
1913,1709,3622
1901,1721,3622
1889,1733,3622
1811,1811,3622
3617,7,3624
3613,11,3624
3607,17,3624
3593,31,3624
3583,41,3624
3581,43,3624
3571,53,3624
3557,67,3624
3541,83,3624
3527,97,3624
3517,107,3624
3511,113,3624
3467,157,3624
3461,163,3624
3457,167,3624
3433,191,3624
3413,211,3624
3391,233,3624
3373,251,3624
3361,263,3624
3347,277,3624
3343,281,3624
3331,293,3624
3313,311,3624
3307,317,3624
3271,353,3624
3257,367,3624
3251,373,3624
3203,421,3624
3191,433,3624
3181,443,3624
3167,457,3624
3163,461,3624
3137,487,3624
3121,503,3624
3083,541,3624
3067,557,3624
3061,563,3624
3037,587,3624
3023,601,3624
3011,613,3624
2971,653,3624
2963,661,3624
2897,727,3624
2851,773,3624
2837,787,3624
2803,821,3624
2801,823,3624
2797,827,3624
2767,857,3624
2741,883,3624
2713,911,3624
2687,937,3624
2683,941,3624
2677,947,3624
2671,953,3624
2657,967,3624
2647,977,3624
2633,991,3624
2593,1031,3624
2591,1033,3624
2531,1093,3624
2521,1103,3624
2473,1151,3624
2437,1187,3624
2423,1201,3624
2411,1213,3624
2393,1231,3624
2347,1277,3624
2341,1283,3624
2333,1291,3624
2297,1327,3624
2251,1373,3624
2243,1381,3624
2153,1471,3624
2143,1481,3624
2141,1483,3624
2137,1487,3624
2131,1493,3624
2113,1511,3624
2081,1543,3624
2053,1571,3624
2027,1597,3624
2017,1607,3624
2011,1613,3624
2003,1621,3624
1997,1627,3624
1987,1637,3624
1931,1693,3624
1901,1723,3624
1877,1747,3624
1871,1753,3624
1847,1777,3624
1823,1801,3624
3623,3,3626
3613,13,3626
3607,19,3626
3583,43,3626
3559,67,3626
3547,79,3626
3529,97,3626
3517,109,3626
3499,127,3626
3469,157,3626
3463,163,3626
3433,193,3626
3343,283,3626
3319,307,3626
3313,313,3626
3259,367,3626
3253,373,3626
3229,397,3626
3217,409,3626
3187,439,3626
3169,457,3626
3163,463,3626
3079,547,3626
3049,577,3626
3019,607,3626
2953,673,3626
2917,709,3626
2887,739,3626
2857,769,3626
2803,823,3626
2797,829,3626
2767,859,3626
2749,877,3626
2719,907,3626
2707,919,3626
2689,937,3626
2659,967,3626
2617,1009,3626
2593,1033,3626
2557,1069,3626
2539,1087,3626
2503,1123,3626
2473,1153,3626
2389,1237,3626
2377,1249,3626
2347,1279,3626
2203,1423,3626
2179,1447,3626
2143,1483,3626
2137,1489,3626
2083,1543,3626
2029,1597,3626
2017,1609,3626
1999,1627,3626
1933,1693,3626
1879,1747,3626
1873,1753,3626
1867,1759,3626
3623,5,3628
3617,11,3628
3581,47,3628
3557,71,3628
3539,89,3628
3527,101,3628
3491,137,3628
3461,167,3628
3449,179,3628
3389,239,3628
3371,257,3628
3359,269,3628
3347,281,3628
3209,419,3628
3167,461,3628
3137,491,3628
3119,509,3628
3041,587,3628
3011,617,3628
2969,659,3628
2927,701,3628
2909,719,3628
2819,809,3628
2801,827,3628
2789,839,3628
2741,887,3628
2699,929,3628
2687,941,3628
2657,971,3628
2609,1019,3628
2579,1049,3628
2531,1097,3628
2477,1151,3628
2447,1181,3628
2441,1187,3628
2411,1217,3628
2399,1229,3628
2351,1277,3628
2339,1289,3628
2309,1319,3628
2267,1361,3628
2141,1487,3628
2129,1499,3628
2069,1559,3628
2027,1601,3628
1931,1697,3628
1907,1721,3628
3623,7,3630
3617,13,3630
3613,17,3630
3607,23,3630
3593,37,3630
3583,47,3630
3571,59,3630
3559,71,3630
3557,73,3630
3547,83,3630
3541,89,3630
3533,97,3630
3529,101,3630
3527,103,3630
3517,113,3630
3499,131,3630
3491,139,3630
3467,163,3630
3463,167,3630
3457,173,3630
3449,181,3630
3433,197,3630
3407,223,3630
3391,239,3630
3389,241,3630
3373,257,3630
3361,269,3630
3359,271,3630
3347,283,3630
3323,307,3630
3319,311,3630
3313,317,3630
3299,331,3630
3271,359,3630
3257,373,3630
3251,379,3630
3229,401,3630
3221,409,3630
3209,421,3630
3191,439,3630
3187,443,3630
3181,449,3630
3169,461,3630
3167,463,3630
3163,467,3630
3121,509,3630
3109,521,3630
3089,541,3630
3083,547,3630
3067,563,3630
3061,569,3630
3037,593,3630
3023,607,3630
3011,619,3630
2999,631,3630
2971,659,3630
2969,661,3630
2957,673,3630
2953,677,3630
2939,691,3630
2903,727,3630
2897,733,3630
2887,743,3630
2879,751,3630
2861,769,3630
2857,773,3630
2843,787,3630
2833,797,3630
2819,811,3630
2803,827,3630
2801,829,3630
2791,839,3630
2777,853,3630
2767,863,3630
2753,877,3630
2749,881,3630
2719,911,3630
2711,919,3630
2693,937,3630
2689,941,3630
2683,947,3630
2677,953,3630
2663,967,3630
2659,971,3630
2647,983,3630
2633,997,3630
2621,1009,3630
2617,1013,3630
2609,1021,3630
2591,1039,3630
2579,1051,3630
2543,1087,3630
2539,1091,3630
2521,1109,3630
2477,1153,3630
2467,1163,3630
2459,1171,3630
2437,1193,3630
2417,1213,3630
2399,1231,3630
2393,1237,3630
2381,1249,3630
2371,1259,3630
2351,1279,3630
2347,1283,3630
2341,1289,3630
2339,1291,3630
2333,1297,3630
2311,1319,3630
2309,1321,3630
2269,1361,3630
2221,1409,3630
2207,1423,3630
2203,1427,3630
2179,1451,3630
2143,1487,3630
2141,1489,3630
2137,1493,3630
2131,1499,3630
2099,1531,3630
2087,1543,3630
2081,1549,3630
2063,1567,3630
2029,1601,3630
2017,1613,3630
2011,1619,3630
2003,1627,3630
1993,1637,3630
1973,1657,3630
1933,1697,3630
1931,1699,3630
1907,1723,3630
1889,1741,3630
1877,1753,3630
1871,1759,3630
1847,1783,3630
3613,19,3632
3571,61,3632
3559,73,3632
3529,103,3632
3469,163,3632
3433,199,3632
3391,241,3632
3361,271,3632
3319,313,3632
3301,331,3632
3259,373,3632
3253,379,3632
3169,463,3632
3109,523,3632
3061,571,3632
3019,613,3632
3001,631,3632
2971,661,3632
2803,829,3632
2749,883,3632
2713,919,3632
2593,1039,3632
2539,1093,3632
2503,1129,3632
2383,1249,3632
2341,1291,3632
2311,1321,3632
2251,1381,3632
2203,1429,3632
2179,1453,3632
2161,1471,3632
2143,1489,3632
2089,1543,3632
2083,1549,3632
2053,1579,3632
2011,1621,3632
1933,1699,3632
1879,1753,3632
1873,1759,3632
1831,1801,3632
3631,3,3634
3623,11,3634
3617,17,3634
3593,41,3634
3581,53,3634
3533,101,3634
3527,107,3634
3467,167,3634
3461,173,3634
3407,227,3634
3371,263,3634
3323,311,3634
3251,383,3634
3203,431,3634
3191,443,3634
3167,467,3634
3041,593,3634
2957,677,3634
2861,773,3634
2837,797,3634
2777,857,3634
2753,881,3634
2693,941,3634
2687,947,3634
2663,971,3634
2657,977,3634
2621,1013,3634
2543,1091,3634
2531,1103,3634
2447,1187,3634
2441,1193,3634
2417,1217,3634
2411,1223,3634
2357,1277,3634
2351,1283,3634
2333,1301,3634
2273,1361,3634
2267,1367,3634
2207,1427,3634
2153,1481,3634
2141,1493,3634
2111,1523,3634
2081,1553,3634
2063,1571,3634
2027,1607,3634
1997,1637,3634
1913,1721,3634
1901,1733,3634
1847,1787,3634
1823,1811,3634
3631,5,3636
3623,13,3636
3617,19,3636
3613,23,3636
3607,29,3636
3593,43,3636
3583,53,3636
3557,79,3636
3547,89,3636
3539,97,3636
3533,103,3636
3529,107,3636
3527,109,3636
3499,137,3636
3469,167,3636
3463,173,3636
3457,179,3636
3413,223,3636
3407,229,3636
3373,263,3636
3359,277,3636
3343,293,3636
3329,307,3636
3323,313,3636
3319,317,3636
3299,337,3636
3257,379,3636
3253,383,3636
3217,419,3636
3203,433,3636
3187,449,3636
3169,467,3636
3137,499,3636
3089,547,3636
3079,557,3636
3067,569,3636
3049,587,3636
3037,599,3636
3023,613,3636
3019,617,3636
2963,673,3636
2953,683,3636
2927,709,3636
2917,719,3636
2909,727,3636
2903,733,3636
2897,739,3636
2879,757,3636
2797,839,3636
2777,859,3636
2753,883,3636
2749,887,3636
2729,907,3636
2707,929,3636
2699,937,3636
2689,947,3636
2683,953,3636
2659,977,3636
2617,1019,3636
2549,1087,3636
2543,1093,3636
2539,1097,3636
2473,1163,3636
2423,1213,3636
2399,1237,3636
2377,1259,3636
2357,1279,3636
2347,1289,3636
2339,1297,3636
2333,1303,3636
2309,1327,3636
2269,1367,3636
2237,1399,3636
2213,1423,3636
2207,1429,3636
2203,1433,3636
2153,1483,3636
2143,1493,3636
2137,1499,3636
2113,1523,3636
2087,1549,3636
2083,1553,3636
2069,1567,3636
2053,1583,3636
2039,1597,3636
2029,1607,3636
2027,1609,3636
2017,1619,3636
1999,1637,3636
1979,1657,3636
1973,1663,3636
1913,1723,3636
1889,1747,3636
1877,1759,3636
1847,1789,3636
3631,7,3638
3607,31,3638
3571,67,3638
3559,79,3638
3541,97,3638
3529,109,3638
3511,127,3638
3499,139,3638
3457,181,3638
3361,277,3638
3331,307,3638
3307,331,3638
3301,337,3638
3271,367,3638
3259,379,3638
3229,409,3638
3217,421,3638
3181,457,3638
3067,571,3638
3061,577,3638
3037,601,3638
3019,619,3638
2887,751,3638
2851,787,3638
2731,907,3638
2719,919,3638
2671,967,3638
2647,991,3638
2617,1021,3638
2551,1087,3638
2521,1117,3638
2467,1171,3638
2437,1201,3638
2389,1249,3638
2347,1291,3638
2341,1297,3638
2311,1327,3638
2239,1399,3638
2179,1459,3638
2089,1549,3638
2029,1609,3638
2017,1621,3638
2011,1627,3638
1879,1759,3638
1861,1777,3638
3637,3,3640
3623,17,3640
3617,23,3640
3593,47,3640
3581,59,3640
3557,83,3640
3539,101,3640
3533,107,3640
3527,113,3640
3491,149,3640
3467,173,3640
3461,179,3640
3449,191,3640
3413,227,3640
3407,233,3640
3389,251,3640
3371,269,3640
3359,281,3640
3347,293,3640
3329,311,3640
3323,317,3640
3257,383,3640
3251,389,3640
3221,419,3640
3209,431,3640
3191,449,3640
3137,503,3640
3119,521,3640
3083,557,3640
3041,599,3640
3023,617,3640
2999,641,3640
2963,677,3640
2957,683,3640
2939,701,3640
2897,743,3640
2879,761,3640
2843,797,3640
2819,821,3640
2801,839,3640
2777,863,3640
2753,887,3640
2729,911,3640
2711,929,3640
2699,941,3640
2693,947,3640
2687,953,3640
2663,977,3640
2657,983,3640
2621,1019,3640
2609,1031,3640
2591,1049,3640
2579,1061,3640
2549,1091,3640
2543,1097,3640
2531,1109,3640
2477,1163,3640
2459,1181,3640
2447,1193,3640
2423,1217,3640
2417,1223,3640
2411,1229,3640
2381,1259,3640
2357,1283,3640
2351,1289,3640
2339,1301,3640
2333,1307,3640
2273,1367,3640
2267,1373,3640
2213,1427,3640
2207,1433,3640
2153,1487,3640
2141,1499,3640
2129,1511,3640
2087,1553,3640
2081,1559,3640
2069,1571,3640
2039,1601,3640
2027,1613,3640
2003,1637,3640
1973,1667,3640
1931,1709,3640
1907,1733,3640
3637,5,3642
3631,11,3642
3623,19,3642
3613,29,3642
3583,59,3642
3581,61,3642
3571,71,3642
3559,83,3642
3541,101,3642
3539,103,3642
3533,109,3642
3529,113,3642
3511,131,3642
3491,151,3642
3469,173,3642
3463,179,3642
3461,181,3642
3449,193,3642
3413,229,3642
3391,251,3642
3373,269,3642
3371,271,3642
3361,281,3642
3359,283,3642
3331,311,3642
3329,313,3642
3259,383,3642
3253,389,3642
3221,421,3642
3209,433,3642
3203,439,3642
3181,461,3642
3163,479,3642
3121,521,3642
3119,523,3642
3079,563,3642
3049,593,3642
3041,601,3642
3023,619,3642
3011,631,3642
3001,641,3642
2999,643,3642
2969,673,3642
2909,733,3642
2903,739,3642
2833,809,3642
2819,823,3642
2803,839,3642
2789,853,3642
2731,911,3642
2713,929,3642
2689,953,3642
2671,971,3642
2659,983,3642
2633,1009,3642
2621,1021,3642
2609,1033,3642
2593,1049,3642
2591,1051,3642
2579,1063,3642
2551,1091,3642
2549,1093,3642
2539,1103,3642
2441,1201,3642
2411,1231,3642
2393,1249,3642
2383,1259,3642
2351,1291,3642
2341,1301,3642
2339,1303,3642
2281,1361,3642
2269,1373,3642
2243,1399,3642
2213,1429,3642
2203,1439,3642
2161,1481,3642
2153,1489,3642
2143,1499,3642
2131,1511,3642
2111,1531,3642
2099,1543,3642
2089,1553,3642
2083,1559,3642
2063,1579,3642
2029,1613,3642
1979,1663,3642
1973,1669,3642
1949,1693,3642
1933,1709,3642
1901,1741,3642
1889,1753,3642
1831,1811,3642
3637,7,3644
3631,13,3644
3613,31,3644
3607,37,3644
3583,61,3644
3571,73,3644
3547,97,3644
3541,103,3644
3517,127,3644
3463,181,3644
3433,211,3644
3373,271,3644
3361,283,3644
3331,313,3644
3313,331,3644
3307,337,3644
3271,373,3644
3187,457,3644
3181,463,3644
3121,523,3644
3067,577,3644
3037,607,3644
3001,643,3644
2971,673,3644
2953,691,3644
2917,727,3644
2887,757,3644
2857,787,3644
2833,811,3644
2791,853,3644
2767,877,3644
2707,937,3644
2677,967,3644
2647,997,3644
2593,1051,3644
2557,1087,3644
2551,1093,3644
2521,1123,3644
2473,1171,3644
2347,1297,3644
2341,1303,3644
2221,1423,3644
2161,1483,3644
2113,1531,3644
2017,1627,3644
1987,1657,3644
1951,1693,3644
1867,1777,3644
1861,1783,3644
3643,3,3646
3623,23,3646
3617,29,3646
3593,53,3646
3557,89,3646
3539,107,3646
3533,113,3646
3467,179,3646
3449,197,3646
3413,233,3646
3407,239,3646
3389,257,3646
3329,317,3646
3299,347,3646
3257,389,3646
3203,443,3646
3167,479,3646
3137,509,3646
3089,557,3646
3083,563,3646
2999,647,3646
2969,677,3646
2963,683,3646
2927,719,3646
2903,743,3646
2837,809,3646
2819,827,3646
2789,857,3646
2699,947,3646
2693,953,3646
2663,983,3646
2633,1013,3646
2549,1097,3646
2543,1103,3646
2459,1187,3646
2423,1223,3646
2417,1229,3646
2357,1289,3646
2339,1307,3646
2273,1373,3646
2237,1409,3646
2213,1433,3646
2207,1439,3646
2153,1493,3646
2087,1559,3646
2063,1583,3646
2039,1607,3646
2027,1619,3646
1979,1667,3646
1949,1697,3646
1913,1733,3646
1823,1823,3646
3643,5,3648
3637,11,3648
3631,17,3648
3617,31,3648
3607,41,3648
3581,67,3648
3559,89,3648
3547,101,3648
3541,107,3648
3539,109,3648
3517,131,3648
3511,137,3648
3499,149,3648
3491,157,3648
3469,179,3648
3467,181,3648
3457,191,3648
3449,199,3648
3407,241,3648
3391,257,3648
3371,277,3648
3331,317,3648
3301,347,3648
3299,349,3648
3259,389,3648
3251,397,3648
3229,419,3648
3217,431,3648
3209,439,3648
3191,457,3648
3187,461,3648
3181,467,3648
3169,479,3648
3079,569,3648
3061,587,3648
3049,599,3648
3041,607,3648
3001,647,3648
2971,677,3648
2957,691,3648
2939,709,3648
2909,739,3648
2897,751,3648
2887,761,3648
2879,769,3648
2861,787,3648
2851,797,3648
2837,811,3648
2819,829,3648
2791,857,3648
2789,859,3648
2767,881,3648
2741,907,3648
2729,919,3648
2719,929,3648
2711,937,3648
2707,941,3648
2677,971,3648
2671,977,3648
2657,991,3648
2617,1031,3648
2609,1039,3648
2579,1069,3648
2557,1091,3648
2551,1097,3648
2539,1109,3648
2531,1117,3648
2477,1171,3648
2467,1181,3648
2447,1201,3648
2417,1231,3648
2411,1237,3648
2399,1249,3648
2389,1259,3648
2371,1277,3648
2357,1291,3648
2351,1297,3648
2347,1301,3648
2341,1307,3648
2287,1361,3648
2281,1367,3648
2267,1381,3648
2239,1409,3648
2221,1427,3648
2161,1487,3648
2137,1511,3648
2099,1549,3648
2089,1559,3648
2081,1567,3648
2069,1579,3648
2039,1609,3648
2029,1619,3648
2027,1621,3648
2011,1637,3648
1979,1669,3648
1951,1697,3648
1949,1699,3648
1907,1741,3648
1901,1747,3648
1889,1759,3648
1871,1777,3648
1861,1787,3648
1847,1801,3648
3643,7,3650
3637,13,3650
3631,19,3650
3613,37,3650
3607,43,3650
3583,67,3650
3571,79,3650
3547,103,3650
3541,109,3650
3511,139,3650
3499,151,3650
3469,181,3650
3457,193,3650
3373,277,3650
3343,307,3650
3319,331,3650
3313,337,3650
3301,349,3650
3271,379,3650
3253,397,3650
3229,421,3650
3217,433,3650
3187,463,3650
3163,487,3650
3109,541,3650
3079,571,3650
3049,601,3650
3037,613,3650
3019,631,3650
2917,733,3650
2797,853,3650
2791,859,3650
2767,883,3650
2731,919,3650
2713,937,3650
2683,967,3650
2659,991,3650
2617,1033,3650
2557,1093,3650
2521,1129,3650
2437,1213,3650
2371,1279,3650
2347,1303,3650
2269,1381,3650
2251,1399,3650
2221,1429,3650
2203,1447,3650
2179,1471,3650
2161,1489,3650
2083,1567,3650
2053,1597,3650
2029,1621,3650
1993,1657,3650
1987,1663,3650
1951,1699,3650
1873,1777,3650
1867,1783,3650
1861,1789,3650
3623,29,3652
3593,59,3652
3581,71,3652
3539,113,3652
3461,191,3652
3413,239,3652
3389,263,3652
3371,281,3652
3359,293,3652
3299,353,3652
3251,401,3652
3221,431,3652
3209,443,3652
3203,449,3652
3191,461,3652
3089,563,3652
3083,569,3652
3011,641,3652
2999,653,3652
2969,683,3652
2909,743,3652
2879,773,3652
2843,809,3652
2789,863,3652
2741,911,3652
2711,941,3652
2699,953,3652
2633,1019,3652
2621,1031,3652
2591,1061,3652
2549,1103,3652
2543,1109,3652
2459,1193,3652
2423,1229,3652
2393,1259,3652
2351,1301,3652
2333,1319,3652
2243,1409,3652
2213,1439,3652
2153,1499,3652
2141,1511,3652
2129,1523,3652
2099,1553,3652
2081,1571,3652
2069,1583,3652
2039,1613,3652
1931,1721,3652
3643,11,3654
3637,17,3654
3631,23,3654
3623,31,3654
3617,37,3654
3613,41,3654
3607,47,3654
3593,61,3654
3583,71,3654
3581,73,3654
3571,83,3654
3557,97,3654
3547,107,3654
3541,113,3654
3527,127,3654
3517,137,3654
3491,163,3654
3463,191,3654
3461,193,3654
3457,197,3654
3413,241,3654
3391,263,3654
3373,281,3654
3371,283,3654
3361,293,3654
3347,307,3654
3343,311,3654
3323,331,3654
3307,347,3654
3301,353,3654
3271,383,3654
3257,397,3654
3253,401,3654
3221,433,3654
3191,463,3654
3187,467,3654
3167,487,3654
3163,491,3654
3083,571,3654
3067,587,3654
3061,593,3654
3041,613,3654
3037,617,3654
3023,631,3654
3011,643,3654
3001,653,3654
2971,683,3654
2963,691,3654
2953,701,3654
2927,727,3654
2903,751,3654
2897,757,3654
2857,797,3654
2843,811,3654
2833,821,3654
2801,853,3654
2797,857,3654
2791,863,3654
2777,877,3654
2767,887,3654
2713,941,3654
2707,947,3654
2687,967,3654
2683,971,3654
2677,977,3654
2671,983,3654
2663,991,3654
2657,997,3654
2633,1021,3654
2621,1033,3654
2593,1061,3654
2591,1063,3654
2557,1097,3654
2551,1103,3654
2531,1123,3654
2503,1151,3654
2473,1181,3654
2467,1187,3654
2441,1213,3654
2437,1217,3654
2423,1231,3654
2417,1237,3654
2377,1277,3654
2371,1283,3654
2357,1297,3654
2351,1303,3654
2347,1307,3654
2333,1321,3654
2293,1361,3654
2287,1367,3654
2281,1373,3654
2273,1381,3654
2221,1433,3654
2207,1447,3654
2203,1451,3654
2161,1493,3654
2143,1511,3654
2131,1523,3654
2111,1543,3654
2087,1567,3654
2083,1571,3654
2053,1601,3654
2027,1627,3654
2017,1637,3654
1997,1657,3654
1987,1667,3654
1933,1721,3654
1931,1723,3654
1913,1741,3654
1907,1747,3654
1901,1753,3654
1877,1777,3654
1871,1783,3654
1867,1787,3654
1831,1823,3654
3643,13,3656
3637,19,3656
3613,43,3656
3583,73,3656
3559,97,3656
3547,109,3656
3529,127,3656
3517,139,3656
3499,157,3656
3463,193,3656
3457,199,3656
3433,223,3656
3373,283,3656
3343,313,3656
3319,337,3656
3307,349,3656
3259,397,3656
3217,439,3656
3169,487,3656
3109,547,3656
3079,577,3656
3049,607,3656
3037,619,3656
2917,739,3656
2887,769,3656
2833,823,3656
2803,853,3656
2797,859,3656
2749,907,3656
2719,937,3656
2689,967,3656
2659,997,3656
2647,1009,3656
2617,1039,3656
2593,1063,3656
2539,1117,3656
2503,1153,3656
2377,1279,3656
2203,1453,3656
2113,1543,3656
2089,1567,3656
2029,1627,3656
1999,1657,3656
1993,1663,3656
1987,1669,3656
1933,1723,3656
1879,1777,3656
1873,1783,3656
1867,1789,3656
3617,41,3658
3557,101,3658
3527,131,3658
3491,167,3658
3467,191,3658
3461,197,3658
3407,251,3658
3389,269,3658
3347,311,3658
3299,359,3658
3257,401,3658
3209,449,3658
3191,467,3658
3167,491,3658
3137,521,3658
3089,569,3658
3041,617,3658
3011,647,3658
2999,659,3658
2957,701,3658
2939,719,3658
2897,761,3658
2861,797,3658
2837,821,3658
2819,839,3658
2801,857,3658
2777,881,3658
2729,929,3658
2711,947,3658
2687,971,3658
2609,1049,3658
2549,1109,3658
2477,1181,3658
2441,1217,3658
2399,1259,3658
2381,1277,3658
2357,1301,3658
2351,1307,3658
2339,1319,3658
2297,1361,3658
2207,1451,3658
2099,1559,3658
2087,1571,3658
2039,1619,3658
1949,1709,3658
1871,1787,3658
1847,1811,3658
3643,17,3660
3637,23,3660
3631,29,3660
3623,37,3660
3617,43,3660
3613,47,3660
3607,53,3660
3593,67,3660
3581,79,3660
3571,89,3660
3559,101,3660
3557,103,3660
3547,113,3660
3533,127,3660
3529,131,3660
3511,149,3660
3469,191,3660
3467,193,3660
3463,197,3660
3461,199,3660
3449,211,3660
3433,227,3660
3391,269,3660
3389,271,3660
3347,313,3660
3343,317,3660
3329,331,3660
3323,337,3660
3313,347,3660
3307,353,3660
3301,359,3660
3271,389,3660
3259,401,3660
3251,409,3660
3229,431,3660
3221,439,3660
3217,443,3660
3203,457,3660
3181,479,3660
3169,491,3660
3137,523,3660
3119,541,3660
3089,571,3660
3083,577,3660
3067,593,3660
3061,599,3660
3041,619,3660
3019,641,3660
3001,659,3660
2999,661,3660
2969,691,3660
2927,733,3660
2917,743,3660
2909,751,3660
2903,757,3660
2887,773,3660
2851,809,3660
2837,823,3660
2833,827,3660
2803,857,3660
2801,859,3660
2797,863,3660
2777,883,3660
2753,907,3660
2749,911,3660
2741,919,3660
2731,929,3660
2719,941,3660
2713,947,3660
2707,953,3660
2693,967,3660
2689,971,3660
2683,977,3660
2677,983,3660
2663,997,3660
2647,1013,3660
2621,1039,3660
2609,1051,3660
2591,1069,3660
2557,1103,3660
2551,1109,3660
2543,1117,3660
2531,1129,3660
2473,1187,3660
2467,1193,3660
2459,1201,3660
2447,1213,3660
2437,1223,3660
2423,1237,3660
2411,1249,3660
2383,1277,3660
2381,1279,3660
2377,1283,3660
2371,1289,3660
2357,1303,3660
2341,1319,3660
2339,1321,3660
2333,1327,3660
2293,1367,3660
2287,1373,3660
2251,1409,3660
2237,1423,3660
2221,1439,3660
2213,1447,3660
2207,1453,3660
2179,1481,3660
2161,1499,3660
2137,1523,3660
2129,1531,3660
2111,1549,3660
2089,1571,3660
2081,1579,3660
2063,1597,3660
2053,1607,3660
2039,1621,3660
2003,1657,3660
1997,1663,3660
1993,1667,3660
1951,1709,3660
1913,1747,3660
1907,1753,3660
1901,1759,3660
1877,1783,3660
1873,1787,3660
1871,1789,3660
3659,3,3662
3643,19,3662
3631,31,3662
3583,79,3662
3559,103,3662
3511,151,3662
3499,163,3662
3469,193,3662
3463,199,3662
3433,229,3662
3391,271,3662
3331,331,3662
3313,349,3662
3253,409,3662
3229,433,3662
3163,499,3662
3121,541,3662
3061,601,3662
3049,613,3662
3019,643,3662
3001,661,3662
2971,691,3662
2953,709,3662
2851,811,3662
2833,829,3662
2803,859,3662
2671,991,3662
2593,1069,3662
2539,1123,3662
2383,1279,3662
2371,1291,3662
2341,1321,3662
2281,1381,3662
2239,1423,3662
2203,1459,3662
2179,1483,3662
2131,1531,3662
2113,1549,3662
2083,1579,3662
2053,1609,3662
1999,1663,3662
1993,1669,3662
1879,1783,3662
1873,1789,3662
1861,1801,3662
1831,1831,3662
3659,5,3664
3623,41,3664
3617,47,3664
3593,71,3664
3581,83,3664
3557,107,3664
3533,131,3664
3527,137,3664
3491,173,3664
3467,197,3664
3413,251,3664
3407,257,3664
3371,293,3664
3347,317,3664
3221,443,3664
3203,461,3664
3023,641,3664
3011,653,3664
2963,701,3664
2903,761,3664
2843,821,3664
2837,827,3664
2801,863,3664
2777,887,3664
2753,911,3664
2711,953,3664
2693,971,3664
2687,977,3664
2633,1031,3664
2477,1187,3664
2447,1217,3664
2441,1223,3664
2381,1283,3664
2357,1307,3664
2297,1367,3664
2237,1427,3664
2213,1451,3664
2153,1511,3664
2141,1523,3664
2111,1553,3664
2081,1583,3664
2063,1601,3664
2027,1637,3664
1997,1667,3664
1931,1733,3664
1877,1787,3664
3659,7,3666
3643,23,3666
3637,29,3666
3623,43,3666
3613,53,3666
3607,59,3666
3593,73,3666
3583,83,3666
3559,107,3666
3557,109,3666
3539,127,3666
3529,137,3666
3527,139,3666
3517,149,3666
3499,167,3666
3469,197,3666
3467,199,3666
3433,233,3666
3389,277,3666
3373,293,3666
3359,307,3666
3329,337,3666
3319,347,3666
3313,353,3666
3307,359,3666
3299,367,3666
3257,409,3666
3217,449,3666
3209,457,3666
3203,463,3666
3187,479,3666
3167,499,3666
3163,503,3666
3119,547,3666
3109,557,3666
3089,577,3666
3079,587,3666
3067,599,3666
3049,617,3666
3023,643,3666
3019,647,3666
2957,709,3666
2939,727,3666
2927,739,3666
2909,757,3666
2897,769,3666
2879,787,3666
2857,809,3666
2843,823,3666
2837,829,3666
2803,863,3666
2789,877,3666
2729,937,3666
2719,947,3666
2713,953,3666
2699,967,3666
2689,977,3666
2683,983,3666
2657,1009,3666
2647,1019,3666
2633,1033,3666
2617,1049,3666
2579,1087,3666
2557,1109,3666
2549,1117,3666
2543,1123,3666
2503,1163,3666
2473,1193,3666
2437,1229,3666
2417,1249,3666
2389,1277,3666
2383,1283,3666
2377,1289,3666
2347,1319,3666
2339,1327,3666
2293,1373,3666
2267,1399,3666
2243,1423,3666
2239,1427,3666
2237,1429,3666
2213,1453,3666
2207,1459,3666
2179,1487,3666
2143,1523,3666
2113,1553,3666
2099,1567,3666
2087,1579,3666
2083,1583,3666
2069,1597,3666
2053,1613,3666
2039,1627,3666
2029,1637,3666
2003,1663,3666
1999,1667,3666
1997,1669,3666
1973,1693,3666
1933,1733,3666
1913,1753,3666
1907,1759,3666
1889,1777,3666
1879,1787,3666
1877,1789,3666
3637,31,3668
3631,37,3668
3607,61,3668
3571,97,3668
3559,109,3668
3541,127,3668
3529,139,3668
3517,151,3668
3511,157,3668
3469,199,3668
3457,211,3668
3391,277,3668
3361,307,3668
3331,337,3668
3319,349,3668
3301,367,3668
3271,397,3668
3259,409,3668
3229,439,3668
3181,487,3668
3169,499,3668
3121,547,3668
3067,601,3668
3061,607,3668
3049,619,3668
3037,631,3668
2917,751,3668
2857,811,3668
2791,877,3668
2749,919,3668
2731,937,3668
2677,991,3668
2671,997,3668
2659,1009,3668
2647,1021,3668
2617,1051,3668
2551,1117,3668
2539,1129,3668
2467,1201,3668
2437,1231,3668
2389,1279,3668
2377,1291,3668
2371,1297,3668
2347,1321,3668
2341,1327,3668
2287,1381,3668
2269,1399,3668
2239,1429,3668
2221,1447,3668
2179,1489,3668
2137,1531,3668
2089,1579,3668
2011,1657,3668
1999,1669,3668
1879,1789,3668
1867,1801,3668
3659,11,3670
3623,47,3670
3617,53,3670
3581,89,3670
3557,113,3670
3539,131,3670
3533,137,3670
3491,179,3670
3413,257,3670
3407,263,3670
3389,281,3670
3359,311,3670
3323,347,3670
3251,419,3670
3221,449,3670
3209,461,3670
3203,467,3670
3191,479,3670
3167,503,3670
3083,587,3670
3023,647,3670
3011,659,3670
2969,701,3670
2927,743,3670
2909,761,3670
2897,773,3670
2861,809,3670
2843,827,3670
2789,881,3670
2741,929,3670
2729,941,3670
2699,971,3670
2693,977,3670
2687,983,3670
2657,1013,3670
2621,1049,3670
2609,1061,3670
2579,1091,3670
2477,1193,3670
2447,1223,3670
2441,1229,3670
2411,1259,3670
2393,1277,3670
2381,1289,3670
2351,1319,3670
2309,1361,3670
2297,1373,3670
2243,1427,3670
2237,1433,3670
2111,1559,3670
2099,1571,3670
2087,1583,3670
2069,1601,3670
2063,1607,3670
2003,1667,3670
1973,1697,3670
1949,1721,3670
1847,1823,3670
3659,13,3672
3643,29,3672
3631,41,3672
3613,59,3672
3593,79,3672
3583,89,3672
3571,101,3672
3559,113,3672
3541,131,3672
3533,139,3672
3499,173,3672
3491,181,3672
3461,211,3672
3449,223,3672
3433,239,3672
3391,281,3672
3389,283,3672
3361,311,3672
3359,313,3672
3323,349,3672
3319,353,3672
3313,359,3672
3299,373,3672
3271,401,3672
3253,419,3672
3251,421,3672
3229,443,3672
3209,463,3672
3181,491,3672
3169,503,3672
3163,509,3672
3109,563,3672
3079,593,3672
3041,631,3672
3019,653,3672
3011,661,3672
2999,673,3672
2971,701,3672
2963,709,3672
2953,719,3672
2939,733,3672
2903,769,3672
2861,811,3672
2851,821,3672
2843,829,3672
2833,839,3672
2819,853,3672
2791,881,3672
2789,883,3672
2753,919,3672
2731,941,3672
2719,953,3672
2689,983,3672
2663,1009,3672
2659,1013,3672
2633,1039,3672
2621,1051,3672
2609,1063,3672
2579,1093,3672
2549,1123,3672
2543,1129,3672
2521,1151,3672
2459,1213,3672
2441,1231,3672
2423,1249,3672
2393,1279,3672
2389,1283,3672
2383,1289,3672
2381,1291,3672
2371,1301,3672
2351,1321,3672
2311,1361,3672
2273,1399,3672
2243,1429,3672
2239,1433,3672
2221,1451,3672
2213,1459,3672
2179,1493,3672
2161,1511,3672
2141,1531,3672
2129,1543,3672
2113,1559,3672
2089,1583,3672
2063,1609,3672
2053,1619,3672
2003,1669,3672
1979,1693,3672
1973,1699,3672
1951,1721,3672
1949,1723,3672
1931,1741,3672
1913,1759,3672
1889,1783,3672
1871,1801,3672
1861,1811,3672
3671,3,3674
3643,31,3674
3637,37,3674
3631,43,3674
3613,61,3674
3607,67,3674
3571,103,3674
3547,127,3674
3517,157,3674
3511,163,3674
3463,211,3674
3433,241,3674
3391,283,3674
3361,313,3674
3343,331,3674
3307,367,3674
3301,373,3674
3253,421,3674
3217,457,3674
3187,487,3674
3067,607,3674
3061,613,3674
3001,673,3674
2917,757,3674
2887,787,3674
2851,823,3674
2797,877,3674
2791,883,3674
2767,907,3674
2707,967,3674
2683,991,3674
2677,997,3674
2557,1117,3674
2551,1123,3674
2521,1153,3674
2503,1171,3674
2473,1201,3674
2437,1237,3674
2383,1291,3674
2377,1297,3674
2371,1303,3674
2347,1327,3674
2293,1381,3674
2251,1423,3674
2221,1453,3674
2203,1471,3674
2143,1531,3674
2131,1543,3674
2053,1621,3674
2017,1657,3674
2011,1663,3674
1951,1723,3674
1933,1741,3674
1873,1801,3674
3673,3,3676
3671,5,3676
3659,17,3676
3623,53,3676
3617,59,3676
3593,83,3676
3539,137,3676
3527,149,3676
3449,227,3676
3413,263,3676
3407,269,3676
3359,317,3676
3329,347,3676
3323,353,3676
3257,419,3676
3209,467,3676
3167,509,3676
3119,557,3676
3089,587,3676
3083,593,3676
3023,653,3676
2999,677,3676
2957,719,3676
2903,773,3676
2879,797,3676
2837,839,3676
2819,857,3676
2789,887,3676
2729,947,3676
2699,977,3676
2693,983,3676
2663,1013,3676
2657,1019,3676
2579,1097,3676
2459,1217,3676
2447,1229,3676
2417,1259,3676
2399,1277,3676
2393,1283,3676
2357,1319,3676
2309,1367,3676
2267,1409,3676
2243,1433,3676
2237,1439,3676
2153,1523,3676
2069,1607,3676
2063,1613,3676
2039,1637,3676
1979,1697,3676
1889,1787,3676
3673,5,3678
3671,7,3678
3659,19,3678
3637,41,3678
3631,47,3678
3617,61,3678
3607,71,3678
3581,97,3678
3571,107,3678
3547,131,3678
3541,137,3678
3539,139,3678
3529,149,3678
3527,151,3678
3511,167,3678
3499,179,3678
3467,211,3678
3449,229,3678
3407,271,3678
3371,307,3678
3361,317,3678
3347,331,3678
3331,347,3678
3329,349,3678
3319,359,3678
3299,379,3678
3259,419,3678
3257,421,3678
3229,449,3678
3221,457,3678
3217,461,3678
3191,487,3678
3187,491,3678
3169,509,3678
3137,541,3678
3121,557,3678
3109,569,3678
3079,599,3678
3061,617,3678
3037,641,3678
3019,659,3678
3001,677,3678
2969,709,3678
2939,739,3678
2927,751,3678
2917,761,3678
2909,769,3678
2857,821,3678
2851,827,3678
2819,859,3678
2801,877,3678
2797,881,3678
2791,887,3678
2767,911,3678
2749,929,3678
2741,937,3678
2731,947,3678
2711,967,3678
2707,971,3678
2687,991,3678
2659,1019,3678
2657,1021,3678
2647,1031,3678
2617,1061,3678
2609,1069,3678
2591,1087,3678
2549,1129,3678
2477,1201,3678
2447,1231,3678
2441,1237,3678
2399,1279,3678
2389,1289,3678
2381,1297,3678
2377,1301,3678
2371,1307,3678
2357,1321,3678
2351,1327,3678
2311,1367,3678
2297,1381,3678
2269,1409,3678
2251,1427,3678
2239,1439,3678
2207,1471,3678
2179,1499,3678
2129,1549,3678
2111,1567,3678
2099,1579,3678
2081,1597,3678
2069,1609,3678
2011,1667,3678
1979,1699,3678
1931,1747,3678
1901,1777,3678
1889,1789,3678
1877,1801,3678
1867,1811,3678
1847,1831,3678
3677,3,3680
3673,7,3680
3643,37,3680
3637,43,3680
3613,67,3680
3607,73,3680
3583,97,3680
3571,109,3680
3541,139,3680
3529,151,3680
3517,163,3680
3499,181,3680
3469,211,3680
3457,223,3680
3373,307,3680
3343,337,3680
3331,349,3680
3313,367,3680
3307,373,3680
3301,379,3680
3271,409,3680
3259,421,3680
3217,463,3680
3181,499,3680
3109,571,3680
3079,601,3680
3067,613,3680
3061,619,3680
3049,631,3680
3037,643,3680
3019,661,3680
2971,709,3680
2953,727,3680
2857,823,3680
2851,829,3680
2803,877,3680
2797,883,3680
2713,967,3680
2689,991,3680
2683,997,3680
2671,1009,3680
2659,1021,3680
2647,1033,3680
2617,1063,3680
2593,1087,3680
2557,1123,3680
2551,1129,3680
2467,1213,3680
2389,1291,3680
2383,1297,3680
2377,1303,3680
2281,1399,3680
2251,1429,3680
2221,1459,3680
2137,1543,3680
2131,1549,3680
2113,1567,3680
2083,1597,3680
2053,1627,3680
2017,1663,3680
2011,1669,3680
1987,1693,3680
1933,1747,3680
1879,1801,3680
3677,5,3682
3671,11,3682
3659,23,3682
3623,59,3682
3593,89,3682
3581,101,3682
3533,149,3682
3491,191,3682
3449,233,3682
3413,269,3682
3389,293,3682
3371,311,3682
3329,353,3682
3323,359,3682
3299,383,3682
3251,431,3682
3221,461,3682
3203,479,3682
3191,491,3682
3119,563,3682
3089,593,3682
3083,599,3682
3041,641,3682
3023,659,3682
2999,683,3682
2963,719,3682
2939,743,3682
2909,773,3682
2861,821,3682
2843,839,3682
2819,863,3682
2801,881,3682
2753,929,3682
2741,941,3682
2729,953,3682
2711,971,3682
2699,983,3682
2663,1019,3682
2633,1049,3682
2621,1061,3682
2591,1091,3682
2579,1103,3682
2531,1151,3682
2459,1223,3682
2423,1259,3682
2399,1283,3682
2393,1289,3682
2381,1301,3682
2309,1373,3682
2273,1409,3682
2243,1439,3682
2129,1553,3682
2111,1571,3682
2099,1583,3682
2081,1601,3682
2069,1613,3682
2063,1619,3682
1973,1709,3682
1949,1733,3682
1871,1811,3682
3677,7,3684
3673,11,3684
3671,13,3684
3643,41,3684
3637,47,3684
3631,53,3684
3623,61,3684
3617,67,3684
3613,71,3684
3583,101,3684
3581,103,3684
3571,113,3684
3557,127,3684
3547,137,3684
3533,151,3684
3527,157,3684
3517,167,3684
3511,173,3684
3491,193,3684
3461,223,3684
3457,227,3684
3433,251,3684
3413,271,3684
3407,277,3684
3391,293,3684
3373,311,3684
3371,313,3684
3347,337,3684
3331,353,3684
3301,383,3684
3253,431,3684
3251,433,3684
3221,463,3684
3217,467,3684
3181,503,3684
3163,521,3684
3137,547,3684
3121,563,3684
3083,601,3684
3067,617,3684
3041,643,3684
3037,647,3684
3023,661,3684
3011,673,3684
3001,683,3684
2957,727,3684
2927,757,3684
2897,787,3684
2887,797,3684
2861,823,3684
2857,827,3684
2803,881,3684
2801,883,3684
2797,887,3684
2777,907,3684
2731,953,3684
2713,971,3684
2707,977,3684
2693,991,3684
2687,997,3684
2671,1013,3684
2663,1021,3684
2633,1051,3684
2621,1063,3684
2593,1091,3684
2591,1093,3684
2531,1153,3684
2521,1163,3684
2503,1181,3684
2467,1217,3684
2447,1237,3684
2393,1291,3684
2383,1301,3684
2381,1303,3684
2377,1307,3684
2357,1327,3684
2311,1373,3684
2251,1433,3684
2237,1447,3684
2213,1471,3684
2203,1481,3684
2161,1523,3684
2153,1531,3684
2141,1543,3684
2131,1553,3684
2113,1571,3684
2087,1597,3684
2083,1601,3684
2063,1621,3684
2027,1657,3684
2017,1667,3684
1987,1697,3684
1951,1733,3684
1931,1753,3684
1907,1777,3684
1901,1783,3684
1873,1811,3684
1861,1823,3684
3673,13,3686
3643,43,3686
3613,73,3686
3607,79,3686
3583,103,3686
3559,127,3686
3547,139,3686
3529,157,3686
3463,223,3686
3457,229,3686
3373,313,3686
3319,367,3686
3313,373,3686
3307,379,3686
3253,433,3686
3229,457,3686
3187,499,3686
3163,523,3686
3109,577,3686
3079,607,3686
3067,619,3686
2953,733,3686
2917,769,3686
2857,829,3686
2833,853,3686
2803,883,3686
2767,919,3686
2749,937,3686
2719,967,3686
2689,997,3686
2677,1009,3686
2647,1039,3686
2617,1069,3686
2593,1093,3686
2557,1129,3686
2473,1213,3686
2437,1249,3686
2389,1297,3686
2383,1303,3686
2287,1399,3686
2239,1447,3686
2203,1483,3686
2143,1543,3686
2137,1549,3686
2089,1597,3686
2029,1657,3686
2017,1669,3686
1993,1693,3686
1987,1699,3686
1933,1753,3686
3677,11,3688
3671,17,3688
3659,29,3688
3617,71,3688
3581,107,3688
3557,131,3688
3539,149,3688
3491,197,3688
3461,227,3688
3449,239,3688
3407,281,3688
3371,317,3688
3329,359,3688
3299,389,3688
3257,431,3688
3221,467,3688
3209,479,3688
3167,521,3688
3119,569,3688
3089,599,3688
3041,647,3688
3011,677,3688
2969,719,3688
2927,761,3688
2879,809,3688
2861,827,3688
2801,887,3688
2777,911,3688
2741,947,3688
2711,977,3688
2657,1031,3688
2591,1097,3688
2579,1109,3688
2459,1229,3688
2411,1277,3688
2399,1289,3688
2381,1307,3688
2237,1451,3688
2207,1481,3688
2129,1559,3688
2087,1601,3688
2081,1607,3688
2069,1619,3688
1979,1709,3688
1901,1787,3688
1877,1811,3688
3677,13,3690
3673,17,3690
3671,19,3690
3659,31,3690
3643,47,3690
3637,53,3690
3631,59,3690
3623,67,3690
3617,73,3690
3607,83,3690
3593,97,3690
3583,107,3690
3581,109,3690
3559,131,3690
3541,149,3690
3539,151,3690
3533,157,3690
3527,163,3690
3517,173,3690
3511,179,3690
3499,191,3690
3491,199,3690
3467,223,3690
3463,227,3690
3461,229,3690
3457,233,3690
3449,241,3690
3433,257,3690
3413,277,3690
3407,283,3690
3373,317,3690
3359,331,3690
3343,347,3690
3331,359,3690
3323,367,3690
3307,383,3690
3301,389,3690
3271,419,3690
3259,431,3690
3257,433,3690
3251,439,3690
3229,461,3690
3203,487,3690
3191,499,3690
3187,503,3690
3181,509,3690
3169,521,3690
3167,523,3690
3121,569,3690
3119,571,3690
3089,601,3690
3083,607,3690
3049,641,3690
3037,653,3690
2999,691,3690
2971,719,3690
2963,727,3690
2957,733,3690
2939,751,3690
2917,773,3690
2903,787,3690
2879,811,3690
2861,829,3690
2851,839,3690
2837,853,3690
2833,857,3690
2803,887,3690
2753,937,3690
2749,941,3690
2719,971,3690
2713,977,3690
2707,983,3690
2699,991,3690
2693,997,3690
2677,1013,3690
2671,1019,3690
2659,1031,3690
2657,1033,3690
2621,1069,3690
2593,1097,3690
2539,1151,3690
2503,1187,3690
2477,1213,3690
2473,1217,3690
2467,1223,3690
2459,1231,3690
2441,1249,3690
2411,1279,3690
2399,1291,3690
2393,1297,3690
2389,1301,3690
2383,1307,3690
2371,1319,3690
2309,1381,3690
2281,1409,3690
2267,1423,3690
2251,1439,3690
2243,1447,3690
2239,1451,3690
2237,1453,3690
2207,1483,3690
2203,1487,3690
2179,1511,3690
2141,1549,3690
2137,1553,3690
2131,1559,3690
2111,1579,3690
2089,1601,3690
2083,1607,3690
2081,1609,3690
2069,1621,3690
2063,1627,3690
2053,1637,3690
2027,1663,3690
1997,1693,3690
1993,1697,3690
1949,1741,3690
1931,1759,3690
1913,1777,3690
1907,1783,3690
1901,1789,3690
1889,1801,3690
1879,1811,3690
1867,1823,3690
3673,19,3692
3631,61,3692
3613,79,3692
3583,109,3692
3541,151,3692
3529,163,3692
3511,181,3692
3499,193,3692
3469,223,3692
3463,229,3692
3361,331,3692
3343,349,3692
3319,373,3692
3313,379,3692
3271,421,3692
3259,433,3692
3253,439,3692
3229,463,3692
3169,523,3692
3121,571,3692
3079,613,3692
3061,631,3692
3049,643,3692
3019,673,3692
3001,691,3692
2953,739,3692
2833,859,3692
2683,1009,3692
2671,1021,3692
2659,1033,3692
2539,1153,3692
2521,1171,3692
2389,1303,3692
2371,1321,3692
2311,1381,3692
2293,1399,3692
2269,1423,3692
2239,1453,3692
2221,1471,3692
2203,1489,3692
2161,1531,3692
2143,1549,3692
2113,1579,3692
2083,1609,3692
2029,1663,3692
1999,1693,3692
1993,1699,3692
1951,1741,3692
1933,1759,3692
1861,1831,3692
3691,3,3694
3677,17,3694
3671,23,3694
3623,71,3694
3593,101,3694
3581,113,3694
3557,137,3694
3527,167,3694
3467,227,3694
3461,233,3694
3413,281,3694
3347,347,3694
3251,443,3694
3203,491,3694
3191,503,3694
3137,557,3694
3041,653,3694
3011,683,3694
2897,797,3694
2837,857,3694
2753,941,3694
2741,953,3694
2711,983,3694
2663,1031,3694
2633,1061,3694
2591,1103,3694
2543,1151,3694
2531,1163,3694
2477,1217,3694
2417,1277,3694
2411,1283,3694
2393,1301,3694
2333,1361,3694
2267,1427,3694
2243,1451,3694
2213,1481,3694
2207,1487,3694
2141,1553,3694
2111,1583,3694
2087,1607,3694
2081,1613,3694
2027,1667,3694
1997,1697,3694
1973,1721,3694
1907,1787,3694
1871,1823,3694
1847,1847,3694
3691,5,3696
3677,19,3696
3673,23,3696
3659,37,3696
3643,53,3696
3637,59,3696
3623,73,3696
3617,79,3696
3613,83,3696
3607,89,3696
3593,103,3696
3583,113,3696
3559,137,3696
3557,139,3696
3547,149,3696
3539,157,3696
3533,163,3696
3529,167,3696
3517,179,3696
3499,197,3696
3469,227,3696
3467,229,3696
3463,233,3696
3457,239,3696
3433,263,3696
3413,283,3696
3389,307,3696
3359,337,3696
3347,349,3696
3343,353,3696
3329,367,3696
3323,373,3696
3313,383,3696
3307,389,3696
3299,397,3696
3257,439,3696
3253,443,3696
3229,467,3696
3217,479,3696
3209,487,3696
3187,509,3696
3119,577,3696
3109,587,3696
3089,607,3696
3083,613,3696
3079,617,3696
3049,647,3696
3037,659,3696
3023,673,3696
3019,677,3696
2969,727,3696
2963,733,3696
2957,739,3696
2953,743,3696
2939,757,3696
2927,769,3696
2909,787,3696
2887,809,3696
2857,839,3696
2843,853,3696
2837,859,3696
2833,863,3696
2819,877,3696
2789,907,3696
2777,919,3696
2767,929,3696
2749,947,3696
2729,967,3696
2719,977,3696
2713,983,3696
2699,997,3696
2687,1009,3696
2683,1013,3696
2677,1019,3696
2663,1033,3696
2657,1039,3696
2647,1049,3696
2633,1063,3696
2609,1087,3696
2593,1103,3696
2579,1117,3696
2543,1153,3696
2503,1193,3696
2473,1223,3696
2467,1229,3696
2459,1237,3696
2447,1249,3696
2437,1259,3696
2417,1279,3696
2399,1297,3696
2393,1303,3696
2389,1307,3696
2377,1319,3696
2297,1399,3696
2287,1409,3696
2273,1423,3696
2269,1427,3696
2267,1429,3696
2243,1453,3696
2237,1459,3696
2213,1483,3696
2207,1489,3696
2203,1493,3696
2153,1543,3696
2143,1553,3696
2137,1559,3696
2129,1567,3696
2113,1583,3696
2099,1597,3696
2089,1607,3696
2087,1609,3696
2083,1613,3696
2069,1627,3696
2039,1657,3696
2029,1667,3696
2027,1669,3696
2003,1693,3696
1999,1697,3696
1997,1699,3696
1987,1709,3696
1973,1723,3696
1949,1747,3696
1913,1783,3696
1907,1789,3696
1873,1823,3696
3691,7,3698
3637,61,3698
3631,67,3698
3571,127,3698
3559,139,3698
3547,151,3698
3541,157,3698
3517,181,3698
3499,199,3698
3469,229,3698
3457,241,3698
3391,307,3698
3361,337,3698
3331,367,3698
3319,379,3698
3301,397,3698
3259,439,3698
3121,577,3698
3079,619,3698
3067,631,3698
3037,661,3698
2971,727,3698
2887,811,3698
2791,907,3698
2731,967,3698
2707,991,3698
2689,1009,3698
2677,1021,3698
2659,1039,3698
2647,1051,3698
2467,1231,3698
2377,1321,3698
2371,1327,3698
2269,1429,3698
2251,1447,3698
2239,1459,3698
2131,1567,3698
2089,1609,3698
2029,1669,3698
1999,1699,3698
1951,1747,3698
1867,1831,3698
3697,3,3700
3677,23,3700
3671,29,3700
3659,41,3700
3617,83,3700
3593,107,3700
3533,167,3700
3527,173,3700
3467,233,3700
3461,239,3700
3449,251,3700
3407,293,3700
3389,311,3700
3347,353,3700
3299,401,3700
3257,443,3700
3251,449,3700
3221,479,3700
3209,491,3700
3191,509,3700
3137,563,3700
3083,617,3700
3041,659,3700
3023,677,3700
2999,701,3700
2957,743,3700
2939,761,3700
2927,773,3700
2903,797,3700
2879,821,3700
2861,839,3700
2843,857,3700
2837,863,3700
2819,881,3700
2789,911,3700
2753,947,3700
2729,971,3700
2687,1013,3700
2609,1091,3700
2591,1109,3700
2549,1151,3700
2477,1223,3700
2441,1259,3700
2423,1277,3700
2417,1283,3700
2411,1289,3700
2399,1301,3700
2393,1307,3700
2381,1319,3700
2339,1361,3700
2333,1367,3700
2273,1427,3700
2267,1433,3700
2213,1487,3700
2207,1493,3700
2141,1559,3700
2129,1571,3700
2099,1601,3700
2087,1613,3700
2081,1619,3700
2063,1637,3700
2003,1697,3700
1979,1721,3700
1913,1787,3700
1889,1811,3700
1877,1823,3700
3697,5,3702
3691,11,3702
3673,29,3702
3671,31,3702
3659,43,3702
3643,59,3702
3631,71,3702
3623,79,3702
3613,89,3702
3593,109,3702
3571,131,3702
3539,163,3702
3529,173,3702
3511,191,3702
3491,211,3702
3469,233,3702
3463,239,3702
3461,241,3702
3433,269,3702
3391,311,3702
3389,313,3702
3371,331,3702
3343,359,3702
3329,373,3702
3323,379,3702
3319,383,3702
3313,389,3702
3301,401,3702
3271,431,3702
3259,443,3702
3253,449,3702
3203,499,3702
3181,521,3702
3109,593,3702
3089,613,3702
3083,619,3702
3061,641,3702
3049,653,3702
3041,661,3702
3019,683,3702
3011,691,3702
3001,701,3702
2969,733,3702
2963,739,3702
2879,823,3702
2843,859,3702
2819,883,3702
2791,911,3702
2749,953,3702
2731,971,3702
2719,983,3702
2711,991,3702
2693,1009,3702
2689,1013,3702
2683,1019,3702
2671,1031,3702
2663,1039,3702
2633,1069,3702
2609,1093,3702
2593,1109,3702
2579,1123,3702
2551,1151,3702
2549,1153,3702
2539,1163,3702
2531,1171,3702
2521,1181,3702
2473,1229,3702
2423,1279,3702
2411,1291,3702
2399,1303,3702
2383,1319,3702
2381,1321,3702
2341,1361,3702
2293,1409,3702
2273,1429,3702
2269,1433,3702
2251,1451,3702
2243,1459,3702
2221,1481,3702
2213,1489,3702
2203,1499,3702
2179,1523,3702
2153,1549,3702
2143,1559,3702
2131,1571,3702
2089,1613,3702
2083,1619,3702
2081,1621,3702
2039,1663,3702
2003,1699,3702
1993,1709,3702
1979,1723,3702
1949,1753,3702
1913,1789,3702
1901,1801,3702
1879,1823,3702
1871,1831,3702
3701,3,3704
3697,7,3704
3691,13,3704
3673,31,3704
3643,61,3704
3637,67,3704
3631,73,3704
3607,97,3704
3547,157,3704
3541,163,3704
3511,193,3704
3463,241,3704
3433,271,3704
3391,313,3704
3373,331,3704
3331,373,3704
3307,397,3704
3271,433,3704
3217,487,3704
3181,523,3704
3163,541,3704
3061,643,3704
2971,733,3704
2953,751,3704
2917,787,3704
2851,853,3704
2797,907,3704
2767,937,3704
2713,991,3704
2707,997,3704
2683,1021,3704
2671,1033,3704
2617,1087,3704
2551,1153,3704
2503,1201,3704
2473,1231,3704
2467,1237,3704
2383,1321,3704
2377,1327,3704
2281,1423,3704
2251,1453,3704
2221,1483,3704
2161,1543,3704
2137,1567,3704
2083,1621,3704
2011,1693,3704
1951,1753,3704
1873,1831,3704
3701,5,3706
3677,29,3706
3659,47,3706
3623,83,3706
3617,89,3706
3593,113,3706
3557,149,3706
3539,167,3706
3533,173,3706
3527,179,3706
3467,239,3706
3449,257,3706
3413,293,3706
3389,317,3706
3359,347,3706
3347,359,3706
3323,383,3706
3257,449,3706
3203,503,3706
3137,569,3706
3119,587,3706
3089,617,3706
3023,683,3706
2963,743,3706
2909,797,3706
2897,809,3706
2879,827,3706
2843,863,3706
2819,887,3706
2777,929,3706
2753,953,3706
2729,977,3706
2693,1013,3706
2687,1019,3706
2657,1049,3706
2609,1097,3706
2543,1163,3706
2477,1229,3706
2447,1259,3706
2423,1283,3706
2417,1289,3706
2399,1307,3706
2339,1367,3706
2333,1373,3706
2297,1409,3706
2273,1433,3706
2267,1439,3706
2213,1493,3706
2207,1499,3706
2153,1553,3706
2099,1607,3706
2087,1619,3706
2069,1637,3706
2039,1667,3706
1997,1709,3706
1973,1733,3706
3701,7,3708
3697,11,3708
3691,17,3708
3677,31,3708
3671,37,3708
3637,71,3708
3607,101,3708
3581,127,3708
3571,137,3708
3559,149,3708
3557,151,3708
3541,167,3708
3529,179,3708
3527,181,3708
3517,191,3708
3511,197,3708
3469,239,3708
3467,241,3708
3457,251,3708
3391,317,3708
3371,337,3708
3361,347,3708
3359,349,3708
3329,379,3708
3319,389,3708
3307,401,3708
3299,409,3708
3259,449,3708
3251,457,3708
3229,479,3708
3221,487,3708
3217,491,3708
3209,499,3708
3187,521,3708
3167,541,3708
3137,571,3708
3121,587,3708
3109,599,3708
3089,619,3708
3067,641,3708
3061,647,3708
3049,659,3708
2999,709,3708
2969,739,3708
2957,751,3708
2939,769,3708
2897,811,3708
2887,821,3708
2879,829,3708
2851,857,3708
2801,907,3708
2797,911,3708
2789,919,3708
2767,941,3708
2741,967,3708
2731,977,3708
2711,997,3708
2699,1009,3708
2689,1019,3708
2687,1021,3708
2677,1031,3708
2659,1049,3708
2657,1051,3708
2647,1061,3708
2621,1087,3708
2617,1091,3708
2591,1117,3708
2579,1129,3708
2557,1151,3708
2521,1187,3708
2477,1231,3708
2459,1249,3708
2417,1291,3708
2411,1297,3708
2389,1319,3708
2381,1327,3708
2347,1361,3708
2341,1367,3708
2309,1399,3708
2281,1427,3708
2269,1439,3708
2237,1471,3708
2221,1487,3708
2141,1567,3708
2137,1571,3708
2129,1579,3708
2111,1597,3708
2099,1609,3708
2089,1619,3708
2087,1621,3708
2081,1627,3708
2039,1669,3708
2011,1697,3708
1999,1709,3708
1987,1721,3708
1949,1759,3708
1931,1777,3708
1907,1801,3708
1877,1831,3708
1861,1847,3708
3697,13,3710
3691,19,3710
3673,37,3710
3643,67,3710
3637,73,3710
3631,79,3710
3613,97,3710
3607,103,3710
3583,127,3710
3571,139,3710
3559,151,3710
3547,163,3710
3529,181,3710
3517,193,3710
3511,199,3710
3499,211,3710
3469,241,3710
3433,277,3710
3373,337,3710
3361,349,3710
3343,367,3710
3331,379,3710
3313,397,3710
3301,409,3710
3271,439,3710
3253,457,3710
3187,523,3710
3169,541,3710
3163,547,3710
3109,601,3710
3079,631,3710
3067,643,3710
3049,661,3710
3037,673,3710
3019,691,3710
3001,709,3710
2971,739,3710
2953,757,3710
2887,823,3710
2857,853,3710
2851,859,3710
2833,877,3710
2803,907,3710
2791,919,3710
2719,991,3710
2713,997,3710
2689,1021,3710
2677,1033,3710
2671,1039,3710
2659,1051,3710
2647,1063,3710
2617,1093,3710
2593,1117,3710
2557,1153,3710
2539,1171,3710
2473,1237,3710
2389,1321,3710
2383,1327,3710
2311,1399,3710
2287,1423,3710
2281,1429,3710
2251,1459,3710
2239,1471,3710
2221,1489,3710
2179,1531,3710
2161,1549,3710
2143,1567,3710
2131,1579,3710
2113,1597,3710
2089,1621,3710
2083,1627,3710
2053,1657,3710
2017,1693,3710
2011,1699,3710
1987,1723,3710
1951,1759,3710
1933,1777,3710
1879,1831,3710
3709,3,3712
3701,11,3712
3671,41,3712
3659,53,3712
3623,89,3712
3581,131,3712
3539,173,3712
3533,179,3712
3461,251,3712
3449,263,3712
3359,353,3712
3329,383,3712
3323,389,3712
3251,461,3712
3221,491,3712
3209,503,3712
3203,509,3712
3191,521,3712
3119,593,3712
3011,701,3712
2969,743,3712
2939,773,3712
2903,809,3712
2801,911,3712
2741,971,3712
2729,983,3712
2699,1013,3712
2693,1019,3712
2663,1049,3712
2621,1091,3712
2609,1103,3712
2549,1163,3712
2531,1181,3712
2423,1289,3712
2411,1301,3712
2393,1319,3712
2351,1361,3712
2339,1373,3712
2273,1439,3712
2213,1499,3712
2153,1559,3712
2141,1571,3712
2129,1583,3712
2111,1601,3712
2099,1613,3712
2003,1709,3712
1979,1733,3712
1901,1811,3712
1889,1823,3712
3709,5,3714
3701,13,3714
3697,17,3714
3691,23,3714
3677,37,3714
3673,41,3714
3671,43,3714
3643,71,3714
3631,83,3714
3617,97,3714
3613,101,3714
3607,107,3714
3583,131,3714
3557,157,3714
3547,167,3714
3541,173,3714
3533,181,3714
3517,197,3714
3491,223,3714
3463,251,3714
3457,257,3714
3433,281,3714
3407,307,3714
3361,353,3714
3347,367,3714
3331,383,3714
3313,401,3714
3271,443,3714
3257,457,3714
3253,461,3714
3251,463,3714
3191,523,3714
3167,547,3714
3137,577,3714
3121,593,3714
3083,631,3714
3067,647,3714
3061,653,3714
3041,673,3714
3037,677,3714
3023,691,3714
2971,743,3714
2963,751,3714
2957,757,3714
2953,761,3714
2927,787,3714
2917,797,3714
2903,811,3714
2887,827,3714
2861,853,3714
2857,857,3714
2851,863,3714
2837,877,3714
2833,881,3714
2803,911,3714
2777,937,3714
2767,947,3714
2731,983,3714
2693,1021,3714
2683,1031,3714
2663,1051,3714
2621,1093,3714
2617,1097,3714
2591,1123,3714
2551,1163,3714
2543,1171,3714
2521,1193,3714
2477,1237,3714
2437,1277,3714
2423,1291,3714
2417,1297,3714
2411,1303,3714
2393,1321,3714
2347,1367,3714
2341,1373,3714
2333,1381,3714
2287,1427,3714
2281,1433,3714
2267,1447,3714
2243,1471,3714
2221,1493,3714
2203,1511,3714
2161,1553,3714
2143,1571,3714
2131,1583,3714
2113,1601,3714
2087,1627,3714
2017,1697,3714
1993,1721,3714
1973,1741,3714
1931,1783,3714
1913,1801,3714
1867,1847,3714
3709,7,3716
3697,19,3716
3673,43,3716
3643,73,3716
3637,79,3716
3613,103,3716
3607,109,3716
3559,157,3716
3517,199,3716
3433,283,3716
3343,373,3716
3319,397,3716
3307,409,3716
3259,457,3716
3253,463,3716
3229,487,3716
3217,499,3716
3169,547,3716
3109,607,3716
2887,829,3716
2857,859,3716
2833,883,3716
2797,919,3716
2749,967,3716
2719,997,3716
2707,1009,3716
2683,1033,3716
2677,1039,3716
2647,1069,3716
2593,1123,3716
2503,1213,3716
2467,1249,3716
2437,1279,3716
2389,1327,3716
2293,1423,3716
2287,1429,3716
2269,1447,3716
2137,1579,3716
2089,1627,3716
2053,1663,3716
2017,1699,3716
1993,1723,3716
1933,1783,3716
3701,17,3718
3677,41,3718
3671,47,3718
3659,59,3718
3617,101,3718
3581,137,3718
3539,179,3718
3527,191,3718
3491,227,3718
3467,251,3718
3461,257,3718
3449,269,3718
3407,311,3718
3371,347,3718
3359,359,3718
3329,389,3718
3299,419,3718
3257,461,3718
3251,467,3718
3209,509,3718
3119,599,3718
3041,677,3718
2999,719,3718
2957,761,3718
2909,809,3718
2897,821,3718
2879,839,3718
2861,857,3718
2837,881,3718
2789,929,3718
2777,941,3718
2741,977,3718
2699,1019,3718
2687,1031,3718
2657,1061,3718
2621,1097,3718
2609,1109,3718
2531,1187,3718
2459,1259,3718
2441,1277,3718
2417,1301,3718
2411,1307,3718
2399,1319,3718
2357,1361,3718
2351,1367,3718
2309,1409,3718
2267,1451,3718
2237,1481,3718
2207,1511,3718
2111,1607,3718
2099,1619,3718
2081,1637,3718
1997,1721,3718
1931,1787,3718
1907,1811,3718
1871,1847,3718
3709,11,3720
3701,19,3720
3697,23,3720
3691,29,3720
3677,43,3720
3673,47,3720
3659,61,3720
3637,83,3720
3631,89,3720
3623,97,3720
3617,103,3720
3613,107,3720
3607,113,3720
3593,127,3720
3583,137,3720
3581,139,3720
3571,149,3720
3557,163,3720
3547,173,3720
3541,179,3720
3539,181,3720
3529,191,3720
3527,193,3720
3491,229,3720
3469,251,3720
3463,257,3720
3457,263,3720
3449,271,3720
3413,307,3720
3407,313,3720
3389,331,3720
3373,347,3720
3371,349,3720
3361,359,3720
3347,373,3720
3331,389,3720
3323,397,3720
3319,401,3720
3301,419,3720
3299,421,3720
3271,449,3720
3259,461,3720
3257,463,3720
3253,467,3720
3229,491,3720
3221,499,3720
3217,503,3720
3163,557,3720
3121,599,3720
3119,601,3720
3089,631,3720
3079,641,3720
3067,653,3720
3061,659,3720
3037,683,3720
3019,701,3720
3011,709,3720
3001,719,3720
2969,751,3720
2963,757,3720
2909,811,3720
2897,823,3720
2861,859,3720
2857,863,3720
2843,877,3720
2837,883,3720
2833,887,3720
2801,919,3720
2791,929,3720
2767,953,3720
2753,967,3720
2749,971,3720
2729,991,3720
2711,1009,3720
2707,1013,3720
2699,1021,3720
2689,1031,3720
2687,1033,3720
2671,1049,3720
2659,1061,3720
2657,1063,3720
2633,1087,3720
2617,1103,3720
2591,1129,3720
2557,1163,3720
2549,1171,3720
2539,1181,3720
2503,1217,3720
2441,1279,3720
2437,1283,3720
2423,1297,3720
2417,1303,3720
2399,1321,3720
2393,1327,3720
2347,1373,3720
2339,1381,3720
2311,1409,3720
2297,1423,3720
2293,1427,3720
2287,1433,3720
2281,1439,3720
2273,1447,3720
2269,1451,3720
2267,1453,3720
2239,1481,3720
2237,1483,3720
2221,1499,3720
2161,1559,3720
2153,1567,3720
2141,1579,3720
2137,1583,3720
2113,1607,3720
2111,1609,3720
2099,1621,3720
2083,1637,3720
2063,1657,3720
2053,1667,3720
2027,1693,3720
2011,1709,3720
1999,1721,3720
1997,1723,3720
1987,1733,3720
1979,1741,3720
1973,1747,3720
1933,1787,3720
1931,1789,3720
1889,1831,3720
1873,1847,3720
3719,3,3722
3709,13,3722
3691,31,3722
3643,79,3722
3613,109,3722
3583,139,3722
3571,151,3722
3559,163,3722
3541,181,3722
3529,193,3722
3511,211,3722
3499,223,3722
3391,331,3722
3373,349,3722
3343,379,3722
3313,409,3722
3301,421,3722
3259,463,3722
3181,541,3722
3121,601,3722
3109,613,3722
3079,643,3722
3061,661,3722
3049,673,3722
2971,751,3722
2953,769,3722
2803,919,3722
2731,991,3722
2713,1009,3722
2689,1033,3722
2683,1039,3722
2671,1051,3722
2659,1063,3722
2593,1129,3722
2551,1171,3722
2521,1201,3722
2473,1249,3722
2341,1381,3722
2293,1429,3722
2269,1453,3722
2251,1471,3722
2239,1483,3722
2179,1543,3722
2143,1579,3722
2113,1609,3722
2053,1669,3722
2029,1693,3722
1999,1723,3722
1933,1789,3722
1861,1861,3722
3719,5,3724
3701,23,3724
3677,47,3724
3671,53,3724
3623,101,3724
3617,107,3724
3593,131,3724
3557,167,3724
3533,191,3724
3527,197,3724
3491,233,3724
3467,257,3724
3461,263,3724
3413,311,3724
3407,317,3724
3371,353,3724
3323,401,3724
3257,467,3724
3221,503,3724
3203,521,3724
3167,557,3724
3137,587,3724
3083,641,3724
3041,683,3724
3023,701,3724
2963,761,3724
2927,797,3724
2903,821,3724
2897,827,3724
2861,863,3724
2843,881,3724
2837,887,3724
2777,947,3724
2753,971,3724
2741,983,3724
2711,1013,3724
2693,1031,3724
2663,1061,3724
2633,1091,3724
2621,1103,3724
2543,1181,3724
2531,1193,3724
2447,1277,3724
2441,1283,3724
2423,1301,3724
2417,1307,3724
2357,1367,3724
2351,1373,3724
2297,1427,3724
2273,1451,3724
2243,1481,3724
2237,1487,3724
2213,1511,3724
2153,1571,3724
2141,1583,3724
2111,1613,3724
2087,1637,3724
2027,1697,3724
2003,1721,3724
1913,1811,3724
1901,1823,3724
1877,1847,3724
3719,7,3726
3709,17,3726
3697,29,3726
3673,53,3726
3659,67,3726
3643,83,3726
3637,89,3726
3623,103,3726
3617,109,3726
3613,113,3726
3559,167,3726
3547,179,3726
3533,193,3726
3529,197,3726
3527,199,3726
3499,227,3726
3469,257,3726
3463,263,3726
3457,269,3726
3449,277,3726
3433,293,3726
3413,313,3726
3389,337,3726
3373,353,3726
3359,367,3726
3347,379,3726
3343,383,3726
3329,397,3726
3307,419,3726
3259,467,3726
3217,509,3726
3203,523,3726
3169,557,3726
3163,563,3726
3119,607,3726
3109,617,3726
3083,643,3726
3079,647,3726
3067,659,3726
3049,677,3726
2999,727,3726
2969,757,3726
2957,769,3726
2953,773,3726
2939,787,3726
2917,809,3726
2903,823,3726
2897,829,3726
2887,839,3726
2843,883,3726
2819,907,3726
2797,929,3726
2789,937,3726
2749,977,3726
2729,997,3726
2713,1013,3726
2707,1019,3726
2693,1033,3726
2687,1039,3726
2677,1049,3726
2663,1063,3726
2657,1069,3726
2633,1093,3726
2617,1109,3726
2609,1117,3726
2539,1187,3726
2503,1223,3726
2477,1249,3726
2467,1259,3726
2447,1279,3726
2437,1289,3726
2423,1303,3726
2399,1327,3726
2297,1429,3726
2293,1433,3726
2287,1439,3726
2273,1453,3726
2267,1459,3726
2243,1483,3726
2239,1487,3726
2237,1489,3726
2203,1523,3726
2143,1583,3726
2129,1597,3726
2113,1613,3726
2099,1627,3726
2089,1637,3726
2069,1657,3726
2063,1663,3726
2029,1697,3726
2027,1699,3726
2017,1709,3726
2003,1723,3726
1993,1733,3726
1979,1747,3726
1973,1753,3726
1949,1777,3726
1879,1847,3726
3709,19,3728
3697,31,3728
3691,37,3728
3631,97,3728
3571,157,3728
3547,181,3728
3529,199,3728
3517,211,3728
3499,229,3728
3457,271,3728
3391,337,3728
3361,367,3728
3331,397,3728
3319,409,3728
3307,421,3728
3271,457,3728
3229,499,3728
3187,541,3728
3181,547,3728
3121,607,3728
3109,619,3728
3067,661,3728
3037,691,3728
3019,709,3728
3001,727,3728
2971,757,3728
2917,811,3728
2851,877,3728
2791,937,3728
2731,997,3728
2719,1009,3728
2707,1021,3728
2689,1039,3728
2677,1051,3728
2659,1069,3728
2557,1171,3728
2437,1291,3728
2347,1381,3728
2281,1447,3728
2269,1459,3728
2239,1489,3728
2179,1549,3728
2161,1567,3728
2131,1597,3728
2029,1699,3728
1987,1741,3728
1951,1777,3728
1867,1861,3728
3727,3,3730
3719,11,3730
3701,29,3730
3677,53,3730
3671,59,3730
3659,71,3730
3623,107,3730
3617,113,3730
3593,137,3730
3581,149,3730
3557,173,3730
3539,191,3730
3533,197,3730
3491,239,3730
3467,263,3730
3461,269,3730
3449,281,3730
3413,317,3730
3371,359,3730
3347,383,3730
3329,401,3730
3299,431,3730
3251,479,3730
3221,509,3730
3209,521,3730
3167,563,3730
3137,593,3730
3089,641,3730
3083,647,3730
3011,719,3730
2969,761,3730
2957,773,3730
2909,821,3730
2903,827,3730
2843,887,3730
2819,911,3730
2801,929,3730
2789,941,3730
2777,953,3730
2753,977,3730
2711,1019,3730
2699,1031,3730
2633,1097,3730
2621,1109,3730
2579,1151,3730
2549,1181,3730
2543,1187,3730
2447,1283,3730
2441,1289,3730
2423,1307,3730
2411,1319,3730
2357,1373,3730
2297,1433,3730
2243,1487,3730
2237,1493,3730
2207,1523,3730
2129,1601,3730
2111,1619,3730
2063,1667,3730
1997,1733,3730
1907,1823,3730
3727,5,3732
3719,13,3732
3709,23,3732
3701,31,3732
3691,41,3732
3673,59,3732
3671,61,3732
3659,73,3732
3643,89,3732
3631,101,3732
3623,109,3732
3593,139,3732
3583,149,3732
3581,151,3732
3559,173,3732
3541,191,3732
3539,193,3732
3533,199,3732
3499,233,3732
3491,241,3732
3469,263,3732
3463,269,3732
3461,271,3732
3449,283,3732
3373,359,3732
3359,373,3732
3343,389,3732
3331,401,3732
3323,409,3732
3313,419,3732
3301,431,3732
3299,433,3732
3271,461,3732
3253,479,3732
3229,503,3732
3209,523,3732
3191,541,3732
3169,563,3732
3163,569,3732
3119,613,3732
3089,643,3732
3079,653,3732
3049,683,3732
3041,691,3732
3023,709,3732
2999,733,3732
2971,761,3732
2963,769,3732
2909,823,3732
2903,829,3732
2879,853,3732
2851,881,3732
2803,929,3732
2791,941,3732
2749,983,3732
2741,991,3732
2719,1013,3732
2713,1019,3732
2711,1021,3732
2699,1033,3732
2693,1039,3732
2683,1049,3732
2671,1061,3732
2663,1069,3732
2609,1123,3732
2579,1153,3732
2551,1181,3732
2539,1193,3732
2531,1201,3732
2503,1229,3732
2473,1259,3732
2441,1291,3732
2411,1321,3732
2371,1361,3732
2351,1381,3732
2333,1399,3732
2309,1423,3732
2293,1439,3732
2281,1451,3732
2273,1459,3732
2251,1481,3732
2243,1489,3732
2239,1493,3732
2221,1511,3732
2179,1553,3732
2161,1571,3732
2153,1579,3732
2131,1601,3732
2113,1619,3732
2111,1621,3732
2069,1663,3732
2063,1669,3732
2039,1693,3732
2011,1721,3732
1999,1733,3732
1979,1753,3732
1973,1759,3732
1949,1783,3732
1931,1801,3732
1901,1831,3732
1871,1861,3732
3727,7,3734
3697,37,3734
3691,43,3734
3673,61,3734
3637,97,3734
3631,103,3734
3607,127,3734
3583,151,3734
3571,163,3734
3541,193,3734
3511,223,3734
3463,271,3734
3457,277,3734
3361,373,3734
3313,421,3734
3301,433,3734
3271,463,3734
3187,547,3734
3163,571,3734
3121,613,3734
3061,673,3734
3001,733,3734
2857,877,3734
2851,883,3734
2797,937,3734
2767,967,3734
2713,1021,3734
2683,1051,3734
2671,1063,3734
2647,1087,3734
2617,1117,3734
2521,1213,3734
2503,1231,3734
2437,1297,3734
2311,1423,3734
2287,1447,3734
2281,1453,3734
2251,1483,3734
2203,1531,3734
2137,1597,3734
2113,1621,3734
2011,1723,3734
1993,1741,3734
1987,1747,3734
1951,1783,3734
1933,1801,3734
1873,1861,3734
1867,1867,3734
3733,3,3736
3719,17,3736
3677,59,3736
3623,113,3736
3557,179,3736
3539,197,3736
3467,269,3736
3389,347,3736
3347,389,3736
3257,479,3736
3167,569,3736
3137,599,3736
3119,617,3736
3089,647,3736
3083,653,3736
2963,773,3736
2939,797,3736
2927,809,3736
2909,827,3736
2897,839,3736
2879,857,3736
2789,947,3736
2753,983,3736
2687,1049,3736
2633,1103,3736
2549,1187,3736
2543,1193,3736
2477,1259,3736
2459,1277,3736
2447,1289,3736
2417,1319,3736
2309,1427,3736
2297,1439,3736
2243,1493,3736
2237,1499,3736
2213,1523,3736
2153,1583,3736
2129,1607,3736
2099,1637,3736
2069,1667,3736
2039,1697,3736
2027,1709,3736
2003,1733,3736
1949,1787,3736
1913,1823,3736
1889,1847,3736
3733,5,3738
3727,11,3738
3719,19,3738
3709,29,3738
3701,37,3738
3697,41,3738
3691,47,3738
3677,61,3738
3671,67,3738
3659,79,3738
3637,101,3738
3631,107,3738
3607,131,3738
3581,157,3738
3571,167,3738
3559,179,3738
3557,181,3738
3547,191,3738
3541,197,3738
3539,199,3738
3527,211,3738
3511,227,3738
3499,239,3738
3469,269,3738
3467,271,3738
3461,277,3738
3457,281,3738
3407,331,3738
3391,347,3738
3389,349,3738
3371,367,3738
3359,379,3738
3329,409,3738
3319,419,3738
3307,431,3738
3299,439,3738
3271,467,3738
3259,479,3738
3251,487,3738
3229,509,3738
3217,521,3738
3191,547,3738
3181,557,3738
3169,569,3738
3167,571,3738
3137,601,3738
3121,617,3738
3119,619,3738
3079,659,3738
3061,677,3738
3037,701,3738
3019,719,3738
3011,727,3738
2999,739,3738
2969,769,3738
2927,811,3738
2917,821,3738
2909,829,3738
2879,859,3738
2861,877,3738
2857,881,3738
2851,887,3738
2819,919,3738
2801,937,3738
2797,941,3738
2791,947,3738
2767,971,3738
2741,997,3738
2729,1009,3738
2719,1019,3738
2707,1031,3738
2699,1039,3738
2689,1049,3738
2687,1051,3738
2677,1061,3738
2647,1091,3738
2621,1117,3738
2609,1129,3738
2557,1181,3738
2551,1187,3738
2521,1217,3738
2459,1279,3738
2447,1291,3738
2441,1297,3738
2437,1301,3738
2417,1321,3738
2411,1327,3738
2377,1361,3738
2371,1367,3738
2357,1381,3738
2339,1399,3738
2311,1427,3738
2309,1429,3738
2287,1451,3738
2267,1471,3738
2251,1487,3738
2239,1499,3738
2207,1531,3738
2179,1559,3738
2141,1597,3738
2137,1601,3738
2131,1607,3738
2129,1609,3738
2111,1627,3738
2081,1657,3738
2069,1669,3738
2039,1699,3738
2029,1709,3738
2017,1721,3738
1997,1741,3738
1979,1759,3738
1951,1787,3738
1949,1789,3738
1907,1831,3738
1877,1861,3738
1871,1867,3738
3733,7,3740
3727,13,3740
3709,31,3740
3697,43,3740
3673,67,3740
3643,97,3740
3637,103,3740
3631,109,3740
3613,127,3740
3583,157,3740
3559,181,3740
3547,193,3740
3541,199,3740
3529,211,3740
3517,223,3740
3511,229,3740
3499,241,3740
3469,271,3740
3463,277,3740
3457,283,3740
3433,307,3740
3391,349,3740
3373,367,3740
3361,379,3740
3343,397,3740
3331,409,3740
3319,421,3740
3307,433,3740
3301,439,3740
3253,487,3740
3217,523,3740
3169,571,3740
3163,577,3740
3121,619,3740
3109,631,3740
3079,661,3740
3067,673,3740
3049,691,3740
3001,739,3740
2971,769,3740
2953,787,3740
2917,823,3740
2887,853,3740
2857,883,3740
2833,907,3740
2803,937,3740
2749,991,3740
2731,1009,3740
2719,1021,3740
2707,1033,3740
2689,1051,3740
2677,1063,3740
2671,1069,3740
2647,1093,3740
2617,1123,3740
2539,1201,3740
2503,1237,3740
2437,1303,3740
2341,1399,3740
2311,1429,3740
2293,1447,3740
2287,1453,3740
2281,1459,3740
2269,1471,3740
2251,1489,3740
2161,1579,3740
2143,1597,3740
2131,1609,3740
2113,1627,3740
2083,1657,3740
2017,1723,3740
1999,1741,3740
1993,1747,3740
1987,1753,3740
1951,1789,3740
1879,1861,3740
1873,1867,3740
3739,3,3742
3719,23,3742
3701,41,3742
3671,71,3742
3659,83,3742
3593,149,3742
3491,251,3742
3461,281,3742
3449,293,3742
3389,353,3742
3359,383,3742
3323,419,3742
3299,443,3742
3251,491,3742
3221,521,3742
3089,653,3742
3083,659,3742
3041,701,3742
3023,719,3742
2999,743,3742
2969,773,3742
2903,839,3742
2879,863,3742
2861,881,3742
2801,941,3742
2789,953,3742
2729,1013,3742
2711,1031,3742
2693,1049,3742
2633,1109,3742
2591,1151,3742
2579,1163,3742
2549,1193,3742
2459,1283,3742
2441,1301,3742
2423,1319,3742
2381,1361,3742
2333,1409,3742
2309,1433,3742
2243,1499,3742
2141,1601,3742
2129,1613,3742
1931,1811,3742
1871,1871,3742
3739,5,3744
3733,11,3744
3727,17,3744
3701,43,3744
3697,47,3744
3691,53,3744
3677,67,3744
3673,71,3744
3671,73,3744
3643,101,3744
3637,107,3744
3631,113,3744
3617,127,3744
3613,131,3744
3607,137,3744
3593,151,3744
3581,163,3744
3571,173,3744
3547,197,3744
3533,211,3744
3517,227,3744
3511,233,3744
3467,277,3744
3463,281,3744
3461,283,3744
3433,311,3744
3413,331,3744
3407,337,3744
3391,353,3744
3371,373,3744
3361,383,3744
3347,397,3744
3343,401,3744
3323,421,3744
3313,431,3744
3301,443,3744
3257,487,3744
3253,491,3744
3221,523,3744
3203,541,3744
3187,557,3744
3181,563,3744
3167,577,3744
3137,607,3744
3083,661,3744
3067,677,3744
3061,683,3744
3011,733,3744
3001,743,3744
2971,773,3744
2957,787,3744
2917,827,3744
2887,857,3744
2861,883,3744
2857,887,3744
2837,907,3744
2833,911,3744
2803,941,3744
2797,947,3744
2791,953,3744
2777,967,3744
2767,977,3744
2753,991,3744
2731,1013,3744
2713,1031,3744
2711,1033,3744
2693,1051,3744
2683,1061,3744
2657,1087,3744
2647,1097,3744
2621,1123,3744
2593,1151,3744
2591,1153,3744
2557,1187,3744
2551,1193,3744
2543,1201,3744
2531,1213,3744
2521,1223,3744
2467,1277,3744
2447,1297,3744
2441,1303,3744
2437,1307,3744
2423,1321,3744
2417,1327,3744
2383,1361,3744
2377,1367,3744
2371,1373,3744
2311,1433,3744
2297,1447,3744
2293,1451,3744
2273,1471,3744
2251,1493,3744
2221,1523,3744
2213,1531,3744
2161,1583,3744
2143,1601,3744
2137,1607,3744
2131,1613,3744
2087,1657,3744
2081,1663,3744
2011,1733,3744
2003,1741,3744
1997,1747,3744
1933,1811,3744
1913,1831,3744
1877,1867,3744
1873,1871,3744
3739,7,3746
3733,13,3746
3727,19,3746
3709,37,3746
3673,73,3746
3643,103,3746
3637,109,3746
3607,139,3746
3583,163,3746
3547,199,3746
3517,229,3746
3469,277,3746
3463,283,3746
3433,313,3746
3373,373,3746
3313,433,3746
3307,439,3746
3259,487,3746
3169,577,3746
3037,709,3746
3019,727,3746
2917,829,3746
2887,859,3746
2749,997,3746
2713,1033,3746
2707,1039,3746
2683,1063,3746
2677,1069,3746
2659,1087,3746
2617,1129,3746
2593,1153,3746
2467,1279,3746
2347,1399,3746
2293,1453,3746
2287,1459,3746
2203,1543,3746
2179,1567,3746
2137,1609,3746
2089,1657,3746
2083,1663,3746
2053,1693,3746
1999,1747,3746
1993,1753,3746
1987,1759,3746
1879,1867,3746
1873,1873,3746
3719,29,3748
3701,47,3748
3677,71,3748
3659,89,3748
3617,131,3748
3581,167,3748
3557,191,3748
3491,257,3748
3467,281,3748
3389,359,3748
3359,389,3748
3347,401,3748
3329,419,3748
3299,449,3748
3257,491,3748
3191,557,3748
3089,659,3748
2939,809,3748
2927,821,3748
2909,839,3748
2861,887,3748
2837,911,3748
2819,929,3748
2801,947,3748
2777,971,3748
2729,1019,3748
2699,1049,3748
2687,1061,3748
2657,1091,3748
2531,1217,3748
2459,1289,3748
2447,1301,3748
2441,1307,3748
2381,1367,3748
2339,1409,3748
2309,1439,3748
2297,1451,3748
2267,1481,3748
2237,1511,3748
2141,1607,3748
2129,1619,3748
2111,1637,3748
2081,1667,3748
2039,1709,3748
2027,1721,3748
1901,1847,3748
1877,1871,3748
3739,11,3750
3733,17,3750
3727,23,3750
3719,31,3750
3709,41,3750
3697,53,3750
3691,59,3750
3677,73,3750
3671,79,3750
3643,107,3750
3637,113,3750
3623,127,3750
3613,137,3750
3593,157,3750
3583,167,3750
3571,179,3750
3559,191,3750
3557,193,3750
3539,211,3750
3527,223,3750
3517,233,3750
3511,239,3750
3499,251,3750
3469,281,3750
3467,283,3750
3457,293,3750
3433,317,3750
3413,337,3750
3391,359,3750
3371,379,3750
3361,389,3750
3331,419,3750
3329,421,3750
3319,431,3750
3307,443,3750
3301,449,3750
3271,479,3750
3259,491,3750
3251,499,3750
3229,521,3750
3209,541,3750
3203,547,3750
3187,563,3750
3181,569,3750
3163,587,3750
3137,613,3750
3119,631,3750
3109,641,3750
3089,661,3750
3067,683,3750
3049,701,3750
3041,709,3750
3023,727,3750
3011,739,3750
2999,751,3750
2963,787,3750
2953,797,3750
2939,811,3750
2927,823,3750
2897,853,3750
2887,863,3750
2843,907,3750
2803,947,3750
2797,953,3750
2767,983,3750
2753,997,3750
2741,1009,3750
2731,1019,3750
2729,1021,3750
2719,1031,3750
2711,1039,3750
2699,1051,3750
2689,1061,3750
2687,1063,3750
2663,1087,3750
2659,1091,3750
2657,1093,3750
2647,1103,3750
2633,1117,3750
2621,1129,3750
2579,1171,3750
2557,1193,3750
2549,1201,3750
2521,1229,3750
2473,1277,3750
2467,1283,3750
2459,1291,3750
2447,1303,3750
2423,1327,3750
2389,1361,3750
2383,1367,3750
2377,1373,3750
2351,1399,3750
2341,1409,3750
2311,1439,3750
2297,1453,3750
2269,1481,3750
2267,1483,3750
2251,1499,3750
2239,1511,3750
2207,1543,3750
2179,1571,3750
2153,1597,3750
2143,1607,3750
2141,1609,3750
2137,1613,3750
2131,1619,3750
2129,1621,3750
2113,1637,3750
2087,1663,3750
2083,1667,3750
2081,1669,3750
2053,1697,3750
2029,1721,3750
2027,1723,3750
2017,1733,3750
2003,1747,3750
1997,1753,3750
1973,1777,3750
1949,1801,3750
1889,1861,3750
1879,1871,3750
1877,1873,3750
3739,13,3752
3733,19,3752
3709,43,3752
3691,61,3752
3673,79,3752
3643,109,3752
3613,139,3752
3571,181,3752
3559,193,3752
3541,211,3752
3529,223,3752
3511,241,3752
3469,283,3752
3373,379,3752
3343,409,3752
3331,421,3752
3319,433,3752
3313,439,3752
3253,499,3752
3229,523,3752
3181,571,3752
3121,631,3752
3109,643,3752
3079,673,3752
3061,691,3752
3019,733,3752
3001,751,3752
2833,919,3752
2731,1021,3752
2719,1033,3752
2713,1039,3752
2689,1063,3752
2683,1069,3752
2659,1093,3752
2551,1201,3752
2539,1213,3752
2521,1231,3752
2503,1249,3752
2473,1279,3752
2371,1381,3752
2293,1459,3752
2281,1471,3752
2269,1483,3752
2221,1531,3752
2203,1549,3752
2143,1609,3752
2131,1621,3752
2089,1663,3752
2083,1669,3752
2053,1699,3752
2029,1723,3752
2011,1741,3752
1999,1753,3752
1993,1759,3752
1951,1801,3752
1879,1873,3752
3701,53,3754
3671,83,3754
3623,131,3754
3617,137,3754
3581,173,3754
3557,197,3754
3527,227,3754
3491,263,3754
3461,293,3754
3407,347,3754
3371,383,3754
3323,431,3754
3251,503,3754
3191,563,3754
3167,587,3754
3137,617,3754
3011,743,3754
2957,797,3754
2927,827,3754
2897,857,3754
2843,911,3754
2801,953,3754
2777,977,3754
2741,1013,3754
2693,1061,3754
2663,1091,3754
2657,1097,3754
2591,1163,3754
2531,1223,3754
2477,1277,3754
2447,1307,3754
2393,1361,3754
2381,1373,3754
2273,1481,3754
2267,1487,3754
2243,1511,3754
2153,1601,3754
2141,1613,3754
2087,1667,3754
1931,1823,3754
1907,1847,3754
1877,1877,3754
3739,17,3756
3733,23,3756
3727,29,3756
3719,37,3756
3709,47,3756
3697,59,3756
3677,79,3756
3673,83,3756
3659,97,3756
3643,113,3756
3617,139,3756
3607,149,3756
3593,163,3756
3583,173,3756
3559,197,3756
3557,199,3756
3533,223,3756
3529,227,3756
3527,229,3756
3517,239,3756
3499,257,3756
3463,293,3756
3449,307,3756
3407,349,3756
3389,367,3756
3373,383,3756
3359,397,3756
3347,409,3756
3323,433,3756
3313,443,3756
3307,449,3756
3299,457,3756
3257,499,3756
3253,503,3756
3209,547,3756
3187,569,3756
3169,587,3756
3163,593,3756
3137,619,3756
3109,647,3756
3083,673,3756
3079,677,3756
3037,719,3756
3023,733,3756
2999,757,3756
2969,787,3756
2927,829,3756
2917,839,3756
2903,853,3756
2897,859,3756
2879,877,3756
2837,919,3756
2819,937,3756
2803,953,3756
2789,967,3756
2707,1049,3756
2693,1063,3756
2687,1069,3756
2663,1093,3756
2659,1097,3756
2647,1109,3756
2633,1123,3756
2593,1163,3756
2543,1213,3756
2539,1217,3756
2477,1279,3756
2473,1283,3756
2467,1289,3756
2459,1297,3756
2437,1319,3756
2389,1367,3756
2383,1373,3756
2357,1399,3756
2347,1409,3756
2333,1423,3756
2309,1447,3756
2297,1459,3756
2273,1483,3756
2269,1487,3756
2267,1489,3756
2213,1543,3756
2207,1549,3756
2203,1553,3756
2143,1613,3756
2137,1619,3756
2129,1627,3756
2099,1657,3756
2089,1667,3756
2087,1669,3756
2063,1693,3756
2003,1753,3756
1997,1759,3756
1979,1777,3756
1973,1783,3756
1933,1823,3756
1889,1867,3756
1879,1877,3756
3739,19,3758
3727,31,3758
3697,61,3758
3691,67,3758
3631,127,3758
3607,151,3758
3559,199,3758
3547,211,3758
3529,229,3758
3517,241,3758
3391,367,3758
3361,397,3758
3319,439,3758
3301,457,3758
3271,487,3758
3259,499,3758
3217,541,3758
3187,571,3758
3181,577,3758
3067,691,3758
3049,709,3758
3019,739,3758
3001,757,3758
2971,787,3758
2851,907,3758
2791,967,3758
2767,991,3758
2749,1009,3758
2719,1039,3758
2707,1051,3758
2689,1069,3758
2671,1087,3758
2557,1201,3758
2521,1237,3758
2467,1291,3758
2437,1321,3758
2377,1381,3758
2311,1447,3758
2287,1471,3758
2269,1489,3758
2179,1579,3758
2161,1597,3758
2137,1621,3758
2131,1627,3758
2089,1669,3758
2017,1741,3758
2011,1747,3758
1999,1759,3758
1879,1879,3758
3719,41,3760
3701,59,3760
3677,83,3760
3671,89,3760
3659,101,3760
3623,137,3760
3593,167,3760
3581,179,3760
3533,227,3760
3527,233,3760
3491,269,3760
3467,293,3760
3449,311,3760
3413,347,3760
3407,353,3760
3371,389,3760
3359,401,3760
3329,431,3760
3299,461,3760
3257,503,3760
3251,509,3760
3203,557,3760
3191,569,3760
3167,593,3760
3119,641,3760
3083,677,3760
3041,719,3760
2999,761,3760
2963,797,3760
2939,821,3760
2903,857,3760
2897,863,3760
2879,881,3760
2819,941,3760
2789,971,3760
2777,983,3760
2741,1019,3760
2729,1031,3760
2711,1049,3760
2699,1061,3760
2663,1097,3760
2657,1103,3760
2609,1151,3760
2579,1181,3760
2543,1217,3760
2531,1229,3760
2477,1283,3760
2459,1301,3760
2441,1319,3760
2399,1361,3760
2393,1367,3760
2351,1409,3760
2333,1427,3760
2309,1451,3760
2273,1487,3760
2267,1493,3760
2237,1523,3760
2207,1553,3760
2153,1607,3760
2141,1619,3760
2063,1697,3760
2039,1721,3760
2027,1733,3760
1973,1787,3760
1949,1811,3760
1913,1847,3760
1889,1871,3760
3739,23,3762
3733,29,3762
3719,43,3762
3709,53,3762
3701,61,3762
3691,71,3762
3673,89,3762
3659,103,3762
3631,131,3762
3623,139,3762
3613,149,3762
3583,179,3762
3581,181,3762
3571,191,3762
3539,223,3762
3533,229,3762
3529,233,3762
3511,251,3762
3499,263,3762
3491,271,3762
3469,293,3762
3449,313,3762
3413,349,3762
3389,373,3762
3373,389,3762
3361,401,3762
3343,419,3762
3331,431,3762
3329,433,3762
3323,439,3762
3319,443,3762
3313,449,3762
3301,461,3762
3299,463,3762
3271,491,3762
3259,503,3762
3253,509,3762
3221,541,3762
3191,571,3762
3169,593,3762
3163,599,3762
3121,641,3762
3119,643,3762
3109,653,3762
3089,673,3762
3079,683,3762
3061,701,3762
3023,739,3762
3019,743,3762
3011,751,3762
3001,761,3762
2953,809,3762
2939,823,3762
2909,853,3762
2903,859,3762
2879,883,3762
2851,911,3762
2843,919,3762
2833,929,3762
2791,971,3762
2753,1009,3762
2749,1013,3762
2741,1021,3762
2731,1031,3762
2729,1033,3762
2713,1049,3762
2711,1051,3762
2699,1063,3762
2693,1069,3762
2671,1091,3762
2659,1103,3762
2633,1129,3762
2609,1153,3762
2591,1171,3762
2549,1213,3762
2539,1223,3762
2531,1231,3762
2503,1259,3762
2473,1289,3762
2459,1303,3762
2441,1321,3762
2389,1373,3762
2381,1381,3762
2339,1423,3762
2333,1429,3762
2311,1451,3762
2309,1453,3762
2281,1481,3762
2273,1489,3762
2269,1493,3762
2251,1511,3762
2239,1523,3762
2213,1549,3762
2203,1559,3762
2179,1583,3762
2161,1601,3762
2153,1609,3762
2143,1619,3762
2141,1621,3762
2099,1663,3762
2069,1693,3762
2063,1699,3762
2053,1709,3762
2039,1723,3762
2029,1733,3762
2003,1759,3762
1979,1783,3762
1973,1789,3762
1951,1811,3762
1931,1831,3762
1901,1861,3762
1889,1873,3762
3761,3,3764
3733,31,3764
3727,37,3764
3697,67,3764
3691,73,3764
3637,127,3764
3613,151,3764
3607,157,3764
3583,181,3764
3571,193,3764
3541,223,3764
3457,307,3764
3433,331,3764
3391,373,3764
3343,421,3764
3331,433,3764
3307,457,3764
3301,463,3764
3217,547,3764
3187,577,3764
3163,601,3764
3121,643,3764
3037,727,3764
2953,811,3764
2887,877,3764
2857,907,3764
2797,967,3764
2767,997,3764
2731,1033,3764
2713,1051,3764
2677,1087,3764
2671,1093,3764
2647,1117,3764
2593,1171,3764
2551,1213,3764
2473,1291,3764
2467,1297,3764
2437,1327,3764
2383,1381,3764
2341,1423,3764
2311,1453,3764
2293,1471,3764
2281,1483,3764
2221,1543,3764
2143,1621,3764
2137,1627,3764
2017,1747,3764
2011,1753,3764
1987,1777,3764
1933,1831,3764
3761,5,3766
3719,47,3766
3677,89,3766
3659,107,3766
3617,149,3766
3593,173,3766
3539,227,3766
3533,233,3766
3527,239,3766
3449,317,3766
3413,353,3766
3407,359,3766
3347,419,3766
3323,443,3766
3299,467,3766
3257,509,3766
3209,557,3766
3203,563,3766
3167,599,3766
3119,647,3766
3089,677,3766
3083,683,3766
3023,743,3766
2969,797,3766
2957,809,3766
2939,827,3766
2927,839,3766
2909,857,3766
2903,863,3766
2879,887,3766
2837,929,3766
2819,947,3766
2789,977,3766
2753,1013,3766
2663,1103,3766
2657,1109,3766
2579,1187,3766
2549,1217,3766
2543,1223,3766
2477,1289,3766
2459,1307,3766
2447,1319,3766
2399,1367,3766
2393,1373,3766
2357,1409,3766
2339,1427,3766
2333,1433,3766
2273,1493,3766
2267,1499,3766
2243,1523,3766
2213,1553,3766
2207,1559,3766
2153,1613,3766
2129,1637,3766
2099,1667,3766
2069,1697,3766
1979,1787,3766
1889,1877,3766
3761,7,3768
3739,29,3768
3727,41,3768
3709,59,3768
3701,67,3768
3697,71,3768
3671,97,3768
3659,109,3768
3637,131,3768
3631,137,3768
3617,151,3768
3571,197,3768
3557,211,3768
3541,227,3768
3539,229,3768
3529,239,3768
3527,241,3768
3517,251,3768
3511,257,3768
3499,269,3768
3491,277,3768
3461,307,3768
3457,311,3768
3389,379,3768
3371,397,3768
3359,409,3768
3347,421,3768
3329,439,3768
3319,449,3768
3307,461,3768
3301,467,3768
3259,509,3768
3221,547,3768
3191,577,3768
3181,587,3768
3169,599,3768
3167,601,3768
3137,631,3768
3121,647,3768
3109,659,3768
3067,701,3768
3049,719,3768
3041,727,3768
3011,757,3768
2999,769,3768
2971,797,3768
2957,811,3768
2939,829,3768
2909,859,3768
2887,881,3768
2861,907,3768
2857,911,3768
2801,967,3768
2797,971,3768
2791,977,3768
2777,991,3768
2749,1019,3768
2729,1039,3768
2719,1049,3768
2707,1061,3768
2699,1069,3768
2677,1091,3768
2671,1097,3768
2659,1109,3768
2617,1151,3768
2551,1217,3768
2539,1229,3768
2531,1237,3768
2477,1291,3768
2467,1301,3768
2447,1321,3768
2441,1327,3768
2341,1427,3768
2339,1429,3768
2309,1459,3768
2297,1471,3768
2287,1481,3768
2281,1487,3768
2269,1499,3768
2237,1531,3768
2161,1607,3768
2141,1627,3768
2131,1637,3768
2111,1657,3768
2099,1669,3768
2069,1699,3768
2027,1741,3768
1979,1789,3768
1907,1861,3768
1901,1867,3768
1889,1879,3768
3767,3,3770
3739,31,3770
3733,37,3770
3727,43,3770
3709,61,3770
3697,73,3770
3691,79,3770
3673,97,3770
3643,127,3770
3631,139,3770
3613,157,3770
3607,163,3770
3571,199,3770
3559,211,3770
3547,223,3770
3541,229,3770
3529,241,3770
3499,271,3770
3463,307,3770
3457,313,3770
3433,337,3770
3391,379,3770
3373,397,3770
3361,409,3770
3331,439,3770
3313,457,3770
3307,463,3770
3271,499,3770
3229,541,3770
3169,601,3770
3163,607,3770
3109,661,3770
3079,691,3770
3061,709,3770
3037,733,3770
3019,751,3770
3001,769,3770
2917,853,3770
2887,883,3770
2851,919,3770
2833,937,3770
2803,967,3770
2749,1021,3770
2731,1039,3770
2719,1051,3770
2707,1063,3770
2683,1087,3770
2677,1093,3770
2647,1123,3770
2617,1153,3770
2557,1213,3770
2539,1231,3770
2521,1249,3770
2473,1297,3770
2467,1303,3770
2389,1381,3770
2371,1399,3770
2347,1423,3770
2341,1429,3770
2311,1459,3770
2287,1483,3770
2281,1489,3770
2239,1531,3770
2221,1549,3770
2203,1567,3770
2161,1609,3770
2143,1627,3770
2113,1657,3770
2029,1741,3770
2017,1753,3770
2011,1759,3770
1993,1777,3770
1987,1783,3770
3769,3,3772
3767,5,3772
3761,11,3772
3719,53,3772
3701,71,3772
3671,101,3772
3659,113,3772
3623,149,3772
3593,179,3772
3581,191,3772
3539,233,3772
3533,239,3772
3491,281,3772
3461,311,3772
3413,359,3772
3389,383,3772
3371,401,3772
3329,443,3772
3323,449,3772
3251,521,3772
3209,563,3772
3203,569,3772
3119,653,3772
3089,683,3772
3011,761,3772
2999,773,3772
2963,809,3772
2909,863,3772
2861,911,3772
2843,929,3772
2819,953,3772
2801,971,3772
2789,983,3772
2753,1019,3772
2741,1031,3772
2711,1061,3772
2663,1109,3772
2621,1151,3772
2609,1163,3772
2591,1181,3772
2579,1193,3772
2549,1223,3772
2543,1229,3772
2411,1361,3772
2399,1373,3772
2339,1433,3772
2333,1439,3772
2273,1499,3772
2213,1559,3772
2153,1619,3772
2063,1709,3772
2039,1733,3772
1949,1823,3772
1901,1871,3772
3769,5,3774
3767,7,3774
3761,13,3774
3733,41,3774
3727,47,3774
3701,73,3774
3691,83,3774
3677,97,3774
3673,101,3774
3671,103,3774
3643,131,3774
3637,137,3774
3623,151,3774
3617,157,3774
3607,167,3774
3593,181,3774
3583,191,3774
3581,193,3774
3547,227,3774
3541,233,3774
3533,241,3774
3517,257,3774
3511,263,3774
3491,283,3774
3467,307,3774
3463,311,3774
3461,313,3774
3457,317,3774
3407,367,3774
3391,383,3774
3373,401,3774
3343,431,3774
3331,443,3774
3313,461,3774
3307,467,3774
3271,503,3774
3253,521,3774
3251,523,3774
3217,557,3774
3203,571,3774
3187,587,3774
3181,593,3774
3167,607,3774
3121,653,3774
3083,691,3774
3041,733,3774
3023,751,3774
3001,773,3774
2963,811,3774
2953,821,3774
2917,857,3774
2897,877,3774
2887,887,3774
2837,937,3774
2833,941,3774
2803,971,3774
2797,977,3774
2791,983,3774
2777,997,3774
2753,1021,3774
2741,1033,3774
2713,1061,3774
2711,1063,3774
2687,1087,3774
2683,1091,3774
2677,1097,3774
2671,1103,3774
2657,1117,3774
2621,1153,3774
2593,1181,3774
2557,1217,3774
2551,1223,3774
2543,1231,3774
2477,1297,3774
2473,1301,3774
2467,1307,3774
2447,1327,3774
2393,1381,3774
2351,1423,3774
2347,1427,3774
2341,1433,3774
2293,1481,3774
2287,1487,3774
2281,1493,3774
2251,1523,3774
2243,1531,3774
2221,1553,3774
2207,1567,3774
2203,1571,3774
2161,1613,3774
2153,1621,3774
2137,1637,3774
2111,1663,3774
2081,1693,3774
2053,1721,3774
2027,1747,3774
1997,1777,3774
1987,1787,3774
1973,1801,3774
1951,1823,3774
1913,1861,3774
1907,1867,3774
1901,1873,3774
3769,7,3776
3739,37,3776
3733,43,3776
3709,67,3776
3697,79,3776
3673,103,3776
3637,139,3776
3613,163,3776
3583,193,3776
3547,229,3776
3499,277,3776
3469,307,3776
3463,313,3776
3343,433,3776
3319,457,3776
3313,463,3776
3253,523,3776
3229,547,3776
3169,607,3776
3163,613,3776
3067,709,3776
3049,727,3776
3037,739,3776
3019,757,3776
2953,823,3776
2917,859,3776
2857,919,3776
2767,1009,3776
2713,1063,3776
2707,1069,3776
2689,1087,3776
2683,1093,3776
2659,1117,3776
2647,1129,3776
2539,1237,3776
2473,1303,3776
2377,1399,3776
2347,1429,3776
2293,1483,3776
2287,1489,3776
2179,1597,3776
2113,1663,3776
2083,1693,3776
2053,1723,3776
2029,1747,3776
2017,1759,3776
1999,1777,3776
1993,1783,3776
1987,1789,3776
3767,11,3778
3761,17,3778
3719,59,3778
3677,101,3778
3671,107,3778
3581,197,3778
3539,239,3778
3527,251,3778
3467,311,3778
3461,317,3778
3389,389,3778
3359,419,3778
3347,431,3778
3329,449,3778
3299,479,3778
3257,521,3778
3221,557,3778
3209,569,3778
3191,587,3778
3137,641,3778
3119,659,3778
2969,809,3778
2957,821,3778
2939,839,3778
2897,881,3778
2837,941,3778
2801,977,3778
2729,1049,3778
2687,1091,3778
2591,1187,3778
2549,1229,3778
2477,1301,3778
2459,1319,3778
2417,1361,3778
2411,1367,3778
2351,1427,3778
2339,1439,3778
2297,1481,3778
2267,1511,3778
2207,1571,3778
2141,1637,3778
2111,1667,3778
2081,1697,3778
2069,1709,3778
1931,1847,3778
1907,1871,3778
1901,1877,3778
1889,1889,3778
3769,11,3780
3767,13,3780
3761,19,3780
3739,41,3780
3733,47,3780
3727,53,3780
3719,61,3780
3709,71,3780
3701,79,3780
3697,83,3780
3691,89,3780
3677,103,3780
3673,107,3780
3671,109,3780
3643,137,3780
3631,149,3780
3623,157,3780
3617,163,3780
3613,167,3780
3607,173,3780
3583,197,3780
3581,199,3780
3557,223,3780
3547,233,3780
3541,239,3780
3539,241,3780
3529,251,3780
3517,263,3780
3511,269,3780
3499,281,3780
3469,311,3780
3467,313,3780
3463,317,3780
3449,331,3780
3433,347,3780
3413,367,3780
3407,373,3780
3391,389,3780
3371,409,3780
3361,419,3780
3359,421,3780
3347,433,3780
3331,449,3780
3323,457,3780
3319,461,3780
3313,467,3780
3301,479,3780
3271,509,3780
3259,521,3780
3257,523,3780
3217,563,3780
3209,571,3780
3203,577,3780
3187,593,3780
3181,599,3780
3167,613,3780
3163,617,3780
3137,643,3780
3121,659,3780
3119,661,3780
3089,691,3780
3079,701,3780
3061,719,3780
3041,739,3780
3037,743,3780
3023,757,3780
3019,761,3780
3011,769,3780
2971,809,3780
2969,811,3780
2957,823,3780
2953,827,3780
2927,853,3780
2917,863,3780
2903,877,3780
2897,883,3780
2861,919,3780
2851,929,3780
2843,937,3780
2833,947,3780
2803,977,3780
2797,983,3780
2789,991,3780
2767,1013,3780
2749,1031,3780
2741,1039,3780
2731,1049,3780
2729,1051,3780
2719,1061,3780
2711,1069,3780
2693,1087,3780
2689,1091,3780
2687,1093,3780
2683,1097,3780
2677,1103,3780
2671,1109,3780
2663,1117,3780
2657,1123,3780
2617,1163,3780
2609,1171,3780
2593,1187,3780
2579,1201,3780
2557,1223,3780
2551,1229,3780
2549,1231,3780
2543,1237,3780
2531,1249,3780
2521,1259,3780
2503,1277,3780
2477,1303,3780
2473,1307,3780
2459,1321,3780
2399,1381,3780
2381,1399,3780
2371,1409,3780
2357,1423,3780
2351,1429,3780
2347,1433,3780
2341,1439,3780
2333,1447,3780
2309,1471,3780
2297,1483,3780
2293,1487,3780
2287,1493,3780
2281,1499,3780
2269,1511,3780
2237,1543,3780
2221,1559,3780
2213,1567,3780
2179,1601,3780
2161,1619,3780
2153,1627,3780
2143,1637,3780
2113,1667,3780
2111,1669,3780
2087,1693,3780
2083,1697,3780
2081,1699,3780
2039,1741,3780
2027,1753,3780
2003,1777,3780
1997,1783,3780
1993,1787,3780
1979,1801,3780
1949,1831,3780
1933,1847,3780
1913,1867,3780
1907,1873,3780
1901,1879,3780
3779,3,3782
3769,13,3782
3739,43,3782
3709,73,3782
3673,109,3782
3643,139,3782
3631,151,3782
3583,199,3782
3571,211,3782
3559,223,3782
3541,241,3782
3511,271,3782
3499,283,3782
3469,313,3782
3433,349,3782
3373,409,3782
3361,421,3782
3343,439,3782
3319,463,3782
3259,523,3782
3181,601,3782
3169,613,3782
3163,619,3782
3121,661,3782
3109,673,3782
3049,733,3782
2971,811,3782
2953,829,3782
2791,991,3782
2749,1033,3782
2731,1051,3782
2719,1063,3782
2713,1069,3782
2689,1093,3782
2659,1123,3782
2551,1231,3782
2503,1279,3782
2383,1399,3782
2311,1471,3782
2293,1489,3782
2251,1531,3782
2239,1543,3782
2203,1579,3782
2161,1621,3782
2113,1669,3782
2089,1693,3782
2083,1699,3782
2029,1753,3782
1999,1783,3782
1993,1789,3782
1951,1831,3782
3779,5,3784
3767,17,3784
3761,23,3784
3701,83,3784
3677,107,3784
3671,113,3784
3617,167,3784
3593,191,3784
3557,227,3784
3533,251,3784
3527,257,3784
3491,293,3784
3467,317,3784
3323,461,3784
3221,563,3784
3191,593,3784
3167,617,3784
3137,647,3784
3083,701,3784
3041,743,3784
3023,761,3784
3011,773,3784
2963,821,3784
2957,827,3784
2927,857,3784
2903,881,3784
2897,887,3784
2843,941,3784
2837,947,3784
2801,983,3784
2753,1031,3784
2693,1091,3784
2687,1097,3784
2633,1151,3784
2621,1163,3784
2591,1193,3784
2477,1307,3784
2423,1361,3784
2417,1367,3784
2411,1373,3784
2357,1427,3784
2351,1433,3784
2333,1451,3784
2297,1487,3784
2273,1511,3784
2213,1571,3784
2087,1697,3784
2063,1721,3784
1997,1787,3784
1973,1811,3784
1913,1871,3784
1907,1877,3784
3779,7,3786
3769,17,3786
3767,19,3786
3739,47,3786
3733,53,3786
3727,59,3786
3719,67,3786
3697,89,3786
3677,109,3786
3673,113,3786
3659,127,3786
3637,149,3786
3623,163,3786
3613,173,3786
3607,179,3786
3593,193,3786
3559,227,3786
3557,229,3786
3547,239,3786
3529,257,3786
3517,269,3786
3469,317,3786
3449,337,3786
3433,353,3786
3413,373,3786
3407,379,3786
3389,397,3786
3347,439,3786
3343,443,3786
3329,457,3786
3323,463,3786
3319,467,3786
3307,479,3786
3299,487,3786
3229,557,3786
3217,569,3786
3209,577,3786
3187,599,3786
3169,617,3786
3167,619,3786
3109,677,3786
3067,719,3786
2999,787,3786
2963,823,3786
2957,829,3786
2927,859,3786
2909,877,3786
2903,883,3786
2879,907,3786
2857,929,3786
2833,953,3786
2819,967,3786
2803,983,3786
2789,997,3786
2777,1009,3786
2767,1019,3786
2753,1033,3786
2699,1087,3786
2693,1093,3786
2689,1097,3786
2683,1103,3786
2677,1109,3786
2663,1123,3786
2657,1129,3786
2633,1153,3786
2593,1193,3786
2557,1229,3786
2549,1237,3786
2503,1283,3786
2467,1319,3786
2459,1327,3786
2377,1409,3786
2357,1429,3786
2347,1439,3786
2339,1447,3786
2333,1453,3786
2297,1489,3786
2293,1493,3786
2287,1499,3786
2243,1543,3786
2237,1549,3786
2207,1579,3786
2203,1583,3786
2179,1607,3786
2129,1657,3786
2089,1697,3786
2087,1699,3786
2063,1723,3786
2053,1733,3786
2039,1747,3786
2027,1759,3786
2003,1783,3786
1999,1787,3786
1997,1789,3786
1913,1873,3786
1907,1879,3786
3769,19,3788
3727,61,3788
3709,79,3788
3691,97,3788
3637,151,3788
3631,157,3788
3607,181,3788
3559,229,3788
3547,241,3788
3517,271,3788
3511,277,3788
3457,331,3788
3391,397,3788
3331,457,3788
3301,487,3788
3217,571,3788
3187,601,3788
3181,607,3788
3169,619,3788
3079,709,3788
3061,727,3788
3049,739,3788
3037,751,3788
3019,769,3788
3001,787,3788
2851,937,3788
2797,991,3788
2791,997,3788
2767,1021,3788
2749,1039,3788
2719,1069,3788
2671,1117,3788
2659,1129,3788
2617,1171,3788
2557,1231,3788
2551,1237,3788
2539,1249,3788
2467,1321,3788
2389,1399,3788
2341,1447,3788
2239,1549,3788
2221,1567,3788
2179,1609,3788
2161,1627,3788
2131,1657,3788
2089,1699,3788
2029,1759,3788
2011,1777,3788
1999,1789,3788
1987,1801,3788
3779,11,3790
3767,23,3790
3761,29,3790
3719,71,3790
3701,89,3790
3677,113,3790
3659,131,3790
3623,167,3790
3617,173,3790
3593,197,3790
3557,233,3790
3539,251,3790
3533,257,3790
3527,263,3790
3407,383,3790
3389,401,3790
3371,419,3790
3359,431,3790
3347,443,3790
3329,461,3790
3323,467,3790
3299,491,3790
3221,569,3790
3203,587,3790
3191,599,3790
3137,653,3790
3089,701,3790
2969,821,3790
2963,827,3790
2927,863,3790
2909,881,3790
2903,887,3790
2879,911,3790
2861,929,3790
2843,947,3790
2837,953,3790
2819,971,3790
2777,1013,3790
2741,1049,3790
2729,1061,3790
2699,1091,3790
2693,1097,3790
2687,1103,3790
2609,1181,3790
2531,1259,3790
2423,1367,3790
2417,1373,3790
2381,1409,3790
2357,1433,3790
2351,1439,3790
2339,1451,3790
2309,1481,3790
2297,1493,3790
2267,1523,3790
2237,1553,3790
2207,1583,3790
2153,1637,3790
2081,1709,3790
2069,1721,3790
2003,1787,3790
1979,1811,3790
1913,1877,3790
1901,1889,3790
3779,13,3792
3769,23,3792
3761,31,3792
3739,53,3792
3733,59,3792
3719,73,3792
3709,83,3792
3691,101,3792
3643,149,3792
3613,179,3792
3593,199,3792
3581,211,3792
3559,233,3792
3541,251,3792
3529,263,3792
3511,281,3792
3499,293,3792
3461,331,3792
3433,359,3792
3413,379,3792
3391,401,3792
3373,419,3792
3371,421,3792
3361,431,3792
3359,433,3792
3343,449,3792
3331,461,3792
3329,463,3792
3313,479,3792
3301,491,3792
3271,521,3792
3251,541,3792
3229,563,3792
3221,571,3792
3191,601,3792
3119,673,3792
3109,683,3792
3083,709,3792
3049,743,3792
3041,751,3792
3023,769,3792
3019,773,3792
2971,821,3792
2969,823,3792
2963,829,3792
2953,839,3792
2939,853,3792
2909,883,3792
2851,941,3792
2801,991,3792
2753,1039,3792
2741,1051,3792
2731,1061,3792
2729,1063,3792
2699,1093,3792
2689,1103,3792
2683,1109,3792
2663,1129,3792
2621,1171,3792
2591,1201,3792
2579,1213,3792
2543,1249,3792
2503,1289,3792
2473,1319,3792
2411,1381,3792
2393,1399,3792
2383,1409,3792
2341,1451,3792
2339,1453,3792
2333,1459,3792
2311,1481,3792
2309,1483,3792
2293,1499,3792
2281,1511,3792
2269,1523,3792
2243,1549,3792
2239,1553,3792
2221,1571,3792
2213,1579,3792
2179,1613,3792
2129,1663,3792
2099,1693,3792
2083,1709,3792
2069,1723,3792
2039,1753,3792
2003,1789,3792
1931,1861,3792
1913,1879,3792
3733,61,3794
3727,67,3794
3697,97,3794
3691,103,3794
3643,151,3794
3637,157,3794
3631,163,3794
3613,181,3794
3583,211,3794
3571,223,3794
3517,277,3794
3511,283,3794
3463,331,3794
3457,337,3794
3373,421,3794
3361,433,3794
3331,463,3794
3307,487,3794
3271,523,3794
3253,541,3794
3217,577,3794
3187,607,3794
3181,613,3794
3163,631,3794
3121,673,3794
3067,727,3794
3061,733,3794
3037,757,3794
2971,823,3794
2917,877,3794
2887,907,3794
2857,937,3794
2803,991,3794
2797,997,3794
2731,1063,3794
2707,1087,3794
2677,1117,3794
2671,1123,3794
2593,1201,3794
2557,1237,3794
2503,1291,3794
2473,1321,3794
2467,1327,3794
2371,1423,3794
2347,1447,3794
2341,1453,3794
2311,1483,3794
2251,1543,3794
2137,1657,3794
2131,1663,3794
2053,1741,3794
2017,1777,3794
2011,1783,3794
1993,1801,3794
1933,1861,3794
3793,3,3796
3779,17,3796
3767,29,3796
3659,137,3796
3623,173,3796
3617,179,3796
3557,239,3796
3539,257,3796
3533,263,3796
3527,269,3796
3449,347,3796
3413,383,3796
3407,389,3796
3347,449,3796
3329,467,3796
3209,587,3796
3203,593,3796
3137,659,3796
3119,677,3796
3023,773,3796
2999,797,3796
2969,827,3796
2957,839,3796
2939,857,3796
2909,887,3796
2843,953,3796
2819,977,3796
2777,1019,3796
2699,1097,3796
2693,1103,3796
2687,1109,3796
2633,1163,3796
2609,1187,3796
2579,1217,3796
2477,1319,3796
2423,1373,3796
2357,1439,3796
2309,1487,3796
2297,1499,3796
2273,1523,3796
2243,1553,3796
2237,1559,3796
2213,1583,3796
2129,1667,3796
2099,1697,3796
2087,1709,3796
2063,1733,3796
1973,1823,3796
1949,1847,3796
1907,1889,3796
3793,5,3798
3779,19,3798
3769,29,3798
3767,31,3798
3761,37,3798
3739,59,3798
3727,71,3798
3719,79,3798
3709,89,3798
3701,97,3798
3697,101,3798
3691,107,3798
3671,127,3798
3659,139,3798
3631,167,3798
3617,181,3798
3607,191,3798
3571,227,3798
3559,239,3798
3557,241,3798
3547,251,3798
3541,257,3798
3529,269,3798
3527,271,3798
3517,281,3798
3491,307,3798
3467,331,3798
3461,337,3798
3449,349,3798
3389,409,3798
3359,439,3798
3331,467,3798
3319,479,3798
3307,491,3798
3299,499,3798
3257,541,3798
3251,547,3798
3229,569,3798
3221,577,3798
3191,607,3798
3181,617,3798
3167,631,3798
3137,661,3798
3121,677,3798
3089,709,3798
3079,719,3798
3041,757,3798
3037,761,3798
3011,787,3798
3001,797,3798
2971,827,3798
2969,829,3798
2939,859,3798
2917,881,3798
2887,911,3798
2879,919,3798
2861,937,3798
2857,941,3798
2851,947,3798
2801,997,3798
2789,1009,3798
2777,1021,3798
2767,1031,3798
2749,1049,3798
2729,1069,3798
2711,1087,3798
2707,1091,3798
2689,1109,3798
2647,1151,3798
2617,1181,3798
2549,1249,3798
2539,1259,3798
2521,1277,3798
2477,1321,3798
2437,1361,3798
2417,1381,3798
2399,1399,3798
2389,1409,3798
2371,1427,3798
2351,1447,3798
2347,1451,3798
2339,1459,3798
2311,1487,3798
2309,1489,3798
2287,1511,3798
2267,1531,3798
2239,1559,3798
2179,1619,3798
2161,1637,3798
2141,1657,3798
2131,1667,3798
2129,1669,3798
2099,1699,3798
2089,1709,3798
2039,1759,3798
2011,1787,3798
1997,1801,3798
1987,1811,3798
1951,1847,3798
1931,1867,3798
3797,3,3800
3793,7,3800
3769,31,3800
3739,61,3800
3733,67,3800
3727,73,3800
3697,103,3800
3691,109,3800
3673,127,3800
3643,157,3800
3637,163,3800
3607,193,3800
3571,229,3800
3559,241,3800
3529,271,3800
3517,283,3800
3469,331,3800
3463,337,3800
3433,367,3800
3391,409,3800
3361,439,3800
3343,457,3800
3313,487,3800
3301,499,3800
3259,541,3800
3253,547,3800
3229,571,3800
3187,613,3800
3181,619,3800
3169,631,3800
3109,691,3800
3067,733,3800
3061,739,3800
3049,751,3800
2971,829,3800
2917,883,3800
2833,967,3800
2803,997,3800
2791,1009,3800
2767,1033,3800
2749,1051,3800
2731,1069,3800
2713,1087,3800
2707,1093,3800
2683,1117,3800
2677,1123,3800
2671,1129,3800
2647,1153,3800
2551,1249,3800
2521,1279,3800
2503,1297,3800
2473,1327,3800
2377,1423,3800
2371,1429,3800
2347,1453,3800
2341,1459,3800
2311,1489,3800
2269,1531,3800
2251,1549,3800
2221,1579,3800
2203,1597,3800
2179,1621,3800
2143,1657,3800
2137,1663,3800
2131,1669,3800
2053,1747,3800
2017,1783,3800
2011,1789,3800
1999,1801,3800
1933,1867,3800
3797,5,3802
3779,23,3802
3761,41,3802
3719,83,3802
3701,101,3802
3671,131,3802
3623,179,3802
3539,263,3802
3533,269,3802
3491,311,3802
3449,353,3802
3413,389,3802
3371,431,3802
3359,443,3802
3323,479,3802
3299,503,3802
3209,593,3802
3203,599,3802
3119,683,3802
3083,719,3802
3041,761,3802
2963,839,3802
2939,863,3802
2861,941,3802
2819,983,3802
2789,1013,3802
2753,1049,3802
2741,1061,3802
2711,1091,3802
2699,1103,3802
2693,1109,3802
2621,1181,3802
2609,1193,3802
2579,1223,3802
2543,1259,3802
2441,1361,3802
2393,1409,3802
2351,1451,3802
2309,1493,3802
2243,1559,3802
2081,1721,3802
2069,1733,3802
1979,1823,3802
1931,1871,3802
1913,1889,3802
1901,1901,3802
3797,7,3804
3793,11,3804
3767,37,3804
3761,43,3804
3733,71,3804
3701,103,3804
3697,107,3804
3691,113,3804
3677,127,3804
3673,131,3804
3637,167,3804
3631,173,3804
3623,181,3804
3613,191,3804
3607,197,3804
3593,211,3804
3581,223,3804
3571,233,3804
3547,257,3804
3541,263,3804
3533,271,3804
3527,277,3804
3511,293,3804
3491,313,3804
3467,337,3804
3457,347,3804
3407,397,3804
3373,431,3804
3371,433,3804
3361,443,3804
3347,457,3804
3343,461,3804
3313,491,3804
3301,503,3804
3257,547,3804
3217,587,3804
3203,601,3804
3191,613,3804
3187,617,3804
3163,641,3804
3121,683,3804
3061,743,3804
2927,877,3804
2917,887,3804
2897,907,3804
2857,947,3804
2851,953,3804
2837,967,3804
2833,971,3804
2791,1013,3804
2753,1051,3804
2741,1063,3804
2713,1091,3804
2711,1093,3804
2707,1097,3804
2687,1117,3804
2633,1171,3804
2617,1187,3804
2591,1213,3804
2521,1283,3804
2503,1301,3804
2477,1327,3804
2437,1367,3804
2423,1381,3804
2381,1423,3804
2377,1427,3804
2371,1433,3804
2357,1447,3804
2351,1453,3804
2333,1471,3804
2311,1493,3804
2293,1511,3804
2281,1523,3804
2273,1531,3804
2251,1553,3804
2237,1567,3804
2221,1583,3804
2207,1597,3804
2203,1601,3804
2141,1663,3804
2137,1667,3804
2111,1693,3804
2083,1721,3804
2081,1723,3804
2063,1741,3804
2027,1777,3804
2017,1787,3804
2003,1801,3804
1993,1811,3804
1973,1831,3804
1933,1871,3804
1931,1873,3804
3803,3,3806
3793,13,3806
3769,37,3806
3739,67,3806
3733,73,3806
3727,79,3806
3709,97,3806
3697,109,3806
3643,163,3806
3613,193,3806
3607,199,3806
3583,223,3806
3529,277,3806
3499,307,3806
3469,337,3806
3457,349,3806
3433,373,3806
3373,433,3806
3343,463,3806
3319,487,3806
3307,499,3806
3259,547,3806
3229,577,3806
3187,619,3806
3163,643,3806
3079,727,3806
3067,739,3806
3049,757,3806
3037,769,3806
3019,787,3806
2953,853,3806
2887,919,3806
2797,1009,3806
2767,1039,3806
2719,1087,3806
2713,1093,3806
2689,1117,3806
2683,1123,3806
2677,1129,3806
2593,1213,3806
2557,1249,3806
2503,1303,3806
2383,1423,3806
2377,1429,3806
2347,1459,3806
2239,1567,3806
2179,1627,3806
2143,1663,3806
2137,1669,3806
2113,1693,3806
2083,1723,3806
2053,1753,3806
2029,1777,3806
2017,1789,3806
1933,1873,3806
3803,5,3808
3797,11,3808
3779,29,3808
3767,41,3808
3761,47,3808
3719,89,3808
3701,107,3808
3677,131,3808
3671,137,3808
3659,149,3808
3617,191,3808
3581,227,3808
3557,251,3808
3539,269,3808
3527,281,3808
3491,317,3808
3461,347,3808
3449,359,3808
3407,401,3808
3389,419,3808
3359,449,3808
3347,461,3808
3329,479,3808
3299,509,3808
3251,557,3808
3221,587,3808
3209,599,3808
3191,617,3808
3167,641,3808
3089,719,3808
3011,797,3808
2999,809,3808
2969,839,3808
2927,881,3808
2897,911,3808
2879,929,3808
2861,947,3808
2837,971,3808
2789,1019,3808
2777,1031,3808
2711,1097,3808
2699,1109,3808
2657,1151,3808
2621,1187,3808
2591,1217,3808
2579,1229,3808
2549,1259,3808
2531,1277,3808
2447,1361,3808
2441,1367,3808
2399,1409,3808
2381,1427,3808
2357,1451,3808
2309,1499,3808
2297,1511,3808
2237,1571,3808
2207,1601,3808
2141,1667,3808
2111,1697,3808
2099,1709,3808
2087,1721,3808
1997,1811,3808
1931,1877,3808
1907,1901,3808
3803,7,3810
3797,13,3810
3793,17,3810
3779,31,3810
3769,41,3810
3767,43,3810
3739,71,3810
3727,83,3810
3709,101,3810
3701,109,3810
3697,113,3810
3673,137,3810
3671,139,3810
3659,151,3810
3643,167,3810
3637,173,3810
3631,179,3810
3617,193,3810
3613,197,3810
3583,227,3810
3581,229,3810
3571,239,3810
3559,251,3810
3547,263,3810
3541,269,3810
3539,271,3810
3533,277,3810
3529,281,3810
3527,283,3810
3517,293,3810
3499,311,3810
3463,347,3810
3461,349,3810
3457,353,3810
3413,397,3810
3391,419,3810
3389,421,3810
3371,439,3810
3361,449,3810
3347,463,3810
3343,467,3810
3331,479,3810
3323,487,3810
3319,491,3810
3307,503,3810
3301,509,3810
3253,557,3810
3217,593,3810
3209,601,3810
3203,607,3810
3191,619,3810
3169,641,3810
3167,643,3810
3163,647,3810
3137,673,3810
3119,691,3810
3109,701,3810
3083,727,3810
3067,743,3810
3049,761,3810
3041,769,3810
3037,773,3810
3023,787,3810
3001,809,3810
2999,811,3810
2971,839,3810
2957,853,3810
2953,857,3810
2927,883,3810
2903,907,3810
2857,953,3810
2843,967,3810
2833,977,3810
2819,991,3810
2801,1009,3810
2797,1013,3810
2791,1019,3810
2789,1021,3810
2777,1033,3810
2749,1061,3810
2741,1069,3810
2719,1091,3810
2713,1097,3810
2707,1103,3810
2693,1117,3810
2687,1123,3810
2659,1151,3810
2657,1153,3810
2647,1163,3810
2617,1193,3810
2609,1201,3810
2593,1217,3810
2579,1231,3810
2551,1259,3810
2531,1279,3810
2521,1289,3810
2503,1307,3810
2437,1373,3810
2411,1399,3810
2383,1427,3810
2381,1429,3810
2377,1433,3810
2371,1439,3810
2357,1453,3810
2351,1459,3810
2339,1471,3810
2311,1499,3810
2287,1523,3810
2267,1543,3810
2251,1559,3810
2243,1567,3810
2239,1571,3810
2213,1597,3810
2203,1607,3810
2153,1657,3810
2143,1667,3810
2141,1669,3810
2113,1697,3810
2111,1699,3810
2089,1721,3810
2087,1723,3810
2069,1741,3810
2063,1747,3810
2027,1783,3810
1999,1811,3810
1987,1823,3810
1979,1831,3810
1949,1861,3810
1933,1877,3810
1931,1879,3810
3793,19,3812
3769,43,3812
3739,73,3812
3733,79,3812
3709,103,3812
3673,139,3812
3631,181,3812
3613,199,3812
3583,229,3812
3571,241,3812
3541,271,3812
3529,283,3812
3499,313,3812
3463,349,3812
3433,379,3812
3391,421,3812
3373,439,3812
3313,499,3812
3271,541,3812
3181,631,3812
3169,643,3812
3121,691,3812
3079,733,3812
3061,751,3812
3001,811,3812
2953,859,3812
2803,1009,3812
2791,1021,3812
2749,1063,3812
2719,1093,3812
2689,1123,3812
2683,1129,3812
2659,1153,3812
2521,1291,3812
2389,1423,3812
2383,1429,3812
2341,1471,3812
2281,1531,3812
2269,1543,3812
2203,1609,3812
2143,1669,3812
2113,1699,3812
2089,1723,3812
2053,1759,3812
2029,1783,3812
2011,1801,3812
1951,1861,3812
1933,1879,3812
3803,11,3814
3797,17,3814
3767,47,3814
3761,53,3814
3701,113,3814
3677,137,3814
3623,191,3814
3617,197,3814
3581,233,3814
3557,257,3814
3533,281,3814
3467,347,3814
3461,353,3814
3413,401,3814
3371,443,3814
3347,467,3814
3323,491,3814
3257,557,3814
3251,563,3814
3221,593,3814
3167,647,3814
3137,677,3814
3041,773,3814
2957,857,3814
2927,887,3814
2903,911,3814
2861,953,3814
2843,971,3814
2837,977,3814
2801,1013,3814
2753,1061,3814
2711,1103,3814
2663,1151,3814
2633,1181,3814
2621,1193,3814
2591,1223,3814
2531,1283,3814
2447,1367,3814
2441,1373,3814
2381,1433,3814
2333,1481,3814
2243,1571,3814
2213,1601,3814
2207,1607,3814
2081,1733,3814
2027,1787,3814
2003,1811,3814
1913,1901,3814
1907,1907,3814
3803,13,3816
3797,19,3816
3793,23,3816
3779,37,3816
3769,47,3816
3733,83,3816
3727,89,3816
3719,97,3816
3709,107,3816
3677,139,3816
3659,157,3816
3643,173,3816
3637,179,3816
3623,193,3816
3617,199,3816
3593,223,3816
3583,233,3816
3559,257,3816
3547,269,3816
3539,277,3816
3533,283,3816
3499,317,3816
3469,347,3816
3467,349,3816
3463,353,3816
3457,359,3816
3449,367,3816
3433,383,3816
3407,409,3816
3373,443,3816
3359,457,3816
3329,487,3816
3313,503,3816
3307,509,3816
3259,557,3816
3253,563,3816
3229,587,3816
3217,599,3816
3209,607,3816
3203,613,3816
3169,647,3816
3163,653,3816
3089,727,3816
3083,733,3816
3019,797,3816
2963,853,3816
2957,859,3816
2953,863,3816
2939,877,3816
2909,907,3816
2897,919,3816
2887,929,3816
2879,937,3816
2833,983,3816
2819,997,3816
2803,1013,3816
2797,1019,3816
2777,1039,3816
2767,1049,3816
2753,1063,3816
2729,1087,3816
2719,1097,3816
2713,1103,3816
2707,1109,3816
2699,1117,3816
2693,1123,3816
2687,1129,3816
2663,1153,3816
2593,1223,3816
2579,1237,3816
2557,1259,3816
2539,1277,3816
2417,1399,3816
2393,1423,3816
2389,1427,3816
2383,1433,3816
2377,1439,3816
2357,1459,3816
2333,1483,3816
2293,1523,3816
2273,1543,3816
2267,1549,3816
2237,1579,3816
2207,1609,3816
2203,1613,3816
2179,1637,3816
2153,1663,3816
2083,1733,3816
2069,1747,3816
2063,1753,3816
2039,1777,3816
2029,1787,3816
2027,1789,3816
1993,1823,3816
1949,1867,3816
3739,79,3818
3709,109,3818
3691,127,3818
3637,181,3818
3607,211,3818
3547,271,3818
3541,277,3818
3511,307,3818
3469,349,3818
3361,457,3818
3331,487,3818
3319,499,3818
3271,547,3818
3217,601,3818
3187,631,3818
3109,709,3818
3079,739,3818
3067,751,3818
3061,757,3818
3049,769,3818
2851,967,3818
2797,1021,3818
2767,1051,3818
2749,1069,3818
2731,1087,3818
2689,1129,3818
2647,1171,3818
2617,1201,3818
2539,1279,3818
2521,1297,3818
2437,1381,3818
2389,1429,3818
2371,1447,3818
2347,1471,3818
2287,1531,3818
2269,1549,3818
2251,1567,3818
2239,1579,3818
2221,1597,3818
2161,1657,3818
2029,1789,3818
2017,1801,3818
1987,1831,3818
1951,1867,3818
3803,17,3820
3797,23,3820
3779,41,3820
3767,53,3820
3761,59,3820
3719,101,3820
3671,149,3820
3623,197,3820
3593,227,3820
3581,239,3820
3557,263,3820
3539,281,3820
3527,293,3820
3467,353,3820
3461,359,3820
3389,431,3820
3371,449,3820
3359,461,3820
3329,491,3820
3299,521,3820
3257,563,3820
3251,569,3820
3221,599,3820
3203,617,3820
3167,653,3820
3137,683,3820
3119,701,3820
3023,797,3820
3011,809,3820
2999,821,3820
2963,857,3820
2957,863,3820
2939,881,3820
2909,911,3820
2879,941,3820
2843,977,3820
2837,983,3820
2801,1019,3820
2789,1031,3820
2729,1091,3820
2711,1109,3820
2657,1163,3820
2633,1187,3820
2591,1229,3820
2543,1277,3820
2531,1289,3820
2459,1361,3820
2447,1373,3820
2411,1409,3820
2393,1427,3820
2381,1439,3820
2339,1481,3820
2333,1487,3820
2309,1511,3820
2297,1523,3820
2267,1553,3820
2237,1583,3820
2213,1607,3820
2207,1613,3820
2153,1667,3820
2111,1709,3820
2099,1721,3820
2087,1733,3820
1997,1823,3820
1973,1847,3820
1949,1871,3820
1931,1889,3820
1913,1907,3820
3803,19,3822
3793,29,3822
3779,43,3822
3769,53,3822
3761,61,3822
3739,83,3822
3733,89,3822
3719,103,3822
3709,113,3822
3691,131,3822
3673,149,3822
3671,151,3822
3659,163,3822
3643,179,3822
3631,191,3822
3623,199,3822
3593,229,3822
3583,239,3822
3581,241,3822
3571,251,3822
3559,263,3822
3541,281,3822
3539,283,3822
3529,293,3822
3511,311,3822
3491,331,3822
3469,353,3822
3463,359,3822
3449,373,3822
3433,389,3822
3413,409,3822
3391,431,3822
3389,433,3822
3373,449,3822
3361,461,3822
3359,463,3822
3343,479,3822
3331,491,3822
3323,499,3822
3319,503,3822
3313,509,3822
3301,521,3822
3299,523,3822
3259,563,3822
3253,569,3822
3251,571,3822
3229,593,3822
3221,601,3822
3209,613,3822
3203,619,3822
3191,631,3822
3181,641,3822
3169,653,3822
3163,659,3822
3121,701,3822
3089,733,3822
3083,739,3822
3079,743,3822
3061,761,3822
3049,773,3822
3011,811,3822
3001,821,3822
2999,823,3822
2969,853,3822
2963,859,3822
2939,883,3822
2903,919,3822
2851,971,3822
2803,1019,3822
2801,1021,3822
2791,1031,3822
2789,1033,3822
2753,1069,3822
2731,1091,3822
2729,1093,3822
2719,1103,3822
2713,1109,3822
2699,1123,3822
2693,1129,3822
2671,1151,3822
2659,1163,3822
2621,1201,3822
2609,1213,3822
2593,1229,3822
2591,1231,3822
2543,1279,3822
2539,1283,3822
2531,1291,3822
2521,1301,3822
2503,1319,3822
2441,1381,3822
2423,1399,3822
2399,1423,3822
2393,1429,3822
2389,1433,3822
2383,1439,3822
2371,1451,3822
2351,1471,3822
2341,1481,3822
2339,1483,3822
2333,1489,3822
2311,1511,3822
2273,1549,3822
2269,1553,3822
2251,1571,3822
2243,1579,3822
2239,1583,3822
2221,1601,3822
2213,1609,3822
2203,1619,3822
2153,1669,3822
2129,1693,3822
2113,1709,3822
2099,1723,3822
2089,1733,3822
2081,1741,3822
2069,1753,3822
2063,1759,3822
2039,1783,3822
2011,1811,3822
1999,1823,3822
1951,1871,3822
1949,1873,3822
1933,1889,3822
3821,3,3824
3793,31,3824
3727,97,3824
3697,127,3824
3673,151,3824
3643,181,3824
3631,193,3824
3613,211,3824
3583,241,3824
3547,277,3824
3541,283,3824
3517,307,3824
3511,313,3824
3457,367,3824
3391,433,3824
3361,463,3824
3301,523,3824
3253,571,3824
3217,607,3824
3181,643,3824
3163,661,3824
3067,757,3824
3037,787,3824
3001,823,3824
2971,853,3824
2917,907,3824
2887,937,3824
2857,967,3824
2833,991,3824
2803,1021,3824
2791,1033,3824
2731,1093,3824
2707,1117,3824
2671,1153,3824
2593,1231,3824
2521,1303,3824
2503,1321,3824
2377,1447,3824
2371,1453,3824
2341,1483,3824
2293,1531,3824
2281,1543,3824
2203,1621,3824
2161,1663,3824
2131,1693,3824
2083,1741,3824
1993,1831,3824
1951,1873,3824
3823,3,3826
3821,5,3826
3803,23,3826
3797,29,3826
3779,47,3826
3767,59,3826
3719,107,3826
3677,149,3826
3659,167,3826
3593,233,3826
3557,269,3826
3533,293,3826
3467,359,3826
3407,419,3826
3359,467,3826
3347,479,3826
3323,503,3826
3257,569,3826
3209,617,3826
3167,659,3826
3083,743,3826
2999,827,3826
2969,857,3826
2963,863,3826
2939,887,3826
2897,929,3826
2879,947,3826
2843,983,3826
2777,1049,3826
2729,1097,3826
2663,1163,3826
2633,1193,3826
2609,1217,3826
2549,1277,3826
2543,1283,3826
2459,1367,3826
2417,1409,3826
2399,1427,3826
2393,1433,3826
2339,1487,3826
2333,1493,3826
2273,1553,3826
2267,1559,3826
2243,1583,3826
2213,1613,3826
2207,1619,3826
2129,1697,3826
2039,1787,3826
2003,1823,3826
1979,1847,3826
1949,1877,3826
1913,1913,3826
3823,5,3828
3821,7,3828
3797,31,3828
3769,59,3828
3767,61,3828
3761,67,3828
3739,89,3828
3727,101,3828
3719,109,3828
3701,127,3828
3697,131,3828
3691,137,3828
3677,151,3828
3671,157,3828
3637,191,3828
3631,197,3828
3617,211,3828
3571,257,3828
3559,269,3828
3557,271,3828
3547,281,3828
3517,311,3828
3511,317,3828
3491,337,3828
3469,359,3828
3461,367,3828
3449,379,3828
3407,421,3828
3389,439,3828
3371,457,3828
3361,467,3828
3329,499,3828
3319,509,3828
3307,521,3828
3271,557,3828
3259,569,3828
3257,571,3828
3251,577,3828
3229,599,3828
3221,607,3828
3209,619,3828
3187,641,3828
3181,647,3828
3169,659,3828
3167,661,3828
3137,691,3828
3119,709,3828
3109,719,3828
3089,739,3828
3067,761,3828
3041,787,3828
3019,809,3828
3001,827,3828
2999,829,3828
2971,857,3828
2969,859,3828
2917,911,3828
2909,919,3828
2887,941,3828
2861,967,3828
2857,971,3828
2851,977,3828
2837,991,3828
2819,1009,3828
2797,1031,3828
2789,1039,3828
2777,1051,3828
2767,1061,3828
2741,1087,3828
2731,1097,3828
2719,1109,3828
2711,1117,3828
2699,1129,3828
2677,1151,3828
2657,1171,3828
2647,1181,3828
2591,1237,3828
2579,1249,3828
2551,1277,3828
2549,1279,3828
2539,1289,3828
2531,1297,3828
2521,1307,3828
2467,1361,3828
2447,1381,3828
2399,1429,3828
2389,1439,3828
2381,1447,3828
2377,1451,3828
2357,1471,3828
2347,1481,3828
2341,1487,3828
2339,1489,3828
2297,1531,3828
2269,1559,3828
2221,1607,3828
2207,1621,3828
2161,1667,3828
2131,1697,3828
2129,1699,3828
2087,1741,3828
2081,1747,3828
2069,1759,3828
2039,1789,3828
2027,1801,3828
2017,1811,3828
1997,1831,3828
1951,1877,3828
1949,1879,3828
3823,7,3830
3793,37,3830
3769,61,3830
3733,97,3830
3727,103,3830
3691,139,3830
3673,157,3830
3637,193,3830
3631,199,3830
3607,223,3830
3559,271,3830
3547,283,3830
3517,313,3830
3499,331,3830
3463,367,3830
3457,373,3830
3433,397,3830
3391,439,3830
3373,457,3830
3343,487,3830
3331,499,3830
3307,523,3830
3259,571,3830
3253,577,3830
3229,601,3830
3217,613,3830
3187,643,3830
3169,661,3830
3121,709,3830
3079,751,3830
3061,769,3830
3019,811,3830
3001,829,3830
2971,859,3830
2953,877,3830
2833,997,3830
2797,1033,3830
2791,1039,3830
2767,1063,3830
2713,1117,3830
2707,1123,3830
2677,1153,3830
2659,1171,3830
2617,1213,3830
2593,1237,3830
2551,1279,3830
2539,1291,3830
2503,1327,3830
2383,1447,3830
2377,1453,3830
2371,1459,3830
2347,1483,3830
2341,1489,3830
2287,1543,3830
2281,1549,3830
2251,1579,3830
2221,1609,3830
2203,1627,3830
2161,1669,3830
2137,1693,3830
2131,1699,3830
2089,1741,3830
2083,1747,3830
2053,1777,3830
2029,1801,3830
1999,1831,3830
1951,1879,3830
3821,11,3832
3803,29,3832
3779,53,3832
3761,71,3832
3719,113,3832
3701,131,3832
3659,173,3832
3593,239,3832
3581,251,3832
3539,293,3832
3449,383,3832
3413,419,3832
3389,443,3832
3371,461,3832
3329,503,3832
3323,509,3832
3191,641,3832
3089,743,3832
3023,809,3832
3011,821,3832
2969,863,3832
2903,929,3832
2879,953,3832
2861,971,3832
2819,1013,3832
2801,1031,3832
2741,1091,3832
2729,1103,3832
2609,1223,3832
2549,1283,3832
2543,1289,3832
2531,1301,3832
2459,1373,3832
2423,1409,3832
2399,1433,3832
2393,1439,3832
2381,1451,3832
2351,1481,3832
2339,1493,3832
2333,1499,3832
2309,1523,3832
2273,1559,3832
2213,1619,3832
2111,1721,3832
2099,1733,3832
1931,1901,3832
3823,11,3834
3821,13,3834
3803,31,3834
3797,37,3834
3793,41,3834
3767,67,3834
3761,73,3834
3733,101,3834
3727,107,3834
3697,137,3834
3677,157,3834
3671,163,3834
3643,191,3834
3637,197,3834
3623,211,3834
3607,227,3834
3593,241,3834
3583,251,3834
3571,263,3834
3557,277,3834
3541,293,3834
3527,307,3834
3517,317,3834
3467,367,3834
3461,373,3834
3433,401,3834
3413,421,3834
3391,443,3834
3373,461,3834
3371,463,3834
3347,487,3834
3343,491,3834
3331,503,3834
3313,521,3834
3271,563,3834
3257,577,3834
3221,613,3834
3217,617,3834
3203,631,3834
3191,643,3834
3187,647,3834
3181,653,3834
3083,751,3834
3061,773,3834
3037,797,3834
3023,811,3834
3011,823,3834
2971,863,3834
2957,877,3834
2953,881,3834
2927,907,3834
2897,937,3834
2887,947,3834
2857,977,3834
2851,983,3834
2843,991,3834
2837,997,3834
2803,1031,3834
2801,1033,3834
2741,1093,3834
2731,1103,3834
2711,1123,3834
2683,1151,3834
2671,1163,3834
2663,1171,3834
2647,1187,3834
2633,1201,3834
2621,1213,3834
2617,1217,3834
2557,1277,3834
2551,1283,3834
2543,1291,3834
2531,1303,3834
2473,1361,3834
2467,1367,3834
2411,1423,3834
2383,1451,3834
2381,1453,3834
2351,1483,3834
2347,1487,3834
2341,1493,3834
2311,1523,3834
2281,1553,3834
2267,1567,3834
2251,1583,3834
2237,1597,3834
2221,1613,3834
2213,1621,3834
2207,1627,3834
2141,1693,3834
2137,1697,3834
2113,1721,3834
2111,1723,3834
2087,1747,3834
2081,1753,3834
2011,1823,3834
2003,1831,3834
1987,1847,3834
1973,1861,3834
1933,1901,3834
3833,3,3836
3823,13,3836
3793,43,3836
3769,67,3836
3739,97,3836
3733,103,3836
3727,109,3836
3709,127,3836
3697,139,3836
3673,163,3836
3643,193,3836
3637,199,3836
3613,223,3836
3607,229,3836
3559,277,3836
3529,307,3836
3499,337,3836
3469,367,3836
3463,373,3836
3457,379,3836
3373,463,3836
3313,523,3836
3259,577,3836
3229,607,3836
3217,619,3836
3163,673,3836
3109,727,3836
3079,757,3836
3067,769,3836
3049,787,3836
2953,883,3836
2917,919,3836
2803,1033,3836
2797,1039,3836
2767,1069,3836
2749,1087,3836
2719,1117,3836
2713,1123,3836
2707,1129,3836
2683,1153,3836
2557,1279,3836
2539,1297,3836
2437,1399,3836
2389,1447,3836
2383,1453,3836
2377,1459,3836
2347,1489,3836
2293,1543,3836
2287,1549,3836
2269,1567,3836
2239,1597,3836
2179,1657,3836
2143,1693,3836
2137,1699,3836
2113,1723,3836
2089,1747,3836
2083,1753,3836
2053,1783,3836
3833,5,3838
3821,17,3838
3797,41,3838
3779,59,3838
3767,71,3838
3701,137,3838
3671,167,3838
3659,179,3838
3581,257,3838
3557,281,3838
3527,311,3838
3491,347,3838
3449,389,3838
3407,431,3838
3389,449,3838
3371,467,3838
3359,479,3838
3347,491,3838
3329,509,3838
3251,587,3838
3221,617,3838
3191,647,3838
3137,701,3838
3119,719,3838
3041,797,3838
3011,827,3838
2999,839,3838
2957,881,3838
2927,911,3838
2909,929,3838
2897,941,3838
2861,977,3838
2819,1019,3838
2789,1049,3838
2777,1061,3838
2741,1097,3838
2729,1109,3838
2687,1151,3838
2657,1181,3838
2621,1217,3838
2609,1229,3838
2579,1259,3838
2549,1289,3838
2531,1307,3838
2477,1361,3838
2411,1427,3838
2399,1439,3838
2357,1481,3838
2351,1487,3838
2339,1499,3838
2267,1571,3838
2237,1601,3838
2141,1697,3838
2129,1709,3838
2027,1811,3838
1949,1889,3838
1931,1907,3838
3833,7,3840
3823,17,3840
3821,19,3840
3803,37,3840
3797,43,3840
3793,47,3840
3779,61,3840
3769,71,3840
3767,73,3840
3761,79,3840
3739,101,3840
3733,107,3840
3727,113,3840
3709,131,3840
3701,139,3840
3691,149,3840
3677,163,3840
3673,167,3840
3659,181,3840
3643,197,3840
3617,223,3840
3613,227,3840
3607,233,3840
3583,257,3840
3571,269,3840
3559,281,3840
3557,283,3840
3547,293,3840
3533,307,3840
3529,311,3840
3527,313,3840
3491,349,3840
3467,373,3840
3461,379,3840
3457,383,3840
3407,433,3840
3391,449,3840
3373,467,3840
3361,479,3840
3331,509,3840
3319,521,3840
3299,541,3840
3271,569,3840
3253,587,3840
3221,619,3840
3209,631,3840
3187,653,3840
3181,659,3840
3167,673,3840
3163,677,3840
3121,719,3840
3089,751,3840
3083,757,3840
3079,761,3840
3067,773,3840
3019,821,3840
3011,829,3840
3001,839,3840
2963,877,3840
2957,883,3840
2953,887,3840
2903,937,3840
2887,953,3840
2857,983,3840
2843,997,3840
2819,1021,3840
2801,1039,3840
2791,1049,3840
2789,1051,3840
2777,1063,3840
2753,1087,3840
2749,1091,3840
2731,1109,3840
2711,1129,3840
2689,1151,3840
2687,1153,3840
2677,1163,3840
2659,1181,3840
2647,1193,3840
2617,1223,3840
2609,1231,3840
2591,1249,3840
2557,1283,3840
2551,1289,3840
2549,1291,3840
2543,1297,3840
2539,1301,3840
2521,1319,3840
2473,1367,3840
2467,1373,3840
2459,1381,3840
2441,1399,3840
2417,1423,3840
2411,1429,3840
2393,1447,3840
2389,1451,3840
2381,1459,3840
2357,1483,3840
2351,1489,3840
2347,1493,3840
2341,1499,3840
2309,1531,3840
2297,1543,3840
2287,1553,3840
2281,1559,3840
2273,1567,3840
2269,1571,3840
2243,1597,3840
2239,1601,3840
2221,1619,3840
2213,1627,3840
2203,1637,3840
2143,1697,3840
2141,1699,3840
2131,1709,3840
2099,1741,3840
2087,1753,3840
2081,1759,3840
2063,1777,3840
2053,1787,3840
2039,1801,3840
2029,1811,3840
2017,1823,3840
1993,1847,3840
1979,1861,3840
1973,1867,3840
1951,1889,3840
1933,1907,3840
3823,19,3842
3769,73,3842
3739,103,3842
3733,109,3842
3691,151,3842
3643,199,3842
3631,211,3842
3613,229,3842
3571,271,3842
3559,283,3842
3529,313,3842
3511,331,3842
3469,373,3842
3463,379,3842
3433,409,3842
3343,499,3842
3319,523,3842
3301,541,3842
3271,571,3842
3229,613,3842
3181,661,3842
3169,673,3842
3109,733,3842
3019,823,3842
2851,991,3842
2833,1009,3842
2803,1039,3842
2791,1051,3842
2749,1093,3842
2719,1123,3842
2713,1129,3842
2689,1153,3842
2671,1171,3842
2593,1249,3842
2551,1291,3842
2539,1303,3842
2521,1321,3842
2389,1453,3842
2383,1459,3842
2371,1471,3842
2311,1531,3842
2293,1549,3842
2221,1621,3842
2179,1663,3842
2143,1699,3842
2089,1753,3842
2083,1759,3842
2053,1789,3842
2011,1831,3842
3833,11,3844
3821,23,3844
3803,41,3844
3797,47,3844
3761,83,3844
3677,167,3844
3671,173,3844
3617,227,3844
3593,251,3844
3581,263,3844
3533,311,3844
3527,317,3844
3491,353,3844
3461,383,3844
3413,431,3844
3323,521,3844
3257,587,3844
3251,593,3844
3203,641,3844
3191,653,3844
3167,677,3844
3083,761,3844
3023,821,3844
2963,881,3844
2957,887,3844
2903,941,3844
2897,947,3844
2861,983,3844
2753,1091,3844
2741,1103,3844
2693,1151,3844
2663,1181,3844
2657,1187,3844
2621,1223,3844
2543,1301,3844
2477,1367,3844
2417,1427,3844
2411,1433,3844
2393,1451,3844
2357,1487,3844
2351,1493,3844
2333,1511,3844
2273,1571,3844
2243,1601,3844
2237,1607,3844
2207,1637,3844
2111,1733,3844
1997,1847,3844
1973,1871,3844
1931,1913,3844
3833,13,3846
3823,23,3846
3803,43,3846
3793,53,3846
3779,67,3846
3767,79,3846
3739,107,3846
3733,113,3846
3719,127,3846
3709,137,3846
3697,149,3846
3673,173,3846
3623,223,3846
3617,229,3846
3613,233,3846
3607,239,3846
3583,263,3846
3539,307,3846
3533,313,3846
3529,317,3846
3499,347,3846
3467,379,3846
3463,383,3846
3457,389,3846
3449,397,3846
3413,433,3846
3407,439,3846
3389,457,3846
3359,487,3846
3347,499,3846
3343,503,3846
3323,523,3846
3299,547,3846
3259,587,3846
3253,593,3846
3229,617,3846
3203,643,3846
3187,659,3846
3169,677,3846
3163,683,3846
3137,709,3846
3119,727,3846
3089,757,3846
3049,797,3846
3037,809,3846
3023,823,3846
3019,827,3846
2969,877,3846
2963,883,3846
2939,907,3846
2927,919,3846
2917,929,3846
2909,937,3846
2879,967,3846
2837,1009,3846
2833,1013,3846
2797,1049,3846
2777,1069,3846
2753,1093,3846
2749,1097,3846
2729,1117,3846
2693,1153,3846
2683,1163,3846
2659,1187,3846
2633,1213,3846
2617,1229,3846
2609,1237,3846
2557,1289,3846
2549,1297,3846
2543,1303,3846
2539,1307,3846
2473,1373,3846
2447,1399,3846
2437,1409,3846
2423,1423,3846
2417,1429,3846
2399,1447,3846
2393,1453,3846
2357,1489,3846
2347,1499,3846
2297,1549,3846
2293,1553,3846
2287,1559,3846
2267,1579,3846
2239,1607,3846
2237,1609,3846
2179,1667,3846
2153,1693,3846
2137,1709,3846
2113,1733,3846
2099,1747,3846
2087,1759,3846
2069,1777,3846
2063,1783,3846
1999,1847,3846
1979,1867,3846
1973,1873,3846
1933,1913,3846
3769,79,3848
3739,109,3848
3709,139,3848
3697,151,3848
3691,157,3848
3637,211,3848
3607,241,3848
3571,277,3848
3541,307,3848
3517,331,3848
3511,337,3848
3499,349,3848
3469,379,3848
3391,457,3848
3361,487,3848
3307,541,3848
3301,547,3848
3271,577,3848
3229,619,3848
3217,631,3848
3187,661,3848
3121,727,3848
3109,739,3848
3079,769,3848
3061,787,3848
3037,811,3848
3019,829,3848
2971,877,3848
2857,991,3848
2851,997,3848
2797,1051,3848
2731,1117,3848
2719,1129,3848
2677,1171,3848
2647,1201,3848
2617,1231,3848
2557,1291,3848
2551,1297,3848
2521,1327,3848
2467,1381,3848
2389,1459,3848
2377,1471,3848
2281,1567,3848
2269,1579,3848
2251,1597,3848
2239,1609,3848
2221,1627,3848
2179,1669,3848
2089,1759,3848
2017,1831,3848
1987,1861,3848
3847,3,3850
3833,17,3850
3821,29,3850
3803,47,3850
3797,53,3850
3779,71,3850
3767,83,3850
3761,89,3850
3719,131,3850
3701,149,3850
3677,173,3850
3671,179,3850
3659,191,3850
3623,227,3850
3617,233,3850
3593,257,3850
3581,269,3850
3557,293,3850
3539,311,3850
3533,317,3850
3491,359,3850
3467,383,3850
3461,389,3850
3449,401,3850
3407,443,3850
3389,461,3850
3371,479,3850
3359,491,3850
3347,503,3850
3329,521,3850
3257,593,3850
3251,599,3850
3209,641,3850
3203,647,3850
3191,659,3850
3167,683,3850
3089,761,3850
3041,809,3850
3023,827,3850
3011,839,3850
2969,881,3850
2963,887,3850
2939,911,3850
2909,941,3850
2903,947,3850
2897,953,3850
2879,971,3850
2837,1013,3850
2819,1031,3850
2801,1049,3850
2789,1061,3850
2753,1097,3850
2741,1109,3850
2699,1151,3850
2687,1163,3850
2663,1187,3850
2657,1193,3850
2633,1217,3850
2621,1229,3850
2591,1259,3850
2549,1301,3850
2543,1307,3850
2531,1319,3850
2477,1373,3850
2441,1409,3850
2423,1427,3850
2417,1433,3850
2411,1439,3850
2399,1451,3850
2357,1493,3850
2351,1499,3850
2339,1511,3850
2297,1553,3850
2267,1583,3850
2243,1607,3850
2237,1613,3850
2213,1637,3850
2153,1697,3850
2141,1709,3850
2129,1721,3850
2063,1787,3850
2039,1811,3850
2027,1823,3850
2003,1847,3850
1979,1871,3850
1973,1877,3850
1949,1901,3850
3847,5,3852
3833,19,3852
3823,29,3852
3821,31,3852
3793,59,3852
3779,73,3852
3769,83,3852
3739,113,3852
3701,151,3852
3673,179,3852
3671,181,3852
3659,193,3852
3623,229,3852
3613,239,3852
3583,269,3852
3581,271,3852
3571,281,3852
3559,293,3852
3541,311,3852
3539,313,3852
3499,353,3852
3469,383,3852
3463,389,3852
3433,419,3852
3413,439,3852
3391,461,3852
3389,463,3852
3373,479,3852
3361,491,3852
3343,509,3852
3331,521,3852
3329,523,3852
3259,593,3852
3253,599,3852
3251,601,3852
3221,631,3852
3209,643,3852
3191,661,3852
3169,683,3852
3119,733,3852
3109,743,3852
3083,769,3852
3079,773,3852
3041,811,3852
3023,829,3852
2999,853,3852
2971,881,3852
2969,883,3852
2861,991,3852
2843,1009,3852
2833,1019,3852
2819,1033,3852
2803,1049,3852
2801,1051,3852
2791,1061,3852
2789,1063,3852
2749,1103,3852
2729,1123,3852
2699,1153,3852
2689,1163,3852
2671,1181,3852
2659,1193,3852
2621,1231,3852
2593,1259,3852
2551,1301,3852
2549,1303,3852
2531,1321,3852
2423,1429,3852
2399,1453,3852
2393,1459,3852
2381,1471,3852
2371,1481,3852
2341,1511,3852
2309,1543,3852
2293,1559,3852
2281,1571,3852
2273,1579,3852
2269,1583,3852
2251,1601,3852
2243,1609,3852
2239,1613,3852
2153,1699,3852
2143,1709,3852
2131,1721,3852
2129,1723,3852
2111,1741,3852
2099,1753,3852
2069,1783,3852
2063,1789,3852
2029,1823,3852
1979,1873,3852
1973,1879,3852
1951,1901,3852
3851,3,3854
3847,7,3854
3823,31,3854
3793,61,3854
3727,127,3854
3697,157,3854
3691,163,3854
3673,181,3854
3643,211,3854
3631,223,3854
3613,241,3854
3583,271,3854
3571,283,3854
3547,307,3854
3541,313,3854
3517,337,3854
3457,397,3854
3433,421,3854
3391,463,3854
3331,523,3854
3313,541,3854
3307,547,3854
3253,601,3854
3181,673,3854
3163,691,3854
3121,733,3854
3067,787,3854
3001,853,3854
2971,883,3854
2917,937,3854
2887,967,3854
2857,997,3854
2833,1021,3854
2803,1051,3854
2791,1063,3854
2767,1087,3854
2731,1123,3854
2683,1171,3854
2617,1237,3854
2557,1297,3854
2551,1303,3854
2473,1381,3854
2383,1471,3854
2371,1483,3854
2311,1543,3854
2287,1567,3854
2161,1693,3854
2131,1723,3854
2113,1741,3854
2053,1801,3854
1993,1861,3854
1987,1867,3854
3853,3,3856
3851,5,3856
3833,23,3856
3803,53,3856
3797,59,3856
3767,89,3856
3719,137,3856
3677,179,3856
3659,197,3856
3623,233,3856
3617,239,3856
3593,263,3856
3539,317,3856
3467,389,3856
3413,443,3856
3407,449,3856
3389,467,3856
3347,509,3856
3299,557,3856
3257,599,3856
3209,647,3856
3203,653,3856
3137,719,3856
3083,773,3856
2999,857,3856
2969,887,3856
2927,929,3856
2909,947,3856
2903,953,3856
2879,977,3856
2843,1013,3856
2837,1019,3856
2753,1103,3856
2693,1163,3856
2663,1193,3856
2633,1223,3856
2579,1277,3856
2549,1307,3856
2447,1409,3856
2423,1433,3856
2417,1439,3856
2357,1499,3856
2333,1523,3856
2297,1559,3856
2273,1583,3856
2243,1613,3856
2237,1619,3856
2069,1787,3856
1979,1877,3856
1949,1907,3856
3853,5,3858
3851,7,3858
3847,11,3858
3821,37,3858
3797,61,3858
3779,79,3858
3769,89,3858
3761,97,3858
3727,131,3858
3719,139,3858
3709,149,3858
3701,157,3858
3691,167,3858
3677,181,3858
3659,199,3858
3631,227,3858
3617,241,3858
3607,251,3858
3581,277,3858
3547,311,3858
3541,317,3858
3527,331,3858
3511,347,3858
3499,359,3858
3491,367,3858
3469,389,3858
3461,397,3858
3457,401,3858
3449,409,3858
3391,467,3858
3371,487,3858
3359,499,3858
3301,557,3858
3271,587,3858
3259,599,3858
3257,601,3858
3251,607,3858
3217,641,3858
3181,677,3858
3167,691,3858
3119,739,3858
3089,769,3858
3061,797,3858
3049,809,3858
3037,821,3858
3019,839,3858
3001,857,3858
2999,859,3858
2971,887,3858
2939,919,3858
2917,941,3858
2887,971,3858
2861,997,3858
2837,1021,3858
2819,1039,3858
2797,1061,3858
2789,1069,3858
2767,1091,3858
2749,1109,3858
2741,1117,3858
2729,1129,3858
2707,1151,3858
2687,1171,3858
2677,1181,3858
2671,1187,3858
2657,1201,3858
2621,1237,3858
2609,1249,3858
2579,1279,3858
2557,1301,3858
2551,1307,3858
2539,1319,3858
2531,1327,3858
2477,1381,3858
2459,1399,3858
2411,1447,3858
2399,1459,3858
2377,1481,3858
2371,1487,3858
2347,1511,3858
2309,1549,3858
2287,1571,3858
2251,1607,3858
2239,1619,3858
2237,1621,3858
2221,1637,3858
2161,1697,3858
2137,1721,3858
2111,1747,3858
2099,1759,3858
2081,1777,3858
2069,1789,3858
2027,1831,3858
2011,1847,3858
1997,1861,3858
1987,1871,3858
1979,1879,3858
1951,1907,3858
3853,7,3860
3847,13,3860
3823,37,3860
3793,67,3860
3733,127,3860
3709,151,3860
3697,163,3860
3637,223,3860
3631,229,3860
3583,277,3860
3547,313,3860
3529,331,3860
3511,349,3860
3463,397,3860
3373,487,3860
3361,499,3860
3319,541,3860
3313,547,3860
3259,601,3860
3253,607,3860
3229,631,3860
3217,643,3860
3187,673,3860
3169,691,3860
3121,739,3860
3109,751,3860
3049,811,3860
3037,823,3860
3001,859,3860
2953,907,3860
2851,1009,3860
2797,1063,3860
2791,1069,3860
2767,1093,3860
2731,1129,3860
2707,1153,3860
2689,1171,3860
2659,1201,3860
2647,1213,3860
2557,1303,3860
2539,1321,3860
2437,1423,3860
2389,1471,3860
2377,1483,3860
2371,1489,3860
2311,1549,3860
2293,1567,3860
2281,1579,3860
2251,1609,3860
2239,1621,3860
2203,1657,3860
2161,1699,3860
2137,1723,3860
2113,1747,3860
2083,1777,3860
2029,1831,3860
1999,1861,3860
1993,1867,3860
1987,1873,3860
3851,11,3862
3833,29,3862
3821,41,3862
3803,59,3862
3779,83,3862
3761,101,3862
3671,191,3862
3623,239,3862
3593,269,3862
3581,281,3862
3461,401,3862
3413,449,3862
3371,491,3862
3359,503,3862
3299,563,3862
3221,641,3862
3209,653,3862
3203,659,3862
3119,743,3862
3089,773,3862
3041,821,3862
3023,839,3862
2999,863,3862
2909,953,3862
2879,983,3862
2843,1019,3862
2801,1061,3862
2753,1109,3862
2711,1151,3862
2699,1163,3862
2633,1229,3862
2579,1283,3862
2543,1319,3862
2423,1439,3862
2411,1451,3862
2381,1481,3862
2351,1511,3862
2339,1523,3862
2309,1553,3862
2243,1619,3862
2153,1709,3862
2141,1721,3862
2129,1733,3862
2039,1823,3862
1973,1889,3862
1949,1913,3862
1931,1931,3862
3853,11,3864
3851,13,3864
3847,17,3864
3833,31,3864
3823,41,3864
3821,43,3864
3803,61,3864
3797,67,3864
3793,71,3864
3767,97,3864
3761,103,3864
3733,131,3864
3727,137,3864
3701,163,3864
3697,167,3864
3691,173,3864
3673,191,3864
3671,193,3864
3637,227,3864
3631,233,3864
3623,241,3864
3613,251,3864
3607,257,3864
3593,271,3864
3583,281,3864
3581,283,3864
3571,293,3864
3557,307,3864
3547,317,3864
3533,331,3864
3527,337,3864
3517,347,3864
3511,353,3864
3491,373,3864
3467,397,3864
3463,401,3864
3433,431,3864
3407,457,3864
3373,491,3864
3361,503,3864
3343,521,3864
3323,541,3864
3307,557,3864
3301,563,3864
3271,593,3864
3257,607,3864
3251,613,3864
3221,643,3864
3217,647,3864
3203,661,3864
3191,673,3864
3187,677,3864
3181,683,3864
3163,701,3864
3137,727,3864
3121,743,3864
3067,797,3864
3041,823,3864
3037,827,3864
3011,853,3864
3001,863,3864
2957,907,3864
2953,911,3864
2927,937,3864
2917,947,3864
2897,967,3864
2887,977,3864
2851,1013,3864
2843,1021,3864
2833,1031,3864
2803,1061,3864
2801,1063,3864
2777,1087,3864
2767,1097,3864
2741,1123,3864
2713,1151,3864
2711,1153,3864
2693,1171,3864
2683,1181,3864
2677,1187,3864
2671,1193,3864
2663,1201,3864
2647,1217,3864
2633,1231,3864
2557,1307,3864
2543,1321,3864
2503,1361,3864
2441,1423,3864
2437,1427,3864
2417,1447,3864
2411,1453,3864
2393,1471,3864
2383,1481,3864
2381,1483,3864
2377,1487,3864
2371,1493,3864
2341,1523,3864
2333,1531,3864
2311,1553,3864
2297,1567,3864
2293,1571,3864
2281,1583,3864
2267,1597,3864
2251,1613,3864
2243,1621,3864
2237,1627,3864
2207,1657,3864
2143,1721,3864
2141,1723,3864
2131,1733,3864
2111,1753,3864
2087,1777,3864
2081,1783,3864
2063,1801,3864
2053,1811,3864
2017,1847,3864
2003,1861,3864
1997,1867,3864
1993,1871,3864
1987,1877,3864
1951,1913,3864
1933,1931,3864
3863,3,3866
3853,13,3866
3847,19,3866
3823,43,3866
3793,73,3866
3769,97,3866
3739,127,3866
3727,139,3866
3709,157,3866
3673,193,3866
3643,223,3866
3637,229,3866
3583,283,3866
3559,307,3866
3529,337,3866
3517,349,3866
3499,367,3866
3469,397,3866
3457,409,3866
3433,433,3866
3343,523,3866
3319,547,3866
3259,607,3866
3253,613,3866
3109,757,3866
3079,787,3866
3037,829,3866
2857,1009,3866
2833,1033,3866
2803,1063,3866
2797,1069,3866
2749,1117,3866
2713,1153,3866
2617,1249,3866
2539,1327,3866
2467,1399,3866
2437,1429,3866
2383,1483,3866
2377,1489,3866
2287,1579,3866
2269,1597,3866
2239,1627,3866
2203,1663,3866
2143,1723,3866
2113,1753,3866
2089,1777,3866
2083,1783,3866
1999,1867,3866
1993,1873,3866
1987,1879,3866
1933,1933,3866
3863,5,3868
3851,17,3868
3821,47,3868
3797,71,3868
3779,89,3868
3767,101,3868
3761,107,3868
3719,149,3868
3701,167,3868
3677,191,3868
3671,197,3868
3617,251,3868
3557,311,3868
3467,401,3868
3449,419,3868
3407,461,3868
3389,479,3868
3359,509,3868
3347,521,3868
3299,569,3868
3251,617,3868
3221,647,3868
3209,659,3868
3191,677,3868
3167,701,3868
3041,827,3868
3011,857,3868
2957,911,3868
2939,929,3868
2927,941,3868
2897,971,3868
2837,1031,3868
2819,1049,3868
2777,1091,3868
2687,1181,3868
2609,1259,3868
2591,1277,3868
2579,1289,3868
2549,1319,3868
2459,1409,3868
2441,1427,3868
2417,1451,3868
2381,1487,3868
2357,1511,3868
2309,1559,3868
2297,1571,3868
2267,1601,3868
2081,1787,3868
1997,1871,3868
1979,1889,3868
3863,7,3870
3853,17,3870
3851,19,3870
3847,23,3870
3833,37,3870
3823,47,3870
3803,67,3870
3797,73,3870
3769,101,3870
3767,103,3870
3761,109,3870
3739,131,3870
3733,137,3870
3719,151,3870
3697,173,3870
3691,179,3870
3677,193,3870
3673,197,3870
3671,199,3870
3659,211,3870
3643,227,3870
3637,233,3870
3631,239,3870
3613,257,3870
3607,263,3870
3593,277,3870
3559,311,3870
3557,313,3870
3539,331,3870
3533,337,3870
3517,353,3870
3511,359,3870
3491,379,3870
3469,401,3870
3461,409,3870
3449,421,3870
3413,457,3870
3407,463,3870
3391,479,3870
3371,499,3870
3361,509,3870
3347,523,3870
3329,541,3870
3323,547,3870
3313,557,3870
3307,563,3870
3301,569,3870
3299,571,3870
3271,599,3870
3257,613,3870
3253,617,3870
3251,619,3870
3229,641,3870
3217,653,3870
3209,661,3870
3187,683,3870
3169,701,3870
3137,733,3870
3119,751,3870
3109,761,3870
3083,787,3870
3061,809,3870
3049,821,3870
3041,829,3870
3011,859,3870
2963,907,3870
2917,953,3870
2903,967,3870
2887,983,3870
2879,991,3870
2861,1009,3870
2857,1013,3870
2851,1019,3870
2837,1033,3870
2819,1051,3870
2801,1069,3870
2777,1093,3870
2767,1103,3870
2753,1117,3870
2741,1129,3870
2719,1151,3870
2707,1163,3870
2699,1171,3870
2689,1181,3870
2683,1187,3870
2677,1193,3870
2657,1213,3870
2647,1223,3870
2633,1237,3870
2621,1249,3870
2593,1277,3870
2591,1279,3870
2579,1291,3870
2551,1319,3870
2549,1321,3870
2543,1327,3870
2503,1367,3870
2447,1423,3870
2441,1429,3870
2437,1433,3870
2423,1447,3870
2417,1453,3870
2411,1459,3870
2399,1471,3870
2389,1481,3870
2383,1487,3870
2381,1489,3870
2377,1493,3870
2371,1499,3870
2347,1523,3870
2339,1531,3870
2311,1559,3870
2287,1583,3870
2273,1597,3870
2269,1601,3870
2251,1619,3870
2243,1627,3870
2213,1657,3870
2207,1663,3870
2203,1667,3870
2161,1709,3870
2137,1733,3870
2129,1741,3870
2111,1759,3870
2087,1783,3870
2083,1787,3870
2081,1789,3870
2069,1801,3870
2039,1831,3870
2003,1867,3870
1999,1871,3870
1997,1873,3870
1993,1877,3870
3853,19,3872
3793,79,3872
3769,103,3872
3733,139,3872
3709,163,3872
3691,181,3872
3673,199,3872
3643,229,3872
3631,241,3872
3559,313,3872
3541,331,3872
3499,373,3872
3463,409,3872
3433,439,3872
3373,499,3872
3331,541,3872
3301,571,3872
3271,601,3872
3259,613,3872
3253,619,3872
3229,643,3872
3181,691,3872
3163,709,3872
3121,751,3872
3061,811,3872
3049,823,3872
3019,853,3872
2953,919,3872
2851,1021,3872
2833,1039,3872
2803,1069,3872
2749,1123,3872
2719,1153,3872
2671,1201,3872
2659,1213,3872
2593,1279,3872
2551,1321,3872
2473,1399,3872
2389,1483,3872
2383,1489,3872
2341,1531,3872
2293,1579,3872
2251,1621,3872
2203,1669,3872
2179,1693,3872
2131,1741,3872
2113,1759,3872
2089,1783,3872
2083,1789,3872
2011,1861,3872
1999,1873,3872
1993,1879,3872
3863,11,3874
3851,23,3874
3833,41,3874
3821,53,3874
3803,71,3874
3767,107,3874
3761,113,3874
3701,173,3874
3677,197,3874
3623,251,3874
3617,257,3874
3593,281,3874
3581,293,3874
3557,317,3874
3527,347,3874
3491,383,3874
3413,461,3874
3407,467,3874
3371,503,3874
3257,617,3874
3221,653,3874
3191,683,3874
3011,863,3874
2963,911,3874
2927,947,3874
2903,971,3874
2897,977,3874
2861,1013,3874
2843,1031,3874
2777,1097,3874
2711,1163,3874
2693,1181,3874
2687,1187,3874
2657,1217,3874
2591,1283,3874
2447,1427,3874
2441,1433,3874
2423,1451,3874
2393,1481,3874
2381,1493,3874
2351,1523,3874
2273,1601,3874
2267,1607,3874
2237,1637,3874
2207,1667,3874
2153,1721,3874
2141,1733,3874
2087,1787,3874
2063,1811,3874
2027,1847,3874
2003,1871,3874
1997,1877,3874
1973,1901,3874
3863,13,3876
3853,23,3876
3847,29,3876
3833,43,3876
3823,53,3876
3803,73,3876
3797,79,3876
3793,83,3876
3779,97,3876
3769,107,3876
3767,109,3876
3739,137,3876
3727,149,3876
3719,157,3876
3709,167,3876
3697,179,3876
3677,199,3876
3643,233,3876
3637,239,3876
3613,263,3876
3607,269,3876
3593,283,3876
3583,293,3876
3559,317,3876
3539,337,3876
3529,347,3876
3527,349,3876
3517,359,3876
3467,409,3876
3457,419,3876
3433,443,3876
3413,463,3876
3389,487,3876
3373,503,3876
3329,547,3876
3319,557,3876
3313,563,3876
3307,569,3876
3299,577,3876
3259,617,3876
3257,619,3876
3229,647,3876
3217,659,3876
3203,673,3876
3167,709,3876
3137,739,3876
3119,757,3876
3089,787,3876
3079,797,3876
3067,809,3876
3049,827,3876
3037,839,3876
3023,853,3876
3019,857,3876
2999,877,3876
2969,907,3876
2957,919,3876
2939,937,3876
2909,967,3876
2879,997,3876
2857,1019,3876
2843,1033,3876
2837,1039,3876
2789,1087,3876
2767,1109,3876
2753,1123,3876
2713,1163,3876
2689,1187,3876
2683,1193,3876
2663,1213,3876
2659,1217,3876
2647,1229,3876
2617,1259,3876
2593,1283,3876
2579,1297,3876
2557,1319,3876
2549,1327,3876
2503,1373,3876
2477,1399,3876
2467,1409,3876
2447,1429,3876
2437,1439,3876
2423,1453,3876
2417,1459,3876
2393,1483,3876
2389,1487,3876
2383,1493,3876
2377,1499,3876
2333,1543,3876
2309,1567,3876
2297,1579,3876
2293,1583,3876
2269,1607,3876
2267,1609,3876
2239,1637,3876
2213,1663,3876
2207,1669,3876
2179,1697,3876
2153,1723,3876
2143,1733,3876
2129,1747,3876
2099,1777,3876
2089,1787,3876
2087,1789,3876
2053,1823,3876
2029,1847,3876
2003,1873,3876
1999,1877,3876
1997,1879,3876
1987,1889,3876
3847,31,3878
3769,109,3878
3739,139,3878
3727,151,3878
3697,181,3878
3637,241,3878
3607,271,3878
3571,307,3878
3547,331,3878
3541,337,3878
3529,349,3878
3511,367,3878
3499,379,3878
3469,409,3878
3457,421,3878
3391,487,3878
3331,547,3878
3307,571,3878
3301,577,3878
3271,607,3878
3259,619,3878
3217,661,3878
3187,691,3878
3169,709,3878
3121,757,3878
3109,769,3878
3067,811,3878
3049,829,3878
3019,859,3878
3001,877,3878
2971,907,3878
2887,991,3878
2857,1021,3878
2791,1087,3878
2749,1129,3878
2707,1171,3878
2677,1201,3878
2647,1231,3878
2557,1321,3878
2551,1327,3878
2389,1489,3878
2347,1531,3878
2311,1567,3878
2281,1597,3878
2269,1609,3878
2251,1627,3878
2221,1657,3878
2179,1699,3878
2137,1741,3878
2131,1747,3878
2089,1789,3878
2017,1861,3878
2011,1867,3878
1999,1879,3878
3877,3,3880
3863,17,3880
3851,29,3880
3833,47,3880
3821,59,3880
3797,83,3880
3779,101,3880
3767,113,3880
3701,179,3880
3623,257,3880
3617,263,3880
3533,347,3880
3527,353,3880
3491,389,3880
3461,419,3880
3449,431,3880
3413,467,3880
3389,491,3880
3371,509,3880
3359,521,3880
3323,557,3880
3221,659,3880
3203,677,3880
3137,743,3880
3119,761,3880
3083,797,3880
3041,839,3880
3023,857,3880
2999,881,3880
2969,911,3880
2939,941,3880
2927,953,3880
2909,971,3880
2903,977,3880
2897,983,3880
2861,1019,3880
2819,1061,3880
2789,1091,3880
2777,1103,3880
2729,1151,3880
2699,1181,3880
2693,1187,3880
2687,1193,3880
2663,1217,3880
2657,1223,3880
2621,1259,3880
2591,1289,3880
2579,1301,3880
2447,1433,3880
2441,1439,3880
2399,1481,3880
2393,1487,3880
2381,1499,3880
2357,1523,3880
2309,1571,3880
2297,1583,3880
2273,1607,3880
2267,1613,3880
2243,1637,3880
2213,1667,3880
2069,1811,3880
2003,1877,3880
1979,1901,3880
1973,1907,3880
1949,1931,3880
3877,5,3882
3863,19,3882
3853,29,3882
3851,31,3882
3823,59,3882
3821,61,3882
3803,79,3882
3793,89,3882
3779,103,3882
3769,113,3882
3733,149,3882
3719,163,3882
3709,173,3882
3701,181,3882
3691,191,3882
3671,211,3882
3659,223,3882
3643,239,3882
3631,251,3882
3613,269,3882
3571,311,3882
3533,349,3882
3529,353,3882
3499,383,3882
3463,419,3882
3461,421,3882
3449,433,3882
3433,449,3882
3391,491,3882
3373,509,3882
3361,521,3882
3359,523,3882
3319,563,3882
3313,569,3882
3251,631,3882
3229,653,3882
3221,661,3882
3209,673,3882
3191,691,3882
3181,701,3882
3163,719,3882
3121,761,3882
3109,773,3882
3061,821,3882
3023,859,3882
3019,863,3882
3001,881,3882
2999,883,3882
2971,911,3882
2963,919,3882
2953,929,3882
2861,1021,3882
2851,1031,3882
2843,1039,3882
2833,1049,3882
2819,1063,3882
2791,1091,3882
2789,1093,3882
2753,1129,3882
2731,1151,3882
2729,1153,3882
2719,1163,3882
2711,1171,3882
2689,1193,3882
2659,1223,3882
2633,1249,3882
2593,1289,3882
2591,1291,3882
2579,1303,3882
2521,1361,3882
2473,1409,3882
2459,1423,3882
2423,1459,3882
2411,1471,3882
2399,1483,3882
2393,1489,3882
2389,1493,3882
2383,1499,3882
2371,1511,3882
2351,1531,3882
2339,1543,3882
2333,1549,3882
2311,1571,3882
2281,1601,3882
2273,1609,3882
2269,1613,3882
2213,1669,3882
2161,1721,3882
2141,1741,3882
2129,1753,3882
2099,1783,3882
2081,1801,3882
2011,1871,3882
2003,1879,3882
1993,1889,3882
1951,1931,3882
1949,1933,3882
3881,3,3884
3877,7,3884
3853,31,3884
3847,37,3884
3823,61,3884
3733,151,3884
3727,157,3884
3691,193,3884
3673,211,3884
3643,241,3884
3613,271,3884
3607,277,3884
3571,313,3884
3547,337,3884
3517,367,3884
3511,373,3884
3463,421,3884
3361,523,3884
3343,541,3884
3313,571,3884
3307,577,3884
3271,613,3884
3253,631,3884
3061,823,3884
3001,883,3884
2917,967,3884
2887,997,3884
2851,1033,3884
2833,1051,3884
2797,1087,3884
2791,1093,3884
2767,1117,3884
2731,1153,3884
2713,1171,3884
2683,1201,3884
2671,1213,3884
2647,1237,3884
2593,1291,3884
2557,1327,3884
2503,1381,3884
2437,1447,3884
2341,1543,3884
2287,1597,3884
2221,1663,3884
2161,1723,3884
2143,1741,3884
2137,1747,3884
2131,1753,3884
2083,1801,3884
2053,1831,3884
2017,1867,3884
2011,1873,3884
1951,1933,3884
3881,5,3886
3863,23,3886
3833,53,3886
3803,83,3886
3797,89,3886
3779,107,3886
3719,167,3886
3659,227,3886
3623,263,3886
3617,269,3886
3593,293,3886
3539,347,3886
3533,353,3886
3527,359,3886
3467,419,3886
3407,479,3886
3329,557,3886
3323,563,3886
3299,587,3886
3209,677,3886
3203,683,3886
3167,719,3886
3089,797,3886
3023,863,3886
2999,887,3886
2957,929,3886
2939,947,3886
2909,977,3886
2903,983,3886
2837,1049,3886
2789,1097,3886
2777,1109,3886
2699,1187,3886
2693,1193,3886
2663,1223,3886
2657,1229,3886
2609,1277,3886
2579,1307,3886
2477,1409,3886
2459,1427,3886
2447,1439,3886
2399,1487,3886
2393,1493,3886
2333,1553,3886
2273,1613,3886
2267,1619,3886
2153,1733,3886
2099,1787,3886
2063,1823,3886
2039,1847,3886
1997,1889,3886
1979,1907,3886
1973,1913,3886
3881,7,3888
3877,11,3888
3851,37,3888
3847,41,3888
3821,67,3888
3779,109,3888
3761,127,3888
3739,149,3888
3709,179,3888
3697,191,3888
3691,197,3888
3677,211,3888
3659,229,3888
3637,251,3888
3631,257,3888
3617,271,3888
3607,281,3888
3581,307,3888
3571,317,3888
3557,331,3888
3541,347,3888
3539,349,3888
3529,359,3888
3499,389,3888
3491,397,3888
3469,419,3888
3467,421,3888
3457,431,3888
3449,439,3888
3389,499,3888
3347,541,3888
3331,557,3888
3319,569,3888
3301,587,3888
3271,617,3888
3257,631,3888
3229,659,3888
3187,701,3888
3169,719,3888
3137,751,3888
3119,769,3888
3079,809,3888
3067,821,3888
3061,827,3888
3049,839,3888
3011,877,3888
3001,887,3888
2969,919,3888
2917,971,3888
2897,991,3888
2879,1009,3888
2857,1031,3888
2837,1051,3888
2819,1069,3888
2801,1087,3888
2797,1091,3888
2791,1097,3888
2707,1181,3888
2687,1201,3888
2671,1217,3888
2659,1229,3888
2657,1231,3888
2609,1279,3888
2591,1297,3888
2521,1367,3888
2459,1429,3888
2441,1447,3888
2437,1451,3888
2417,1471,3888
2399,1489,3888
2389,1499,3888
2377,1511,3888
2357,1531,3888
2339,1549,3888
2309,1579,3888
2287,1601,3888
2281,1607,3888
2269,1619,3888
2267,1621,3888
2251,1637,3888
2221,1667,3888
2179,1709,3888
2141,1747,3888
2129,1759,3888
2111,1777,3888
2099,1789,3888
2087,1801,3888
2027,1861,3888
2017,1871,3888
2011,1877,3888
1999,1889,3888
1987,1901,3888
3877,13,3890
3853,37,3890
3847,43,3890
3823,67,3890
3793,97,3890
3739,151,3890
3733,157,3890
3727,163,3890
3709,181,3890
3697,193,3890
3691,199,3890
3613,277,3890
3607,283,3890
3583,307,3890
3559,331,3890
3541,349,3890
3517,373,3890
3511,379,3890
3469,421,3890
3457,433,3890
3433,457,3890
3391,499,3890
3343,547,3890
3319,571,3890
3313,577,3890
3271,619,3890
3259,631,3890
3229,661,3890
3217,673,3890
3181,709,3890
3163,727,3890
3121,769,3890
3079,811,3890
3067,823,3890
3061,829,3890
3037,853,3890
2971,919,3890
2953,937,3890
2857,1033,3890
2851,1039,3890
2803,1087,3890
2797,1093,3890
2767,1123,3890
2719,1171,3890
2689,1201,3890
2677,1213,3890
2659,1231,3890
2593,1297,3890
2467,1423,3890
2437,1453,3890
2347,1543,3890
2341,1549,3890
2311,1579,3890
2293,1597,3890
2281,1609,3890
2269,1621,3890
2221,1669,3890
2143,1747,3890
2137,1753,3890
2131,1759,3890
2113,1777,3890
2089,1801,3890
2029,1861,3890
2017,1873,3890
2011,1879,3890
3889,3,3892
3881,11,3892
3863,29,3892
3851,41,3892
3833,59,3892
3821,71,3892
3803,89,3892
3779,113,3892
3761,131,3892
3719,173,3892
3701,191,3892
3659,233,3892
3623,269,3892
3581,311,3892
3539,353,3892
3533,359,3892
3491,401,3892
3461,431,3892
3449,443,3892
3413,479,3892
3389,503,3892
3371,521,3892
3329,563,3892
3323,569,3892
3299,593,3892
3251,641,3892
3209,683,3892
3191,701,3892
3119,773,3892
3083,809,3892
3011,881,3892
2963,929,3892
2939,953,3892
2909,983,3892
2879,1013,3892
2861,1031,3892
2843,1049,3892
2801,1091,3892
2789,1103,3892
2741,1151,3892
2729,1163,3892
2711,1181,3892
2699,1193,3892
2663,1229,3892
2633,1259,3892
2609,1283,3892
2591,1301,3892
2531,1361,3892
2459,1433,3892
2441,1451,3892
2411,1481,3892
2399,1493,3892
2393,1499,3892
2381,1511,3892
2339,1553,3892
2333,1559,3892
2309,1583,3892
2273,1619,3892
2081,1811,3892
2069,1823,3892
2003,1889,3892
1979,1913,3892
3889,5,3894
3881,13,3894
3877,17,3894
3863,31,3894
3853,41,3894
3851,43,3894
3847,47,3894
3833,61,3894
3823,71,3894
3821,73,3894
3797,97,3894
3793,101,3894
3767,127,3894
3727,167,3894
3701,193,3894
3697,197,3894
3671,223,3894
3643,251,3894
3637,257,3894
3631,263,3894
3623,271,3894
3617,277,3894
3613,281,3894
3583,311,3894
3581,313,3894
3557,337,3894
3547,347,3894
3541,353,3894
3527,367,3894
3511,383,3894
3463,431,3894
3461,433,3894
3433,461,3894
3407,487,3894
3391,503,3894
3373,521,3894
3371,523,3894
3347,547,3894
3331,563,3894
3323,571,3894
3307,587,3894
3301,593,3894
3253,641,3894
3251,643,3894
3221,673,3894
3217,677,3894
3203,691,3894
3167,727,3894
3137,757,3894
3121,773,3894
3083,811,3894
3067,827,3894
3041,853,3894
3037,857,3894
3011,883,3894
2957,937,3894
2953,941,3894
2927,967,3894
2917,977,3894
2903,991,3894
2897,997,3894
2861,1033,3894
2843,1051,3894
2833,1061,3894
2803,1091,3894
2801,1093,3894
2797,1097,3894
2791,1103,3894
2777,1117,3894
2741,1153,3894
2731,1163,3894
2713,1181,3894
2707,1187,3894
2693,1201,3894
2677,1217,3894
2671,1223,3894
2663,1231,3894
2657,1237,3894
2617,1277,3894
2593,1301,3894
2591,1303,3894
2521,1373,3894
2467,1427,3894
2447,1447,3894
2441,1453,3894
2423,1471,3894
2411,1483,3894
2383,1511,3894
2371,1523,3894
2351,1543,3894
2341,1553,3894
2311,1583,3894
2297,1597,3894
2293,1601,3894
2287,1607,3894
2281,1613,3894
2273,1621,3894
2267,1627,3894
2237,1657,3894
2161,1733,3894
2153,1741,3894
2141,1753,3894
2111,1783,3894
2083,1811,3894
2063,1831,3894
2027,1867,3894
2017,1877,3894
1993,1901,3894
1987,1907,3894
3889,7,3896
3877,19,3896
3853,43,3896
3823,73,3896
3793,103,3896
3769,127,3896
3739,157,3896
3733,163,3896
3697,199,3896
3673,223,3896
3613,283,3896
3583,313,3896
3559,337,3896
3547,349,3896
3529,367,3896
3517,379,3896
3499,397,3896
3463,433,3896
3457,439,3896
3433,463,3896
3373,523,3896
3319,577,3896
3253,643,3896
3187,709,3896
3169,727,3896
3163,733,3896
3109,787,3896
3067,829,3896
3037,859,3896
3019,877,3896
2887,1009,3896
2857,1039,3896
2833,1063,3896
2803,1093,3896
2767,1129,3896
2683,1213,3896
2659,1237,3896
2647,1249,3896
2617,1279,3896
2593,1303,3896
2473,1423,3896
2467,1429,3896
2437,1459,3896
2347,1549,3896
2287,1609,3896
2269,1627,3896
2239,1657,3896
2203,1693,3896
2143,1753,3896
2137,1759,3896
2113,1783,3896
2029,1867,3896
2017,1879,3896
3881,17,3898
3851,47,3898
3797,101,3898
3767,131,3898
3761,137,3898
3719,179,3898
3701,197,3898
3671,227,3898
3659,239,3898
3617,281,3898
3581,317,3898
3539,359,3898
3467,431,3898
3449,449,3898
3407,491,3898
3389,509,3898
3329,569,3898
3299,599,3898
3257,641,3898
3251,647,3898
3221,677,3898
3137,761,3898
3089,809,3898
3041,857,3898
3011,887,3898
2969,929,3898
2957,941,3898
2927,971,3898
2879,1019,3898
2837,1061,3898
2801,1097,3898
2789,1109,3898
2711,1187,3898
2621,1277,3898
2609,1289,3898
2591,1307,3898
2579,1319,3898
2531,1367,3898
2459,1439,3898
2447,1451,3898
2417,1481,3898
2411,1487,3898
2399,1499,3898
2339,1559,3898
2297,1601,3898
2111,1787,3898
2087,1811,3898
2027,1871,3898
1997,1901,3898
1949,1949,3898
3889,11,3900
3881,19,3900
3877,23,3900
3863,37,3900
3853,47,3900
3847,53,3900
3833,67,3900
3821,79,3900
3803,97,3900
3797,103,3900
3793,107,3900
3769,131,3900
3761,139,3900
3733,167,3900
3727,173,3900
3719,181,3900
3709,191,3900
3701,199,3900
3677,223,3900
3673,227,3900
3671,229,3900
3659,241,3900
3643,257,3900
3637,263,3900
3631,269,3900
3623,277,3900
3617,283,3900
3607,293,3900
3593,307,3900
3583,317,3900
3547,353,3900
3541,359,3900
3533,367,3900
3527,373,3900
3517,383,3900
3511,389,3900
3499,401,3900
3491,409,3900
3469,431,3900
3467,433,3900
3461,439,3900
3457,443,3900
3433,467,3900
3413,487,3900
3391,509,3900
3359,541,3900
3343,557,3900
3331,569,3900
3329,571,3900
3323,577,3900
3313,587,3900
3307,593,3900
3301,599,3900
3299,601,3900
3259,641,3900
3257,643,3900
3253,647,3900
3217,683,3900
3209,691,3900
3191,709,3900
3181,719,3900
3167,733,3900
3089,811,3900
3079,821,3900
3061,839,3900
3041,859,3900
3037,863,3900
3023,877,3900
3019,881,3900
2971,929,3900
2963,937,3900
2953,947,3900
2917,983,3900
2909,991,3900
2903,997,3900
2887,1013,3900
2879,1021,3900
2861,1039,3900
2851,1049,3900
2837,1063,3900
2803,1097,3900
2797,1103,3900
2791,1109,3900
2777,1123,3900
2749,1151,3900
2729,1171,3900
2719,1181,3900
2713,1187,3900
2707,1193,3900
2699,1201,3900
2687,1213,3900
2683,1217,3900
2677,1223,3900
2671,1229,3900
2663,1237,3900
2621,1279,3900
2617,1283,3900
2609,1291,3900
2593,1307,3900
2579,1321,3900
2539,1361,3900
2477,1423,3900
2473,1427,3900
2467,1433,3900
2447,1453,3900
2441,1459,3900
2417,1483,3900
2411,1489,3900
2389,1511,3900
2377,1523,3900
2357,1543,3900
2351,1549,3900
2347,1553,3900
2341,1559,3900
2333,1567,3900
2293,1607,3900
2287,1613,3900
2281,1619,3900
2273,1627,3900
2243,1657,3900
2237,1663,3900
2207,1693,3900
2203,1697,3900
2179,1721,3900
2153,1747,3900
2141,1759,3900
2113,1787,3900
2111,1789,3900
2099,1801,3900
2089,1811,3900
2069,1831,3900
2053,1847,3900
2039,1861,3900
2029,1871,3900
2027,1873,3900
2011,1889,3900
1999,1901,3900
1993,1907,3900
1987,1913,3900
1951,1949,3900
3889,13,3902
3823,79,3902
3793,109,3902
3739,163,3902
3709,193,3902
3691,211,3902
3673,229,3902
3631,271,3902
3571,331,3902
3529,373,3902
3469,433,3902
3463,439,3902
3361,541,3902
3331,571,3902
3301,601,3902
3271,631,3902
3259,643,3902
3229,673,3902
3169,733,3902
3163,739,3902
3079,823,3902
3049,853,3902
3019,883,3902
2851,1051,3902
2833,1069,3902
2749,1153,3902
2731,1171,3902
2689,1213,3902
2671,1231,3902
2521,1381,3902
2503,1399,3902
2473,1429,3902
2371,1531,3902
2293,1609,3902
2281,1621,3902
2239,1663,3902
2203,1699,3902
2179,1723,3902
2161,1741,3902
2143,1759,3902
2113,1789,3902
2029,1873,3902
1951,1951,3902
3881,23,3904
3863,41,3904
3851,53,3904
3833,71,3904
3821,83,3904
3803,101,3904
3797,107,3904
3767,137,3904
3677,227,3904
3671,233,3904
3623,281,3904
3593,311,3904
3557,347,3904
3461,443,3904
3413,491,3904
3347,557,3904
3257,647,3904
3251,653,3904
3221,683,3904
3203,701,3904
3083,821,3904
3041,863,3904
3023,881,3904
2963,941,3904
2957,947,3904
2927,977,3904
2843,1061,3904
2801,1103,3904
2753,1151,3904
2741,1163,3904
2711,1193,3904
2687,1217,3904
2621,1283,3904
2543,1361,3904
2531,1373,3904
2477,1427,3904
2423,1481,3904
2417,1487,3904
2411,1493,3904
2393,1511,3904
2381,1523,3904
2351,1553,3904
2333,1571,3904
2297,1607,3904
2267,1637,3904
2237,1667,3904
2207,1697,3904
2081,1823,3904
2027,1877,3904
2003,1901,3904
1997,1907,3904
1973,1931,3904
3889,17,3906
3877,29,3906
3863,43,3906
3853,53,3906
3847,59,3906
3833,73,3906
3823,83,3906
3803,103,3906
3797,109,3906
3793,113,3906
3779,127,3906
3769,137,3906
3767,139,3906
3739,167,3906
3733,173,3906
3727,179,3906
3709,197,3906
3677,229,3906
3673,233,3906
3643,263,3906
3637,269,3906
3623,283,3906
3613,293,3906
3593,313,3906
3559,347,3906
3557,349,3906
3547,359,3906
3539,367,3906
3533,373,3906
3527,379,3906
3517,389,3906
3467,439,3906
3463,443,3906
3457,449,3906
3449,457,3906
3407,499,3906
3359,547,3906
3343,563,3906
3329,577,3906
3319,587,3906
3313,593,3906
3307,599,3906
3299,607,3906
3259,647,3906
3253,653,3906
3229,677,3906
3187,719,3906
3167,739,3906
3163,743,3906
3137,769,3906
3119,787,3906
3109,797,3906
3083,823,3906
3079,827,3906
3067,839,3906
3049,857,3906
3023,883,3906
3019,887,3906
2999,907,3906
2969,937,3906
2953,953,3906
2939,967,3906
2909,997,3906
2897,1009,3906
2887,1019,3906
2857,1049,3906
2843,1063,3906
2837,1069,3906
2819,1087,3906
2803,1103,3906
2797,1109,3906
2789,1117,3906
2777,1129,3906
2753,1153,3906
2719,1187,3906
2713,1193,3906
2693,1213,3906
2689,1217,3906
2683,1223,3906
2677,1229,3906
2657,1249,3906
2647,1259,3906
2617,1289,3906
2609,1297,3906
2579,1327,3906
2539,1367,3906
2477,1429,3906
2473,1433,3906
2467,1439,3906
2459,1447,3906
2447,1459,3906
2423,1483,3906
2417,1489,3906
2383,1523,3906
2357,1549,3906
2347,1559,3906
2339,1567,3906
2309,1597,3906
2297,1609,3906
2293,1613,3906
2287,1619,3906
2269,1637,3906
2243,1663,3906
2239,1667,3906
2237,1669,3906
2213,1693,3906
2207,1699,3906
2153,1753,3906
2129,1777,3906
2083,1823,3906
2039,1867,3906
2029,1877,3906
2027,1879,3906
2017,1889,3906
1999,1907,3906
1993,1913,3906
1973,1933,3906
3889,19,3908
3877,31,3908
3847,61,3908
3769,139,3908
3727,181,3908
3709,199,3908
3697,211,3908
3637,271,3908
3631,277,3908
3571,337,3908
3559,349,3908
3541,367,3908
3529,379,3908
3511,397,3908
3499,409,3908
3469,439,3908
3361,547,3908
3331,577,3908
3307,601,3908
3301,607,3908
3217,691,3908
3181,727,3908
3169,739,3908
3121,787,3908
3079,829,3908
3049,859,3908
3001,907,3908
2971,937,3908
2917,991,3908
2887,1021,3908
2857,1051,3908
2791,1117,3908
2707,1201,3908
2677,1231,3908
2671,1237,3908
2659,1249,3908
2617,1291,3908
2437,1471,3908
2377,1531,3908
2341,1567,3908
2311,1597,3908
2287,1621,3908
2281,1627,3908
2251,1657,3908
2239,1669,3908
2161,1747,3908
2131,1777,3908
2029,1879,3908
3907,3,3910
3881,29,3910
3863,47,3910
3851,59,3910
3821,89,3910
3803,107,3910
3797,113,3910
3779,131,3910
3761,149,3910
3719,191,3910
3677,233,3910
3671,239,3910
3659,251,3910
3617,293,3910
3593,317,3910
3557,353,3910
3527,383,3910
3491,419,3910
3467,443,3910
3461,449,3910
3449,461,3910
3407,503,3910
3389,521,3910
3347,563,3910
3323,587,3910
3257,653,3910
3251,659,3910
3209,701,3910
3191,719,3910
3167,743,3910
3137,773,3910
3089,821,3910
3083,827,3910
3023,887,3910
2999,911,3910
2969,941,3910
2963,947,3910
2957,953,3910
2939,971,3910
2927,983,3910
2897,1013,3910
2879,1031,3910
2861,1049,3910
2819,1091,3910
2801,1109,3910
2729,1181,3910
2693,1217,3910
2687,1223,3910
2633,1277,3910
2621,1289,3910
2609,1301,3910
2591,1319,3910
2549,1361,3910
2543,1367,3910
2477,1433,3910
2459,1451,3910
2423,1487,3910
2417,1493,3910
2411,1499,3910
2399,1511,3910
2357,1553,3910
2351,1559,3910
2339,1571,3910
2309,1601,3910
2297,1613,3910
2273,1637,3910
2243,1667,3910
2213,1697,3910
2099,1811,3910
2087,1823,3910
2063,1847,3910
2039,1871,3910
2003,1907,3910
1997,1913,3910
1979,1931,3910
3907,5,3912
3889,23,3912
3881,31,3912
3853,59,3912
3851,61,3912
3833,79,3912
3823,89,3912
3803,109,3912
3761,151,3912
3739,173,3912
3733,179,3912
3719,193,3912
3701,211,3912
3673,239,3912
3671,241,3912
3643,269,3912
3631,281,3912
3581,331,3912
3559,353,3912
3539,373,3912
3533,379,3912
3529,383,3912
3511,401,3912
3491,421,3912
3469,443,3912
3463,449,3912
3449,463,3912
3433,479,3912
3413,499,3912
3391,521,3912
3389,523,3912
3371,541,3912
3343,569,3912
3319,593,3912
3313,599,3912
3299,613,3912
3271,641,3912
3259,653,3912
3253,659,3912
3251,661,3912
3229,683,3912
3221,691,3912
3203,709,3912
3169,743,3912
3089,823,3912
3083,829,3912
3049,863,3912
3001,911,3912
2971,941,3912
2903,1009,3912
2879,1033,3912
2861,1051,3912
2851,1061,3912
2843,1069,3912
2819,1093,3912
2803,1109,3912
2789,1123,3912
2749,1163,3912
2741,1171,3912
2731,1181,3912
2719,1193,3912
2711,1201,3912
2699,1213,3912
2689,1223,3912
2683,1229,3912
2663,1249,3912
2633,1279,3912
2621,1291,3912
2609,1303,3912
2593,1319,3912
2591,1321,3912
2551,1361,3912
2539,1373,3912
2531,1381,3912
2503,1409,3912
2473,1439,3912
2459,1453,3912
2441,1471,3912
2423,1489,3912
2389,1523,3912
2381,1531,3912
2341,1571,3912
2333,1579,3912
2311,1601,3912
2293,1619,3912
2243,1669,3912
2213,1699,3912
2203,1709,3912
2179,1733,3912
2153,1759,3912
2129,1783,3912
2111,1801,3912
2089,1823,3912
2081,1831,3912
2039,1873,3912
2011,1901,3912
1999,1913,3912
1979,1933,3912
3911,3,3914
3907,7,3914
3877,37,3914
3853,61,3914
3847,67,3914
3733,181,3914
3691,223,3914
3673,241,3914
3643,271,3914
3637,277,3914
3631,283,3914
3607,307,3914
3583,331,3914
3547,367,3914
3541,373,3914
3517,397,3914
3457,457,3914
3391,523,3914
3373,541,3914
3343,571,3914
3313,601,3914
3307,607,3914
3301,613,3914
3271,643,3914
3253,661,3914
3187,727,3914
3181,733,3914
3163,751,3914
3061,853,3914
3037,877,3914
2917,997,3914
2851,1063,3914
2797,1117,3914
2791,1123,3914
2713,1201,3914
2683,1231,3914
2677,1237,3914
2617,1297,3914
2593,1321,3914
2467,1447,3914
2383,1531,3914
2371,1543,3914
2347,1567,3914
2293,1621,3914
2287,1627,3914
2251,1663,3914
2221,1693,3914
2161,1753,3914
2137,1777,3914
2131,1783,3914
2113,1801,3914
2083,1831,3914
2053,1861,3914
3911,5,3916
3863,53,3916
3833,83,3916
3803,113,3916
3779,137,3916
3767,149,3916
3719,197,3916
3677,239,3916
3659,257,3916
3623,293,3916
3557,359,3916
3533,383,3916
3527,389,3916
3467,449,3916
3449,467,3916
3413,503,3916
3407,509,3916
3359,557,3916
3347,569,3916
3329,587,3916
3323,593,3916
3299,617,3916
3257,659,3916
3119,797,3916
3089,827,3916
2969,947,3916
2963,953,3916
2939,977,3916
2903,1013,3916
2897,1019,3916
2819,1097,3916
2753,1163,3916
2729,1187,3916
2699,1217,3916
2693,1223,3916
2687,1229,3916
2657,1259,3916
2633,1283,3916
2609,1307,3916
2549,1367,3916
2543,1373,3916
2477,1439,3916
2423,1493,3916
2417,1499,3916
2393,1523,3916
2357,1559,3916
2333,1583,3916
2309,1607,3916
2297,1619,3916
2207,1709,3916
2129,1787,3916
2069,1847,3916
2039,1877,3916
2027,1889,3916
2003,1913,3916
3911,7,3918
3907,11,3918
3889,29,3918
3881,37,3918
3877,41,3918
3851,67,3918
3847,71,3918
3821,97,3918
3779,139,3918
3769,149,3918
3767,151,3918
3761,157,3918
3739,179,3918
3727,191,3918
3719,199,3918
3691,227,3918
3677,241,3918
3637,281,3918
3607,311,3918
3581,337,3918
3571,347,3918
3559,359,3918
3539,379,3918
3529,389,3918
3517,401,3918
3499,419,3918
3469,449,3918
3461,457,3918
3457,461,3918
3371,547,3918
3361,557,3918
3347,571,3918
3331,587,3918
3319,599,3918
3301,617,3918
3299,619,3918
3271,647,3918
3259,659,3918
3257,661,3918
3217,701,3918
3209,709,3918
3191,727,3918
3167,751,3918
3121,797,3918
3109,809,3918
3089,829,3918
3079,839,3918
3061,857,3918
3041,877,3918
3037,881,3918
3011,907,3918
2999,919,3918
2971,947,3918
2927,991,3918
2909,1009,3918
2897,1021,3918
2887,1031,3918
2879,1039,3918
2857,1061,3918
2801,1117,3918
2789,1129,3918
2767,1151,3918
2731,1187,3918
2689,1229,3918
2687,1231,3918
2659,1259,3918
2621,1297,3918
2617,1301,3918
2591,1327,3918
2557,1361,3918
2551,1367,3918
2467,1451,3918
2459,1459,3918
2447,1471,3918
2437,1481,3918
2351,1567,3918
2347,1571,3918
2339,1579,3918
2311,1607,3918
2309,1609,3918
2297,1621,3918
2281,1637,3918
2251,1667,3918
2221,1697,3918
2141,1777,3918
2131,1787,3918
2129,1789,3918
2087,1831,3918
2039,1879,3918
2029,1889,3918
2017,1901,3918
2011,1907,3918
1987,1931,3918
3917,3,3920
3907,13,3920
3889,31,3920
3877,43,3920
3853,67,3920
3847,73,3920
3823,97,3920
3793,127,3920
3769,151,3920
3739,181,3920
3727,193,3920
3709,211,3920
3697,223,3920
3691,229,3920
3643,277,3920
3637,283,3920
3613,307,3920
3607,313,3920
3583,337,3920
3571,349,3920
3547,373,3920
3541,379,3920
3511,409,3920
3499,421,3920
3463,457,3920
3457,463,3920
3433,487,3920
3373,547,3920
3343,577,3920
3319,601,3920
3313,607,3920
3307,613,3920
3301,619,3920
3259,661,3920
3229,691,3920
3187,733,3920
3181,739,3920
3169,751,3920
3163,757,3920
3109,811,3920
3067,853,3920
3061,859,3920
3037,883,3920
3001,919,3920
2953,967,3920
2887,1033,3920
2857,1063,3920
2851,1069,3920
2833,1087,3920
2803,1117,3920
2797,1123,3920
2791,1129,3920
2767,1153,3920
2749,1171,3920
2719,1201,3920
2707,1213,3920
2689,1231,3920
2683,1237,3920
2671,1249,3920
2617,1303,3920
2593,1327,3920
2539,1381,3920
2521,1399,3920
2473,1447,3920
2467,1453,3920
2437,1483,3920
2389,1531,3920
2377,1543,3920
2371,1549,3920
2341,1579,3920
2311,1609,3920
2293,1627,3920
2251,1669,3920
2221,1699,3920
2179,1741,3920
2161,1759,3920
2143,1777,3920
2137,1783,3920
2131,1789,3920
2089,1831,3920
2053,1867,3920
1987,1933,3920
3919,3,3922
3917,5,3922
3911,11,3922
3881,41,3922
3863,59,3922
3851,71,3922
3833,89,3922
3821,101,3922
3671,251,3922
3659,263,3922
3539,383,3922
3533,389,3922
3491,431,3922
3461,461,3922
3413,509,3922
3359,563,3922
3329,593,3922
3323,599,3922
3221,701,3922
3203,719,3922
3083,839,3922
3041,881,3922
3011,911,3922
2969,953,3922
2939,983,3922
2909,1013,3922
2903,1019,3922
2861,1061,3922
2819,1103,3922
2741,1181,3922
2729,1193,3922
2699,1223,3922
2693,1229,3922
2663,1259,3922
2633,1289,3922
2621,1301,3922
2549,1373,3922
2441,1481,3922
2423,1499,3922
2411,1511,3922
2399,1523,3922
2351,1571,3922
2339,1583,3922
2309,1613,3922
2213,1709,3922
2111,1811,3922
2099,1823,3922
1973,1949,3922
3919,5,3924
3917,7,3924
3911,13,3924
3907,17,3924
3881,43,3924
3877,47,3924
3863,61,3924
3853,71,3924
3851,73,3924
3823,101,3924
3821,103,3924
3797,127,3924
3793,131,3924
3767,157,3924
3761,163,3924
3733,191,3924
3727,197,3924
3701,223,3924
3697,227,3924
3691,233,3924
3673,251,3924
3643,281,3924
3631,293,3924
3617,307,3924
3613,311,3924
3607,317,3924
3593,331,3924
3571,353,3924
3557,367,3924
3541,383,3924
3527,397,3924
3491,433,3924
3467,457,3924
3463,461,3924
3461,463,3924
3457,467,3924
3433,491,3924
3361,563,3924
3347,577,3924
3331,593,3924
3323,601,3924
3307,617,3924
3271,653,3924
3251,673,3924
3191,733,3924
3181,743,3924
3167,757,3924
3163,761,3924
3137,787,3924
3067,857,3924
3061,863,3924
3041,883,3924
3037,887,3924
2971,953,3924
2957,967,3924
2953,971,3924
2927,997,3924
2903,1021,3924
2861,1063,3924
2837,1087,3924
2833,1091,3924
2801,1123,3924
2753,1171,3924
2731,1193,3924
2711,1213,3924
2707,1217,3924
2693,1231,3924
2687,1237,3924
2647,1277,3924
2633,1291,3924
2621,1303,3924
2617,1307,3924
2557,1367,3924
2551,1373,3924
2543,1381,3924
2477,1447,3924
2473,1451,3924
2441,1483,3924
2437,1487,3924
2393,1531,3924
2381,1543,3924
2371,1553,3924
2357,1567,3924
2341,1583,3924
2311,1613,3924
2297,1627,3924
2287,1637,3924
2267,1657,3924
2203,1721,3924
2141,1783,3924
2137,1787,3924
2113,1811,3924
2063,1861,3924
2053,1871,3924
2017,1907,3924
2011,1913,3924
1993,1931,3924
1973,1951,3924
3923,3,3926
3919,7,3926
3907,19,3926
3889,37,3926
3853,73,3926
3847,79,3926
3823,103,3926
3769,157,3926
3733,193,3926
3727,199,3926
3697,229,3926
3643,283,3926
3613,313,3926
3559,367,3926
3547,379,3926
3529,397,3926
3517,409,3926
3469,457,3926
3463,463,3926
3319,607,3926
3313,613,3926
3307,619,3926
3253,673,3926
3217,709,3926
3187,739,3926
3169,757,3926
3067,859,3926
3049,877,3926
3019,907,3926
2917,1009,3926
2887,1039,3926
2857,1069,3926
2833,1093,3926
2803,1123,3926
2797,1129,3926
2713,1213,3926
2689,1237,3926
2677,1249,3926
2647,1279,3926
2503,1423,3926
2473,1453,3926
2467,1459,3926
2437,1489,3926
2383,1543,3926
2377,1549,3926
2347,1579,3926
2269,1657,3926
2203,1723,3926
2179,1747,3926
2143,1783,3926
2137,1789,3926
2053,1873,3926
1993,1933,3926
3923,5,3928
3917,11,3928
3911,17,3928
3881,47,3928
3821,107,3928
3797,131,3928
3779,149,3928
3761,167,3928
3701,227,3928
3677,251,3928
3671,257,3928
3659,269,3928
3617,311,3928
3581,347,3928
3539,389,3928
3527,401,3928
3467,461,3928
3461,467,3928
3449,479,3928
3407,521,3928
3371,557,3928
3359,569,3928
3329,599,3928
3251,677,3928
3209,719,3928
3167,761,3928
3119,809,3928
3089,839,3928
3041,887,3928
2999,929,3928
2957,971,3928
2909,1019,3928
2897,1031,3928
2879,1049,3928
2837,1091,3928
2819,1109,3928
2777,1151,3928
2741,1187,3928
2711,1217,3928
2699,1229,3928
2621,1307,3928
2609,1319,3928
2477,1451,3928
2447,1481,3928
2441,1487,3928
2417,1511,3928
2357,1571,3928
2309,1619,3928
2207,1721,3928
2141,1787,3928
2081,1847,3928
2039,1889,3928
2027,1901,3928
1997,1931,3928
1979,1949,3928
3923,7,3930
3919,11,3930
3917,13,3930
3911,19,3930
3907,23,3930
3889,41,3930
3877,53,3930
3863,67,3930
3851,79,3930
3847,83,3930
3833,97,3930
3823,107,3930
3821,109,3930
3803,127,3930
3793,137,3930
3779,151,3930
3767,163,3930
3739,191,3930
3733,197,3930
3719,211,3930
3701,229,3930
3697,233,3930
3691,239,3930
3673,257,3930
3659,271,3930
3637,293,3930
3623,307,3930
3617,313,3930
3613,317,3930
3593,337,3930
3583,347,3930
3581,349,3930
3571,359,3930
3557,373,3930
3547,383,3930
3541,389,3930
3533,397,3930
3529,401,3930
3511,419,3930
3499,431,3930
3491,439,3930
3469,461,3930
3467,463,3930
3463,467,3930
3407,523,3930
3389,541,3930
3373,557,3930
3361,569,3930
3359,571,3930
3343,587,3930
3331,599,3930
3329,601,3930
3323,607,3930
3313,617,3930
3299,631,3930
3271,659,3930
3257,673,3930
3253,677,3930
3229,701,3930
3221,709,3930
3203,727,3930
3191,739,3930
3187,743,3930
3169,761,3930
3121,809,3930
3119,811,3930
3109,821,3930
3067,863,3930
3049,881,3930
3023,907,3930
3019,911,3930
3011,919,3930
3001,929,3930
2963,967,3930
2953,977,3930
2939,991,3930
2917,1013,3930
2909,1021,3930
2897,1033,3930
2879,1051,3930
2861,1069,3930
2843,1087,3930
2837,1093,3930
2833,1097,3930
2801,1129,3930
2777,1153,3930
2767,1163,3930
2749,1181,3930
2729,1201,3930
2713,1217,3930
2707,1223,3930
2699,1231,3930
2693,1237,3930
2671,1259,3930
2647,1283,3930
2633,1297,3930
2609,1321,3930
2557,1373,3930
2549,1381,3930
2531,1399,3930
2521,1409,3930
2503,1427,3930
2477,1453,3930
2459,1471,3930
2447,1483,3930
2441,1489,3930
2437,1493,3930
2399,1531,3930
2381,1549,3930
2377,1553,3930
2371,1559,3930
2351,1579,3930
2347,1583,3930
2333,1597,3930
2311,1619,3930
2309,1621,3930
2293,1637,3930
2273,1657,3930
2267,1663,3930
2237,1693,3930
2221,1709,3930
2207,1723,3930
2153,1777,3930
2143,1787,3930
2141,1789,3930
2129,1801,3930
2099,1831,3930
2083,1847,3930
2069,1861,3930
2063,1867,3930
2053,1877,3930
2029,1901,3930
2017,1913,3930
1999,1931,3930
1997,1933,3930
1979,1951,3930
3929,3,3932
3919,13,3932
3889,43,3932
3853,79,3932
3823,109,3932
3793,139,3932
3769,163,3932
3739,193,3932
3733,199,3932
3709,223,3932
3691,241,3932
3583,349,3932
3559,373,3932
3511,421,3932
3499,433,3932
3469,463,3932
3433,499,3932
3391,541,3932
3361,571,3932
3331,601,3932
3319,613,3932
3313,619,3932
3301,631,3932
3271,661,3932
3259,673,3932
3181,751,3932
3163,769,3932
3121,811,3932
3109,823,3932
3079,853,3932
3049,883,3932
2803,1129,3932
2731,1201,3932
2719,1213,3932
2683,1249,3932
2551,1381,3932
2503,1429,3932
2473,1459,3932
2389,1543,3932
2383,1549,3932
2311,1621,3932
2269,1663,3932
2239,1693,3932
2179,1753,3932
2143,1789,3932
2131,1801,3932
2053,1879,3932
1999,1933,3932
3931,3,3934
3929,5,3934
3923,11,3934
3917,17,3934
3911,23,3934
3881,53,3934
3863,71,3934
3851,83,3934
3833,101,3934
3821,113,3934
3803,131,3934
3797,137,3934
3767,167,3934
3761,173,3934
3701,233,3934
3677,257,3934
3671,263,3934
3623,311,3934
3617,317,3934
3581,353,3934
3533,401,3934
3491,443,3934
3467,467,3934
3413,521,3934
3371,563,3934
3347,587,3934
3257,677,3934
3251,683,3934
3191,743,3934
3137,797,3934
3023,911,3934
2963,971,3934
2957,977,3934
2903,1031,3934
2843,1091,3934
2837,1097,3934
2753,1181,3934
2741,1193,3934
2711,1223,3934
2657,1277,3934
2633,1301,3934
2447,1487,3934
2441,1493,3934
2423,1511,3934
2411,1523,3934
2381,1553,3934
2351,1583,3934
2333,1601,3934
2297,1637,3934
2267,1667,3934
2237,1697,3934
2213,1721,3934
2111,1823,3934
2087,1847,3934
2063,1871,3934
2027,1907,3934
2003,1931,3934
3931,5,3936
3929,7,3936
3923,13,3936
3919,17,3936
3917,19,3936
3907,29,3936
3889,47,3936
3877,59,3936
3863,73,3936
3853,83,3936
3847,89,3936
3833,103,3936
3823,113,3936
3797,139,3936
3779,157,3936
3769,167,3936
3739,197,3936
3709,227,3936
3697,239,3936
3673,263,3936
3659,277,3936
3643,293,3936
3623,313,3936
3583,353,3936
3557,379,3936
3547,389,3936
3539,397,3936
3527,409,3936
3517,419,3936
3469,467,3936
3457,479,3936
3449,487,3936
3433,503,3936
3413,523,3936
3389,547,3936
3373,563,3936
3359,577,3936
3343,593,3936
3329,607,3936
3323,613,3936
3319,617,3936
3259,677,3936
3253,683,3936
3217,719,3936
3209,727,3936
3203,733,3936
3167,769,3936
3163,773,3936
3109,827,3936
3083,853,3936
3079,857,3936
3049,887,3936
2999,937,3936
2969,967,3936
2953,983,3936
2939,997,3936
2927,1009,3936
2917,1019,3936
2903,1033,3936
2897,1039,3936
2887,1049,3936
2843,1093,3936
2833,1103,3936
2819,1117,3936
2749,1187,3936
2719,1217,3936
2713,1223,3936
2707,1229,3936
2699,1237,3936
2687,1249,3936
2677,1259,3936
2659,1277,3936
2657,1279,3936
2647,1289,3936
2633,1303,3936
2617,1319,3936
2609,1327,3936
2503,1433,3936
2477,1459,3936
2447,1489,3936
2437,1499,3936
2393,1543,3936
2383,1553,3936
2377,1559,3936
2357,1579,3936
2339,1597,3936
2309,1627,3936
2273,1663,3936
2269,1667,3936
2267,1669,3936
2243,1693,3936
2239,1697,3936
2237,1699,3936
2213,1723,3936
2203,1733,3936
2153,1783,3936
2113,1823,3936
2089,1847,3936
2069,1867,3936
2063,1873,3936
2029,1907,3936
2003,1933,3936
1987,1949,3936
3931,7,3938
3919,19,3938
3907,31,3938
3877,61,3938
3739,199,3938
3727,211,3938
3709,229,3938
3697,241,3938
3631,307,3938
3607,331,3938
3571,367,3938
3559,379,3938
3541,397,3938
3529,409,3938
3517,421,3938
3499,439,3938
3391,547,3938
3361,577,3938
3331,607,3938
3319,619,3938
3307,631,3938
3229,709,3938
3187,751,3938
3181,757,3938
3169,769,3938
3109,829,3938
3079,859,3938
3061,877,3938
3019,919,3938
3001,937,3938
2971,967,3938
2917,1021,3938
2887,1051,3938
2851,1087,3938
2767,1171,3938
2707,1231,3938
2689,1249,3938
2659,1279,3938
2647,1291,3938
2617,1321,3938
2557,1381,3938
2539,1399,3938
2467,1471,3938
2389,1549,3938
2371,1567,3938
2341,1597,3938
2311,1627,3938
2281,1657,3938
2269,1669,3938
2239,1699,3938
2179,1759,3938
2161,1777,3938
2137,1801,3938
1987,1951,3938
3929,11,3940
3923,17,3940
3917,23,3940
3911,29,3940
3881,59,3940
3851,89,3940
3833,107,3940
3803,137,3940
3767,173,3940
3761,179,3940
3701,239,3940
3677,263,3940
3671,269,3940
3659,281,3940
3623,317,3940
3593,347,3940
3581,359,3940
3557,383,3940
3539,401,3940
3491,449,3940
3461,479,3940
3449,491,3940
3371,569,3940
3347,593,3940
3323,617,3940
3299,641,3940
3257,683,3940
3221,719,3940
3167,773,3940
3119,821,3940
3083,857,3940
3011,929,3940
2999,941,3940
2969,971,3940
2963,977,3940
2957,983,3940
2927,1013,3940
2909,1031,3940
2879,1061,3940
2843,1097,3940
2837,1103,3940
2789,1151,3940
2777,1163,3940
2753,1187,3940
2711,1229,3940
2663,1277,3940
2657,1283,3940
2633,1307,3940
2621,1319,3940
2579,1361,3940
2531,1409,3940
2459,1481,3940
2447,1493,3940
2441,1499,3940
2417,1523,3940
2381,1559,3940
2357,1583,3940
2339,1601,3940
2333,1607,3940
2273,1667,3940
2243,1697,3940
2207,1733,3940
2153,1787,3940
2129,1811,3940
2069,1871,3940
2063,1877,3940
2039,1901,3940
2027,1913,3940
3931,11,3942
3929,13,3942
3923,19,3942
3919,23,3942
3911,31,3942
3889,53,3942
3881,61,3942
3863,79,3942
3853,89,3942
3833,109,3942
3803,139,3942
3793,149,3942
3779,163,3942
3769,173,3942
3761,181,3942
3719,223,3942
3709,233,3942
3701,241,3942
3691,251,3942
3673,269,3942
3671,271,3942
3659,283,3942
3631,311,3942
3593,349,3942
3583,359,3942
3559,383,3942
3541,401,3942
3533,409,3942
3511,431,3942
3499,443,3942
3463,479,3942
3433,509,3942
3373,569,3942
3371,571,3942
3343,599,3942
3329,613,3942
3323,619,3942
3301,641,3942
3299,643,3942
3259,683,3942
3251,691,3942
3209,733,3942
3203,739,3942
3191,751,3942
3181,761,3942
3169,773,3942
3121,821,3942
3119,823,3942
3089,853,3942
3083,859,3942
3079,863,3942
3061,881,3942
3023,919,3942
3001,941,3942
2971,971,3942
2909,1033,3942
2903,1039,3942
2879,1063,3942
2851,1091,3942
2833,1109,3942
2819,1123,3942
2791,1151,3942
2789,1153,3942
2749,1193,3942
2741,1201,3942
2729,1213,3942
2719,1223,3942
2713,1229,3942
2711,1231,3942
2693,1249,3942
2683,1259,3942
2663,1279,3942
2659,1283,3942
2621,1321,3942
2543,1399,3942
2503,1439,3942
2459,1483,3942
2411,1531,3942
2399,1543,3942
2393,1549,3942
2389,1553,3942
2383,1559,3942
2371,1571,3942
2341,1601,3942
2333,1609,3942
2273,1669,3942
2243,1699,3942
2221,1721,3942
2153,1789,3942
2141,1801,3942
2131,1811,3942
2111,1831,3942
2081,1861,3942
2069,1873,3942
2063,1879,3942
2053,1889,3942
2029,1913,3942
2011,1931,3942
1993,1949,3942
3931,13,3944
3907,37,3944
3877,67,3944
3847,97,3944
3793,151,3944
3733,211,3944
3673,271,3944
3637,307,3944
3631,313,3944
3613,331,3944
3607,337,3944
3571,373,3944
3547,397,3944
3511,433,3944
3457,487,3944
3373,571,3944
3343,601,3944
3331,613,3944
3313,631,3944
3301,643,3944
3271,673,3944
3253,691,3944
3217,727,3944
3187,757,3944
3121,823,3944
3067,877,3944
3061,883,3944
3037,907,3944
2953,991,3944
2857,1087,3944
2851,1093,3944
2791,1153,3944
2731,1213,3944
2713,1231,3944
2707,1237,3944
2647,1297,3944
2617,1327,3944
2521,1423,3944
2473,1471,3944
2377,1567,3944
2347,1597,3944
2287,1657,3944
2281,1663,3944
2251,1693,3944
2221,1723,3944
2203,1741,3944
2161,1783,3944
2143,1801,3944
2113,1831,3944
2083,1861,3944
2011,1933,3944
1993,1951,3944
3943,3,3946
3929,17,3946
3923,23,3946
3917,29,3946
3863,83,3946
3833,113,3946
3797,149,3946
3779,167,3946
3767,179,3946
3719,227,3946
3677,269,3946
3593,353,3946
3557,389,3946
3527,419,3946
3467,479,3946
3389,557,3946
3359,587,3946
3347,599,3946
3329,617,3946
3299,647,3946
3203,743,3946
3137,809,3946
3119,827,3946
3089,857,3946
3083,863,3946
2999,947,3946
2969,977,3946
2963,983,3946
2927,1019,3946
2897,1049,3946
2843,1103,3946
2837,1109,3946
2753,1193,3946
2729,1217,3946
2687,1259,3946
2663,1283,3946
2657,1289,3946
2579,1367,3946
2459,1487,3946
2447,1499,3946
2423,1523,3946
2393,1553,3946
2339,1607,3946
2333,1613,3946
2309,1637,3946
2237,1709,3946
2213,1733,3946
2099,1847,3946
2069,1877,3946
2039,1907,3946
1997,1949,3946
1973,1973,3946
3943,5,3948
3931,17,3948
3929,19,3948
3919,29,3948
3917,31,3948
3911,37,3948
3907,41,3948
3889,59,3948
3881,67,3948
3877,71,3948
3851,97,3948
3847,101,3948
3821,127,3948
3797,151,3948
3769,179,3948
3767,181,3948
3719,229,3948
3709,239,3948
3697,251,3948
3691,257,3948
3677,271,3948
3671,277,3948
3637,311,3948
3631,317,3948
3617,331,3948
3581,367,3948
3559,389,3948
3547,401,3948
3539,409,3948
3529,419,3948
3527,421,3948
3517,431,3948
3499,449,3948
3491,457,3948
3469,479,3948
3461,487,3948
3457,491,3948
3449,499,3948
3407,541,3948
3391,557,3948
3371,577,3948
3361,587,3948
3347,601,3948
3331,617,3948
3329,619,3948
3307,641,3948
3301,647,3948
3271,677,3948
3257,691,3948
3229,719,3948
3221,727,3948
3209,739,3948
3191,757,3948
3187,761,3948
3137,811,3948
3121,827,3948
3119,829,3948
3109,839,3948
3089,859,3948
3067,881,3948
3061,887,3948
3041,907,3948
3037,911,3948
3019,929,3948
3011,937,3948
3001,947,3948
2971,977,3948
2957,991,3948
2939,1009,3948
2927,1021,3948
2917,1031,3948
2909,1039,3948
2897,1051,3948
2887,1061,3948
2879,1069,3948
2861,1087,3948
2857,1091,3948
2851,1097,3948
2819,1129,3948
2797,1151,3948
2777,1171,3948
2767,1181,3948
2731,1217,3948
2719,1229,3948
2711,1237,3948
2699,1249,3948
2689,1259,3948
2671,1277,3948
2659,1289,3948
2657,1291,3948
2647,1301,3948
2621,1327,3948
2549,1399,3948
2539,1409,3948
2521,1427,3948
2477,1471,3948
2467,1481,3948
2459,1489,3948
2437,1511,3948
2417,1531,3948
2399,1549,3948
2389,1559,3948
2381,1567,3948
2377,1571,3948
2351,1597,3948
2347,1601,3948
2341,1607,3948
2339,1609,3948
2311,1637,3948
2281,1667,3948
2251,1697,3948
2239,1709,3948
2207,1741,3948
2161,1787,3948
2137,1811,3948
2087,1861,3948
2081,1867,3948
2069,1879,3948
2017,1931,3948
1999,1949,3948
1997,1951,3948
3947,3,3950
3943,7,3950
3931,19,3950
3919,31,3950
3907,43,3950
3889,61,3950
3877,73,3950
3853,97,3950
3847,103,3950
3823,127,3950
3793,157,3950
3769,181,3950
3739,211,3950
3727,223,3950
3709,241,3950
3673,277,3950
3643,307,3950
3637,313,3950
3613,337,3950
3583,367,3950
3571,379,3950
3541,409,3950
3529,421,3950
3517,433,3950
3511,439,3950
3463,487,3950
3373,577,3950
3343,607,3950
3331,619,3950
3319,631,3950
3307,643,3950
3259,691,3950
3217,733,3950
3181,769,3950
3163,787,3950
3121,829,3950
3067,883,3950
2953,997,3950
2917,1033,3950
2887,1063,3950
2857,1093,3950
2833,1117,3950
2797,1153,3950
2749,1201,3950
2719,1231,3950
2713,1237,3950
2671,1279,3950
2659,1291,3950
2647,1303,3950
2551,1399,3950
2521,1429,3950
2503,1447,3950
2467,1483,3950
2383,1567,3950
2371,1579,3950
2341,1609,3950
2293,1657,3950
2287,1663,3950
2281,1669,3950
2251,1699,3950
2203,1747,3950
2161,1789,3950
2089,1861,3950
2083,1867,3950
2017,1933,3950
1999,1951,3950
3947,5,3952
3929,23,3952
3923,29,3952
3911,41,3952
3881,71,3952
3863,89,3952
3851,101,3952
3821,131,3952
3803,149,3952
3779,173,3952
3761,191,3952
3719,233,3952
3701,251,3952
3671,281,3952
3659,293,3952
3593,359,3952
3533,419,3952
3491,461,3952
3461,491,3952
3449,503,3952
3389,563,3952
3359,593,3952
3299,653,3952
3251,701,3952
3209,743,3952
3191,761,3952
3089,863,3952
3041,911,3952
3023,929,3952
3011,941,3952
2999,953,3952
2969,983,3952
2939,1013,3952
2903,1049,3952
2861,1091,3952
2843,1109,3952
2801,1151,3952
2789,1163,3952
2729,1223,3952
2693,1259,3952
2663,1289,3952
2633,1319,3952
2591,1361,3952
2579,1373,3952
2543,1409,3952
2459,1493,3952
2441,1511,3952
2399,1553,3952
2393,1559,3952
2381,1571,3952
2351,1601,3952
2339,1613,3952
2333,1619,3952
2243,1709,3952
2141,1811,3952
2129,1823,3952
2081,1871,3952
2063,1889,3952
2039,1913,3952
2003,1949,3952
1979,1973,3952
3947,7,3954
3943,11,3954
3931,23,3954
3923,31,3954
3917,37,3954
3911,43,3954
3907,47,3954
3881,73,3954
3853,101,3954
3851,103,3954
3847,107,3954
3823,131,3954
3803,151,3954
3797,157,3954
3761,193,3954
3727,227,3954
3697,257,3954
3691,263,3954
3677,277,3954
3673,281,3954
3671,283,3954
3643,311,3954
3637,317,3954
3623,331,3954
3617,337,3954
3607,347,3954
3581,373,3954
3571,383,3954
3557,397,3954
3533,421,3954
3511,443,3954
3491,463,3954
3467,487,3954
3463,491,3954
3433,521,3954
3413,541,3954
3407,547,3954
3391,563,3954
3361,593,3954
3347,607,3954
3323,631,3954
3313,641,3954
3307,647,3954
3301,653,3954
3271,683,3954
3253,701,3954
3221,733,3954
3203,751,3954
3181,773,3954
3167,787,3954
3067,887,3954
3001,953,3954
2971,983,3954
2963,991,3954
2957,997,3954
2903,1051,3954
2861,1093,3954
2857,1097,3954
2851,1103,3954
2837,1117,3954
2803,1151,3954
2801,1153,3954
2791,1163,3954
2767,1187,3954
2753,1201,3954
2741,1213,3954
2731,1223,3954
2677,1277,3954
2671,1283,3954
2663,1291,3954
2657,1297,3954
2647,1307,3954
2633,1321,3954
2593,1361,3954
2531,1423,3954
2521,1433,3954
2503,1451,3954
2473,1481,3954
2467,1487,3954
2423,1531,3954
2411,1543,3954
2383,1571,3954
2371,1583,3954
2357,1597,3954
2347,1607,3954
2341,1613,3954
2333,1621,3954
2297,1657,3954
2287,1667,3954
2221,1733,3954
2213,1741,3954
2207,1747,3954
2153,1801,3954
2143,1811,3954
2131,1823,3954
2087,1867,3954
2083,1871,3954
2081,1873,3954
2053,1901,3954
2003,1951,3954
3943,13,3956
3919,37,3956
3889,67,3956
3877,79,3956
3853,103,3956
3847,109,3956
3793,163,3956
3733,223,3956
3727,229,3956
3673,283,3956
3643,313,3956
3607,349,3956
3583,373,3956
3559,397,3956
3547,409,3956
3517,439,3956
3499,457,3956
3469,487,3956
3457,499,3956
3433,523,3956
3343,613,3956
3313,643,3956
3229,727,3956
3217,739,3956
3187,769,3956
3169,787,3956
3079,877,3956
3049,907,3956
3037,919,3956
3019,937,3956
2917,1039,3956
2887,1069,3956
2833,1123,3956
2803,1153,3956
2719,1237,3956
2707,1249,3956
2677,1279,3956
2659,1297,3956
2557,1399,3956
2503,1453,3956
2473,1483,3956
2467,1489,3956
2389,1567,3956
2377,1579,3956
2347,1609,3956
2293,1663,3956
2287,1669,3956
2203,1753,3956
2179,1777,3956
2089,1867,3956
2083,1873,3956
3947,11,3958
3929,29,3958
3917,41,3958
3911,47,3958
3851,107,3958
3821,137,3958
3779,179,3958
3767,191,3958
3761,197,3958
3719,239,3958
3701,257,3958
3677,281,3958
3557,401,3958
3539,419,3958
3527,431,3958
3491,467,3958
3467,491,3958
3449,509,3958
3389,569,3958
3371,587,3958
3359,599,3958
3299,659,3958
3257,701,3958
3137,821,3958
3119,839,3958
3011,947,3958
2939,1019,3958
2927,1031,3958
2909,1049,3958
2897,1061,3958
2861,1097,3958
2777,1181,3958
2741,1217,3958
2729,1229,3958
2699,1259,3958
2657,1301,3958
2591,1367,3958
2549,1409,3958
2531,1427,3958
2477,1481,3958
2459,1499,3958
2447,1511,3958
2399,1559,3958
2357,1601,3958
2351,1607,3958
2339,1619,3958
2237,1721,3958
2111,1847,3958
2087,1871,3958
2081,1877,3958
2069,1889,3958
2027,1931,3958
1979,1979,3958
3947,13,3960
3943,17,3960
3931,29,3960
3929,31,3960
3923,37,3960
3919,41,3960
3917,43,3960
3907,53,3960
3889,71,3960
3881,79,3960
3877,83,3960
3863,97,3960
3853,107,3960
3851,109,3960
3847,113,3960
3833,127,3960
3823,137,3960
3821,139,3960
3803,157,3960
3797,163,3960
3793,167,3960
3779,181,3960
3769,191,3960
3767,193,3960
3761,199,3960
3733,227,3960
3727,233,3960
3719,241,3960
3709,251,3960
3697,263,3960
3691,269,3960
3677,283,3960
3643,317,3960
3623,337,3960
3613,347,3960
3607,353,3960
3593,367,3960
3581,379,3960
3571,389,3960
3559,401,3960
3541,419,3960
3539,421,3960
3529,431,3960
3527,433,3960
3517,443,3960
3511,449,3960
3499,461,3960
3469,491,3960
3461,499,3960
3457,503,3960
3413,547,3960
3391,569,3960
3389,571,3960
3373,587,3960
3361,599,3960
3359,601,3960
3347,613,3960
3343,617,3960
3329,631,3960
3319,641,3960
3313,647,3960
3307,653,3960
3301,659,3960
3299,661,3960
3259,701,3960
3251,709,3960
3221,739,3960
3217,743,3960
3209,751,3960
3203,757,3960
3191,769,3960
3187,773,3960
3163,797,3960
3137,823,3960
3121,839,3960
3083,877,3960
3079,881,3960
3049,911,3960
3041,919,3960
3023,937,3960
3019,941,3960
2969,991,3960
2963,997,3960
2939,1021,3960
2927,1033,3960
2909,1051,3960
2897,1063,3960
2857,1103,3960
2851,1109,3960
2843,1117,3960
2837,1123,3960
2797,1163,3960
2789,1171,3960
2767,1193,3960
2731,1229,3960
2729,1231,3960
2711,1249,3960
2683,1277,3960
2677,1283,3960
2671,1289,3960
2663,1297,3960
2659,1301,3960
2657,1303,3960
2633,1327,3960
2593,1367,3960
2579,1381,3960
2551,1409,3960
2531,1429,3960
2521,1439,3960
2477,1483,3960
2473,1487,3960
2467,1493,3960
2437,1523,3960
2417,1543,3960
2411,1549,3960
2393,1567,3960
2389,1571,3960
2381,1579,3960
2377,1583,3960
2351,1609,3960
2347,1613,3960
2341,1619,3960
2339,1621,3960
2333,1627,3960
2297,1663,3960
2293,1667,3960
2267,1693,3960
2251,1709,3960
2239,1721,3960
2237,1723,3960
2213,1747,3960
2207,1753,3960
2137,1823,3960
2129,1831,3960
2113,1847,3960
2099,1861,3960
2089,1871,3960
2087,1873,3960
2083,1877,3960
2081,1879,3960
2053,1907,3960
2029,1931,3960
2027,1933,3960
2011,1949,3960
1987,1973,3960
3943,19,3962
3931,31,3962
3919,43,3962
3889,73,3962
3853,109,3962
3823,139,3962
3769,193,3962
3739,223,3962
3733,229,3962
3691,271,3962
3631,331,3962
3613,349,3962
3583,379,3962
3541,421,3962
3529,433,3962
3499,463,3962
3463,499,3962
3391,571,3962
3361,601,3962
3343,619,3962
3331,631,3962
3319,643,3962
3301,661,3962
3271,691,3962
3253,709,3962
3229,733,3962
3109,853,3962
3079,883,3962
2971,991,3962
2953,1009,3962
2833,1129,3962
2791,1171,3962
2749,1213,3962
2731,1231,3962
2713,1249,3962
2683,1279,3962
2671,1291,3962
2659,1303,3962
2539,1423,3962
2503,1459,3962
2473,1489,3962
2383,1579,3962
2341,1621,3962
2293,1669,3962
2269,1693,3962
2239,1723,3962
2221,1741,3962
2203,1759,3962
2179,1783,3962
2161,1801,3962
2131,1831,3962
2089,1873,3962
2083,1879,3962
2029,1933,3962
2011,1951,3962
3947,17,3964
3923,41,3964
3917,47,3964
3911,53,3964
3881,83,3964
3863,101,3964
3851,113,3964
3833,131,3964
3797,167,3964
3767,197,3964
3701,263,3964
3671,293,3964
3617,347,3964
3581,383,3964
3533,431,3964
3461,503,3964
3407,557,3964
3371,593,3964
3347,617,3964
3323,641,3964
3221,743,3964
3203,761,3964
3191,773,3964
3167,797,3964
3137,827,3964
3083,881,3964
3023,941,3964
3011,953,3964
2903,1061,3964
2861,1103,3964
2801,1163,3964
2777,1187,3964
2741,1223,3964
2687,1277,3964
2663,1301,3964
2657,1307,3964
2591,1373,3964
2531,1433,3964
2477,1487,3964
2441,1523,3964
2411,1553,3964
2393,1571,3964
2381,1583,3964
2357,1607,3964
2351,1613,3964
2297,1667,3964
2267,1697,3964
2243,1721,3964
2153,1811,3964
2141,1823,3964
2087,1877,3964
2063,1901,3964
3947,19,3966
3943,23,3966
3929,37,3966
3923,43,3966
3919,47,3966
3907,59,3966
3877,89,3966
3863,103,3966
3853,113,3966
3803,163,3966
3793,173,3966
3769,197,3966
3767,199,3966
3739,227,3966
3733,233,3966
3727,239,3966
3709,257,3966
3697,269,3966
3673,293,3966
3659,307,3966
3617,349,3966
3613,353,3966
3607,359,3966
3593,373,3966
3583,383,3966
3557,409,3966
3547,419,3966
3533,433,3966
3527,439,3966
3517,449,3966
3499,467,3966
3467,499,3966
3463,503,3966
3457,509,3966
3389,577,3966
3373,593,3966
3359,607,3966
3347,619,3966
3323,643,3966
3319,647,3966
3313,653,3966
3307,659,3966
3257,709,3966
3209,757,3966
3169,797,3966
3137,829,3966
3109,857,3966
3089,877,3966
3083,883,3966
3079,887,3966
3037,929,3966
3019,947,3966
2999,967,3966
2969,997,3966
2957,1009,3966
2953,1013,3966
2927,1039,3966
2917,1049,3966
2903,1063,3966
2897,1069,3966
2879,1087,3966
2857,1109,3966
2843,1123,3966
2837,1129,3966
2803,1163,3966
2753,1213,3966
2749,1217,3966
2729,1237,3966
2707,1259,3966
2689,1277,3966
2687,1279,3966
2683,1283,3966
2677,1289,3966
2663,1303,3966
2659,1307,3966
2647,1319,3966
2593,1373,3966
2557,1409,3966
2543,1423,3966
2539,1427,3966
2477,1489,3966
2473,1493,3966
2467,1499,3966
2423,1543,3966
2417,1549,3966
2399,1567,3966
2383,1583,3966
2357,1609,3966
2347,1619,3966
2339,1627,3966
2309,1657,3966
2297,1669,3966
2273,1693,3966
2269,1697,3966
2267,1699,3966
2243,1723,3966
2213,1753,3966
2207,1759,3966
2179,1787,3966
2143,1823,3966
2099,1867,3966
2089,1877,3966
2087,1879,3966
2053,1913,3966
2017,1949,3966
1993,1973,3966
1987,1979,3966
3931,37,3968
3907,61,3968
3889,79,3968
3769,199,3968
3739,229,3968
3727,241,3968
3697,271,3968
3691,277,3968
3637,331,3968
3631,337,3968
3571,397,3968
3559,409,3968
3547,421,3968
3529,439,3968
3511,457,3968
3469,499,3968
3391,577,3968
3361,607,3968
3307,661,3968
3259,709,3968
3229,739,3968
3217,751,3968
3181,787,3968
3109,859,3968
3061,907,3968
3049,919,3968
3001,967,3968
2971,997,3968
2917,1051,3968
2851,1117,3968
2797,1171,3968
2767,1201,3968
2731,1237,3968
2719,1249,3968
2689,1279,3968
2677,1291,3968
2671,1297,3968
2647,1321,3968
2539,1429,3968
2521,1447,3968
2437,1531,3968
2389,1579,3968
2371,1597,3968
2347,1621,3968
2341,1627,3968
2311,1657,3968
2269,1699,3968
2221,1747,3968
2179,1789,3968
2137,1831,3968
2089,1879,3968
2017,1951,3968
3967,3,3970
3947,23,3970
3929,41,3970
3923,47,3970
3917,53,3970
3911,59,3970
3881,89,3970
3863,107,3970
3833,137,3970
3821,149,3970
3803,167,3970
3797,173,3970
3779,191,3970
3719,251,3970
3701,269,3970
3677,293,3970
3659,311,3970
3623,347,3970
3617,353,3970
3581,389,3970
3539,431,3970
3527,443,3970
3491,479,3970
3467,503,3970
3461,509,3970
3449,521,3970
3413,557,3970
3407,563,3970
3371,599,3970
3329,641,3970
3323,647,3970
3251,719,3970
3209,761,3970
3089,881,3970
3083,887,3970
3041,929,3970
3023,947,3970
2999,971,3970
2957,1013,3970
2939,1031,3970
2909,1061,3970
2879,1091,3970
2861,1109,3970
2819,1151,3970
2789,1181,3970
2777,1193,3970
2753,1217,3970
2741,1229,3970
2711,1259,3970
2693,1277,3970
2687,1283,3970
2663,1307,3970
2609,1361,3970
2543,1427,3970
2531,1439,3970
2477,1493,3970
2459,1511,3970
2447,1523,3970
2417,1553,3970
2411,1559,3970
2399,1571,3970
2357,1613,3970
2351,1619,3970
2333,1637,3970
2273,1697,3970
2237,1733,3970
2099,1871,3970
2081,1889,3970
2069,1901,3970
2063,1907,3970
2039,1931,3970
1997,1973,3970
3967,5,3972
3943,29,3972
3931,41,3972
3929,43,3972
3919,53,3972
3911,61,3972
3889,83,3972
3863,109,3972
3833,139,3972
3823,149,3972
3821,151,3972
3793,179,3972
3779,193,3972
3761,211,3972
3739,233,3972
3733,239,3972
3709,263,3972
3701,271,3972
3691,281,3972
3659,313,3972
3623,349,3972
3613,359,3972
3593,379,3972
3583,389,3972
3571,401,3972
3541,431,3972
3539,433,3972
3533,439,3972
3529,443,3972
3511,461,3972
3469,503,3972
3463,509,3972
3449,523,3972
3373,599,3972
3371,601,3972
3359,613,3972
3331,641,3972
3329,643,3972
3319,653,3972
3313,659,3972
3299,673,3972
3271,701,3972
3253,719,3972
3229,743,3972
3221,751,3972
3203,769,3972
3163,809,3972
3119,853,3972
3109,863,3972
3089,883,3972
3061,911,3972
3019,953,3972
3001,971,3972
2963,1009,3972
2953,1019,3972
2939,1033,3972
2909,1063,3972
2903,1069,3972
2879,1093,3972
2843,1129,3972
2819,1153,3972
2801,1171,3972
2791,1181,3972
2749,1223,3972
2741,1231,3972
2713,1259,3972
2693,1279,3972
2689,1283,3972
2683,1289,3972
2671,1301,3972
2591,1381,3972
2549,1423,3972
2543,1429,3972
2539,1433,3972
2521,1451,3972
2473,1499,3972
2441,1531,3972
2423,1549,3972
2393,1579,3972
2389,1583,3972
2371,1601,3972
2351,1621,3972
2309,1663,3972
2273,1699,3972
2251,1721,3972
2239,1733,3972
2213,1759,3972
2161,1811,3972
2141,1831,3972
2111,1861,3972
2099,1873,3972
2083,1889,3972
2039,1933,3972
1999,1973,3972
1993,1979,3972
3967,7,3974
3943,31,3974
3931,43,3974
3907,67,3974
3877,97,3974
3847,127,3974
3823,151,3974
3793,181,3974
3733,241,3974
3697,277,3974
3691,283,3974
3643,331,3974
3637,337,3974
3607,367,3974
3541,433,3974
3517,457,3974
3511,463,3974
3433,541,3974
3373,601,3974
3361,613,3974
3343,631,3974
3331,643,3974
3313,661,3974
3301,673,3974
3217,757,3974
3187,787,3974
3163,811,3974
3121,853,3974
3067,907,3974
3037,937,3974
2953,1021,3974
2887,1087,3974
2857,1117,3974
2851,1123,3974
2803,1171,3974
2683,1291,3974
2677,1297,3974
2671,1303,3974
2647,1327,3974
2593,1381,3974
2551,1423,3974
2521,1453,3974
2503,1471,3974
2377,1597,3974
2347,1627,3974
2311,1663,3974
2281,1693,3974
2251,1723,3974
2221,1753,3974
2143,1831,3974
2113,1861,3974
1987,1987,3974
3947,29,3976
3929,47,3976
3923,53,3976
3917,59,3976
3863,113,3976
3803,173,3976
3797,179,3976
3779,197,3976
3719,257,3976
3659,317,3976
3623,353,3976
3617,359,3976
3593,383,3976
3557,419,3976
3533,443,3976
3527,449,3976
3467,509,3976
3413,563,3976
3407,569,3976
3389,587,3976
3359,617,3976
3329,647,3976
3323,653,3976
3299,677,3976
3257,719,3976
3203,773,3976
3167,809,3976
3137,839,3976
3119,857,3976
3089,887,3976
3023,953,3976
2999,977,3976
2963,1013,3976
2957,1019,3976
2927,1049,3976
2879,1097,3976
2789,1187,3976
2753,1223,3976
2699,1277,3976
2693,1283,3976
2687,1289,3976
2657,1319,3976
2609,1367,3976
2549,1427,3976
2543,1433,3976
2477,1499,3976
2423,1553,3976
2417,1559,3976
2393,1583,3976
2357,1619,3976
2339,1637,3976
2309,1667,3976
2267,1709,3976
2243,1733,3976
2153,1823,3976
2129,1847,3976
2099,1877,3976
2087,1889,3976
2069,1907,3976
2063,1913,3976
2027,1949,3976
2003,1973,3976
1997,1979,3976
3967,11,3978
3947,31,3978
3931,47,3978
3919,59,3978
3917,61,3978
3911,67,3978
3907,71,3978
3889,89,3978
3881,97,3978
3877,101,3978
3851,127,3978
3847,131,3978
3821,157,3978
3797,181,3978
3779,199,3978
3767,211,3978
3739,239,3978
3727,251,3978
3709,269,3978
3701,277,3978
3697,281,3978
3671,307,3978
3631,347,3978
3581,397,3978
3559,419,3978
3557,421,3978
3547,431,3978
3539,439,3978
3529,449,3978
3517,461,3978
3511,467,3978
3499,479,3978
3491,487,3978
3469,509,3978
3457,521,3978
3407,571,3978
3391,587,3978
3371,607,3978
3361,617,3978
3359,619,3978
3347,631,3978
3331,647,3978
3319,659,3978
3301,677,3978
3259,719,3978
3251,727,3978
3221,757,3978
3217,761,3978
3209,769,3978
3191,787,3978
3181,797,3978
3169,809,3978
3167,811,3978
3121,857,3978
3119,859,3978
3067,911,3978
3049,929,3978
3041,937,3978
3037,941,3978
3011,967,3978
3001,977,3978
2969,1009,3978
2957,1021,3978
2939,1039,3978
2927,1051,3978
2917,1061,3978
2909,1069,3978
2887,1091,3978
2861,1117,3978
2797,1181,3978
2791,1187,3978
2777,1201,3978
2749,1229,3978
2741,1237,3978
2729,1249,3978
2719,1259,3978
2699,1279,3978
2689,1289,3978
2687,1291,3978
2677,1301,3978
2671,1307,3978
2659,1319,3978
2657,1321,3978
2617,1361,3978
2579,1399,3978
2551,1427,3978
2549,1429,3978
2539,1439,3978
2531,1447,3978
2467,1511,3978
2447,1531,3978
2411,1567,3978
2399,1579,3978
2381,1597,3978
2377,1601,3978
2371,1607,3978
2357,1621,3978
2351,1627,3978
2341,1637,3978
2311,1667,3978
2309,1669,3978
2281,1697,3978
2269,1709,3978
2237,1741,3978
2131,1847,3978
2111,1867,3978
2099,1879,3978
2089,1889,3978
2029,1949,3978
2027,1951,3978
1999,1979,3978
3967,13,3980
3943,37,3980
3919,61,3980
3907,73,3980
3877,103,3980
3853,127,3980
3823,157,3980
3769,211,3980
3739,241,3980
3709,271,3980
3697,283,3980
3673,307,3980
3643,337,3980
3631,349,3980
3613,367,3980
3607,373,3980
3583,397,3980
3571,409,3980
3559,421,3980
3547,433,3980
3541,439,3980
3517,463,3980
3457,523,3980
3433,547,3980
3373,607,3980
3361,619,3980
3319,661,3980
3307,673,3980
3271,709,3980
3253,727,3980
3229,751,3980
3169,811,3980
3121,859,3980
3061,919,3980
2971,1009,3980
2917,1063,3980
2887,1093,3980
2857,1123,3980
2851,1129,3980
2767,1213,3980
2749,1231,3980
2731,1249,3980
2689,1291,3980
2683,1297,3980
2677,1303,3980
2659,1321,3980
2557,1423,3980
2551,1429,3980
2521,1459,3980
2437,1543,3980
2383,1597,3980
2371,1609,3980
2311,1669,3980
2287,1693,3980
2281,1699,3980
2239,1741,3980
2221,1759,3980
2203,1777,3980
2179,1801,3980
2113,1867,3980
2029,1951,3980
1993,1987,3980
3929,53,3982
3923,59,3982
3911,71,3982
3881,101,3982
3851,131,3982
3833,149,3982
3803,179,3982
3719,263,3982
3701,281,3982
3671,311,3982
3623,359,3982
3593,389,3982
3581,401,3982
3539,443,3982
3533,449,3982
3491,491,3982
3461,521,3982
3413,569,3982
3389,593,3982
3329,653,3982
3323,659,3982
3299,683,3982
3221,761,3982
3209,773,3982
3119,863,3982
3041,941,3982
3011,971,3982
2999,983,3982
2969,1013,3982
2963,1019,3982
2879,1103,3982
2819,1163,3982
2801,1181,3982
2789,1193,3982
2753,1229,3982
2699,1283,3982
2693,1289,3982
2663,1319,3982
2621,1361,3982
2609,1373,3982
2549,1433,3982
2543,1439,3982
2531,1451,3982
2459,1523,3982
2423,1559,3982
2411,1571,3982
2399,1583,3982
2381,1601,3982
2273,1709,3982
2111,1871,3982
2081,1901,3982
2069,1913,3982
2003,1979,3982
3967,17,3984
3947,37,3984
3943,41,3984
3931,53,3984
3923,61,3984
3917,67,3984
3911,73,3984
3881,103,3984
3877,107,3984
3853,131,3984
3847,137,3984
3833,151,3984
3821,163,3984
3803,181,3984
3793,191,3984
3761,223,3984
3733,251,3984
3727,257,3984
3701,283,3984
3691,293,3984
3677,307,3984
3673,311,3984
3671,313,3984
3637,347,3984
3631,353,3984
3617,367,3984
3583,401,3984
3541,443,3984
3527,457,3984
3517,467,3984
3463,521,3984
3461,523,3984
3413,571,3984
3407,577,3984
3391,593,3984
3371,613,3984
3343,641,3984
3331,653,3984
3323,661,3984
3307,677,3984
3301,683,3984
3257,727,3984
3251,733,3984
3187,797,3984
3163,821,3984
3121,863,3984
3037,947,3984
3001,983,3984
2971,1013,3984
2963,1021,3984
2953,1031,3984
2897,1087,3984
2887,1097,3984
2861,1123,3984
2833,1151,3984
2803,1181,3984
2797,1187,3984
2791,1193,3984
2767,1217,3984
2753,1231,3984
2707,1277,3984
2693,1291,3984
2687,1297,3984
2683,1301,3984
2677,1307,3984
2663,1321,3984
2657,1327,3984
2617,1367,3984
2557,1427,3984
2551,1433,3984
2531,1453,3984
2503,1481,3984
2473,1511,3984
2441,1543,3984
2417,1567,3984
2383,1601,3984
2377,1607,3984
2371,1613,3984
2357,1627,3984
2347,1637,3984
2287,1697,3984
2251,1733,3984
2243,1741,3984
2237,1747,3984
2207,1777,3984
2161,1823,3984
2153,1831,3984
2137,1847,3984
2113,1871,3984
2111,1873,3984
2083,1901,3984
2053,1931,3984
2011,1973,3984
1997,1987,3984
3967,19,3986
3943,43,3986
3919,67,3986
3907,79,3986
3889,97,3986
3877,109,3986
3847,139,3986
3823,163,3986
3793,193,3986
3709,277,3986
3673,313,3986
3637,349,3986
3613,373,3986
3607,379,3986
3547,439,3986
3529,457,3986
3499,487,3986
3463,523,3986
3373,613,3986
3343,643,3986
3313,673,3986
3259,727,3986
3253,733,3986
3229,757,3986
3217,769,3986
3163,823,3986
3109,877,3986
3079,907,3986
3067,919,3986
3049,937,3986
3019,967,3986
2953,1033,3986
2917,1069,3986
2857,1129,3986
2833,1153,3986
2749,1237,3986
2707,1279,3986
2689,1297,3986
2683,1303,3986
2659,1327,3986
2557,1429,3986
2539,1447,3986
2503,1483,3986
2437,1549,3986
2389,1597,3986
2377,1609,3986
2293,1693,3986
2287,1699,3986
2239,1747,3986
2203,1783,3986
2113,1873,3986
2053,1933,3986
1999,1987,3986
1993,1993,3986
3947,41,3988
3929,59,3988
3917,71,3988
3881,107,3988
3851,137,3988
3821,167,3988
3797,191,3988
3761,227,3988
3719,269,3988
3677,311,3988
3671,317,3988
3557,431,3988
3539,449,3988
3527,461,3988
3467,521,3988
3389,599,3988
3371,617,3988
3347,641,3988
3329,659,3988
3191,797,3988
3167,821,3988
3041,947,3988
3011,977,3988
2969,1019,3988
2957,1031,3988
2939,1049,3988
2927,1061,3988
2897,1091,3988
2879,1109,3988
2837,1151,3988
2801,1187,3988
2729,1259,3988
2711,1277,3988
2699,1289,3988
2687,1301,3988
2621,1367,3988
2579,1409,3988
2549,1439,3988
2477,1511,3988
2417,1571,3988
2381,1607,3988
2351,1637,3988
2267,1721,3988
2141,1847,3988
2111,1877,3988
2099,1889,3988
2087,1901,3988
2081,1907,3988
2039,1949,3988
3967,23,3990
3947,43,3990
3943,47,3990
3931,59,3990
3929,61,3990
3923,67,3990
3919,71,3990
3917,73,3990
3911,79,3990
3907,83,3990
3889,101,3990
3881,109,3990
3877,113,3990
3863,127,3990
3853,137,3990
3851,139,3990
3833,157,3990
3823,167,3990
3797,193,3990
3793,197,3990
3779,211,3990
3767,223,3990
3761,229,3990
3739,251,3990
3733,257,3990
3727,263,3990
3719,271,3990
3709,281,3990
3697,293,3990
3677,313,3990
3673,317,3990
3659,331,3990
3643,347,3990
3637,353,3990
3631,359,3990
3623,367,3990
3617,373,3990
3607,383,3990
3593,397,3990
3581,409,3990
3571,419,3990
3559,431,3990
3557,433,3990
3547,443,3990
3541,449,3990
3533,457,3990
3529,461,3990
3527,463,3990
3511,479,3990
3499,491,3990
3491,499,3990
3469,521,3990
3467,523,3990
3449,541,3990
3433,557,3990
3413,577,3990
3391,599,3990
3389,601,3990
3373,617,3990
3371,619,3990
3359,631,3990
3347,643,3990
3343,647,3990
3331,659,3990
3329,661,3990
3313,677,3990
3307,683,3990
3299,691,3990
3271,719,3990
3257,733,3990
3251,739,3990
3229,761,3990
3221,769,3990
3217,773,3990
3203,787,3990
3181,809,3990
3169,821,3990
3167,823,3990
3163,827,3990
3137,853,3990
3109,881,3990
3083,907,3990
3079,911,3990
3061,929,3990
3049,941,3990
3037,953,3990
3023,967,3990
3019,971,3990
2999,991,3990
2971,1019,3990
2969,1021,3990
2957,1033,3990
2939,1051,3990
2927,1063,3990
2903,1087,3990
2897,1093,3990
2887,1103,3990
2861,1129,3990
2837,1153,3990
2819,1171,3990
2803,1187,3990
2797,1193,3990
2789,1201,3990
2777,1213,3990
2767,1223,3990
2753,1237,3990
2741,1249,3990
2731,1259,3990
2713,1277,3990
2711,1279,3990
2707,1283,3990
2699,1291,3990
2693,1297,3990
2689,1301,3990
2687,1303,3990
2683,1307,3990
2671,1319,3990
2663,1327,3990
2617,1373,3990
2609,1381,3990
2591,1399,3990
2557,1433,3990
2551,1439,3990
2543,1447,3990
2539,1451,3990
2531,1459,3990
2503,1487,3990
2467,1523,3990
2459,1531,3990
2447,1543,3990
2441,1549,3990
2437,1553,3990
2423,1567,3990
2411,1579,3990
2393,1597,3990
2389,1601,3990
2383,1607,3990
2381,1609,3990
2377,1613,3990
2371,1619,3990
2333,1657,3990
2297,1693,3990
2293,1697,3990
2281,1709,3990
2269,1721,3990
2267,1723,3990
2243,1747,3990
2237,1753,3990
2213,1777,3990
2207,1783,3990
2203,1787,3990
2179,1811,3990
2143,1847,3990
2129,1861,3990
2113,1877,3990
2111,1879,3990
2089,1901,3990
2083,1907,3990
2039,1951,3990
2017,1973,3990
2011,1979,3990
2003,1987,3990
1997,1993,3990
3989,3,3992
3931,61,3992
3919,73,3992
3889,103,3992
3853,139,3992
3793,199,3992
3769,223,3992
3709,283,3992
3643,349,3992
3613,379,3992
3583,409,3992
3571,421,3992
3559,433,3992
3529,463,3992
3469,523,3992
3391,601,3992
3373,619,3992
3361,631,3992
3331,661,3992
3319,673,3992
3301,691,3992
3259,733,3992
3253,739,3992
3181,811,3992
3169,823,3992
3163,829,3992
3109,883,3992
3001,991,3992
2971,1021,3992
2953,1039,3992
2791,1201,3992
2713,1279,3992
2689,1303,3992
2671,1321,3992
2593,1399,3992
2539,1453,3992
2521,1471,3992
2503,1489,3992
2383,1609,3992
2371,1621,3992
2293,1699,3992
2269,1723,3992
2251,1741,3992
2239,1753,3992
2203,1789,3992
2161,1831,3992
2131,1861,3992
2113,1879,3992
1999,1993,3992
3989,5,3994
3947,47,3994
3923,71,3994
3911,83,3994
3881,113,3994
3863,131,3994
3821,173,3994
3803,191,3994
3797,197,3994
3767,227,3994
3761,233,3994
3701,293,3994
3677,317,3994
3593,401,3994
3533,461,3994
3527,467,3994
3491,503,3994
3407,587,3994
3347,647,3994
3251,743,3994
3221,773,3994
3167,827,3994
3137,857,3994
3083,911,3994
3041,953,3994
3023,971,3994
3011,983,3994
2963,1031,3994
2903,1091,3994
2897,1097,3994
2843,1151,3994
2801,1193,3994
2777,1217,3994
2711,1283,3994
2693,1301,3994
2687,1307,3994
2633,1361,3994
2621,1373,3994
2543,1451,3994
2441,1553,3994
2423,1571,3994
2411,1583,3994
2393,1601,3994
2381,1613,3994
2357,1637,3994
2297,1697,3994
2273,1721,3994
2207,1787,3994
2087,1907,3994
2081,1913,3994
2063,1931,3994
1997,1997,3994
3989,7,3996
3967,29,3996
3943,53,3996
3929,67,3996
3923,73,3996
3917,79,3996
3907,89,3996
3889,107,3996
3847,149,3996
3833,163,3996
3823,173,3996
3803,193,3996
3797,199,3996
3769,227,3996
3767,229,3996
3739,257,3996
3733,263,3996
3727,269,3996
3719,277,3996
3659,337,3996
3643,353,3996
3637,359,3996
3623,373,3996
3617,379,3996
3613,383,3996
3607,389,3996
3557,439,3996
3547,449,3996
3539,457,3996
3533,463,3996
3529,467,3996
3517,479,3996
3449,547,3996
3433,563,3996
3389,607,3996
3343,653,3996
3323,673,3996
3319,677,3996
3313,683,3996
3257,739,3996
3253,743,3996
3209,787,3996
3187,809,3996
3169,827,3996
3167,829,3996
3137,859,3996
3119,877,3996
3109,887,3996
3089,907,3996
3067,929,3996
3049,947,3996
3019,977,3996
2999,997,3996
2963,1033,3996
2957,1039,3996
2927,1069,3996
2909,1087,3996
2903,1093,3996
2887,1109,3996
2879,1117,3996
2843,1153,3996
2833,1163,3996
2803,1193,3996
2767,1229,3996
2719,1277,3996
2713,1283,3996
2707,1289,3996
2699,1297,3996
2693,1303,3996
2689,1307,3996
2677,1319,3996
2557,1439,3996
2549,1447,3996
2543,1453,3996
2503,1493,3996
2473,1523,3996
2447,1549,3996
2437,1559,3996
2417,1579,3996
2399,1597,3996
2389,1607,3996
2383,1613,3996
2377,1619,3996
2339,1657,3996
2333,1663,3996
2297,1699,3996
2287,1709,3996
2273,1723,3996
2243,1753,3996
2237,1759,3996
2213,1783,3996
2207,1789,3996
2129,1867,3996
2089,1907,3996
2083,1913,3996
2063,1933,3996
2017,1979,3996
2003,1993,3996
1999,1997,3996
3967,31,3998
3931,67,3998
3919,79,3998
3889,109,3998
3847,151,3998
3769,229,3998
3727,271,3998
3691,307,3998
3631,367,3998
3559,439,3998
3541,457,3998
3511,487,3998
3499,499,3998
3457,541,3998
3391,607,3998
3307,691,3998
3271,727,3998
3259,739,3998
3229,769,3998
3187,811,3998
3169,829,3998
3121,877,3998
3079,919,3998
3061,937,3998
3001,997,3998
2797,1201,3998
2767,1231,3998
2749,1249,3998
2719,1279,3998
2707,1291,3998
2677,1321,3998
2671,1327,3998
2617,1381,3998
2551,1447,3998
2539,1459,3998
2467,1531,3998
2389,1609,3998
2377,1621,3998
2371,1627,3998
2341,1657,3998
2251,1747,3998
2239,1759,3998
2221,1777,3998
2137,1861,3998
2131,1867,3998
2011,1987,3998
1999,1999,3998
3989,11,4000
3947,53,4000
3929,71,4000
3917,83,4000
3911,89,4000
3863,137,4000
3851,149,4000
3833,167,4000
3821,179,4000
3803,197,4000
3767,233,4000
3761,239,4000
3719,281,4000
3617,383,4000
3581,419,4000
3557,443,4000
3539,461,4000
3533,467,4000
3491,509,4000
3413,587,4000
3407,593,4000
3359,641,4000
3347,653,4000
3323,677,4000
3299,701,4000
3257,743,4000
3203,797,4000
3191,809,4000
3137,863,4000
3119,881,4000
3089,911,4000
3023,977,4000
2969,1031,4000
2939,1061,4000
2909,1091,4000
2903,1097,4000
2897,1103,4000
2837,1163,4000
2819,1181,4000
2777,1223,4000
2741,1259,4000
2711,1289,4000
2699,1301,4000
2693,1307,4000
2633,1367,4000
2591,1409,4000
2549,1451,4000
2477,1523,4000
2447,1553,4000
2441,1559,4000
2417,1583,4000
2399,1601,4000
2393,1607,4000
2381,1619,4000
2333,1667,4000
2267,1733,4000
2213,1787,4000
2153,1847,4000
2129,1871,4000
2111,1889,4000
2099,1901,4000
2087,1913,4000
2069,1931,4000
2027,1973,4000
2003,1997,4000
3989,13,4002
3943,59,4002
3931,71,4002
3929,73,4002
3923,79,4002
3919,83,4002
3889,113,4002
3863,139,4002
3853,149,4002
3851,151,4002
3823,179,4002
3821,181,4002
3803,199,4002
3779,223,4002
3769,233,4002
3761,241,4002
3739,263,4002
3733,269,4002
3719,283,4002
3709,293,4002
3691,311,4002
3671,331,4002
3643,359,4002
3623,379,4002
3613,389,4002
3593,409,4002
3583,419,4002
3581,421,4002
3571,431,4002
3559,443,4002
3541,461,4002
3539,463,4002
3511,491,4002
3499,503,4002
3461,541,4002
3433,569,4002
3389,613,4002
3371,631,4002
3361,641,4002
3359,643,4002
3343,659,4002
3329,673,4002
3319,683,4002
3301,701,4002
3259,743,4002
3251,751,4002
3229,773,4002
3191,811,4002
3181,821,4002
3163,839,4002
3121,881,4002
3119,883,4002
3083,919,4002
3061,941,4002
3049,953,4002
3019,983,4002
3011,991,4002
2971,1031,4002
2969,1033,4002
2963,1039,4002
2953,1049,4002
2939,1063,4002
2909,1093,4002
2879,1123,4002
2851,1151,4002
2801,1201,4002
2789,1213,4002
2753,1249,4002
2719,1283,4002
2713,1289,4002
2711,1291,4002
2699,1303,4002
2683,1319,4002
2621,1381,4002
2593,1409,4002
2579,1423,4002
2551,1451,4002
2549,1453,4002
2543,1459,4002
2531,1471,4002
2521,1481,4002
2503,1499,4002
2459,1543,4002
2423,1579,4002
2393,1609,4002
2389,1613,4002
2383,1619,4002
2381,1621,4002
2339,1663,4002
2333,1669,4002
2309,1693,4002
2293,1709,4002
2281,1721,4002
2269,1733,4002
2243,1759,4002
2213,1789,4002
2179,1823,4002
2141,1861,4002
2131,1871,4002
2129,1873,4002
2113,1889,4002
2089,1913,4002
2069,1933,4002
2053,1949,4002
2029,1973,4002
2003,1999,4002
4001,3,4004
3967,37,4004
3943,61,4004
3931,73,4004
3907,97,4004
3877,127,4004
3853,151,4004
3847,157,4004
3823,181,4004
3793,211,4004
3733,271,4004
3727,277,4004
3697,307,4004
3691,313,4004
3673,331,4004
3637,367,4004
3631,373,4004
3607,397,4004
3583,421,4004
3571,433,4004
3547,457,4004
3541,463,4004
3517,487,4004
3463,541,4004
3457,547,4004
3433,571,4004
3391,613,4004
3373,631,4004
3361,643,4004
3343,661,4004
3331,673,4004
3313,691,4004
3271,733,4004
3253,751,4004
3217,787,4004
3181,823,4004
3121,883,4004
3067,937,4004
3037,967,4004
2971,1033,4004
2953,1051,4004
2917,1087,4004
2887,1117,4004
2851,1153,4004
2833,1171,4004
2803,1201,4004
2791,1213,4004
2767,1237,4004
2713,1291,4004
2707,1297,4004
2683,1321,4004
2677,1327,4004
2557,1447,4004
2551,1453,4004
2521,1483,4004
2473,1531,4004
2437,1567,4004
2383,1621,4004
2377,1627,4004
2347,1657,4004
2341,1663,4004
2311,1693,4004
2281,1723,4004
2251,1753,4004
2221,1783,4004
2203,1801,4004
2143,1861,4004
2137,1867,4004
2131,1873,4004
2053,1951,4004
2017,1987,4004
2011,1993,4004
4003,3,4006
4001,5,4006
3989,17,4006
3947,59,4006
3923,83,4006
3917,89,4006
3833,173,4006
3779,227,4006
3767,239,4006
3659,347,4006
3623,383,4006
3617,389,4006
3557,449,4006
3539,467,4006
3527,479,4006
3449,557,4006
3413,593,4006
3407,599,4006
3389,617,4006
3359,647,4006
3347,659,4006
3329,677,4006
3323,683,4006
3209,797,4006
3167,839,4006
3119,887,4006
3023,983,4006
2957,1049,4006
2909,1097,4006
2903,1103,4006
2897,1109,4006
2843,1163,4006
2819,1187,4006
2789,1217,4006
2777,1229,4006
2729,1277,4006
2699,1307,4006
2687,1319,4006
2633,1373,4006
2579,1427,4006
2447,1559,4006
2423,1583,4006
2399,1607,4006
2393,1613,4006
2339,1667,4006
2309,1697,4006
2297,1709,4006
2273,1733,4006
2129,1877,4006
2099,1907,4006
2027,1979,4006
2003,2003,4006
4003,5,4008
4001,7,4008
3989,19,4008
3967,41,4008
3947,61,4008
3929,79,4008
3919,89,4008
3911,97,4008
3907,101,4008
3881,127,4008
3877,131,4008
3851,157,4008
3797,211,4008
3779,229,4008
3769,239,4008
3767,241,4008
3739,269,4008
3727,281,4008
3701,307,4008
3697,311,4008
3691,317,4008
3677,331,4008
3671,337,4008
3659,349,4008
3607,401,4008
3559,449,4008
3547,461,4008
3541,467,4008
3529,479,4008
3517,491,4008
3499,509,4008
3467,541,4008
3461,547,4008
3407,601,4008
3391,617,4008
3389,619,4008
3361,647,4008
3347,661,4008
3331,677,4008
3307,701,4008
3299,709,4008
3257,751,4008
3251,757,4008
3221,787,4008
3187,821,4008
3181,827,4008
3169,839,4008
3121,887,4008
3089,919,4008
3079,929,4008
3067,941,4008
3061,947,4008
3041,967,4008
3037,971,4008
3011,997,4008
2999,1009,4008
2969,1039,4008
2957,1051,4008
2939,1069,4008
2917,1091,4008
2879,1129,4008
2857,1151,4008
2837,1171,4008
2791,1217,4008
2777,1231,4008
2749,1259,4008
2731,1277,4008
2729,1279,4008
2719,1289,4008
2711,1297,4008
2707,1301,4008
2689,1319,4008
2687,1321,4008
2647,1361,4008
2609,1399,4008
2579,1429,4008
2557,1451,4008
2549,1459,4008
2521,1487,4008
2477,1531,4008
2459,1549,4008
2441,1567,4008
2437,1571,4008
2411,1597,4008
2399,1609,4008
2389,1619,4008
2381,1627,4008
2371,1637,4008
2351,1657,4008
2341,1667,4008
2339,1669,4008
2311,1697,4008
2309,1699,4008
2287,1721,4008
2267,1741,4008
2221,1787,4008
2207,1801,4008
2161,1847,4008
2141,1867,4008
2137,1871,4008
2131,1877,4008
2129,1879,4008
2029,1979,4008
2011,1997,4008
4007,3,4010
4003,7,4010
3967,43,4010
3943,67,4010
3931,79,4010
3907,103,4010
3853,157,4010
3847,163,4010
3769,241,4010
3739,271,4010
3733,277,4010
3727,283,4010
3697,313,4010
3673,337,4010
3643,367,4010
3637,373,4010
3631,379,4010
3613,397,4010
3571,439,4010
3547,463,4010
3511,499,4010
3469,541,4010
3463,547,4010
3433,577,4010
3391,619,4010
3319,691,4010
3301,709,4010
3271,739,4010
3259,751,4010
3253,757,4010
3187,823,4010
3181,829,4010
3019,991,4010
3001,1009,4010
2971,1039,4010
2917,1093,4010
2887,1123,4010
2857,1153,4010
2797,1213,4010
2731,1279,4010
2719,1291,4010
2713,1297,4010
2707,1303,4010
2689,1321,4010
2683,1327,4010
2557,1453,4010
2551,1459,4010
2539,1471,4010
2521,1489,4010
2467,1543,4010
2389,1621,4010
2383,1627,4010
2347,1663,4010
2341,1669,4010
2311,1699,4010
2287,1723,4010
2269,1741,4010
2251,1759,4010
2221,1789,4010
2179,1831,4010
2143,1867,4010
2137,1873,4010
2131,1879,4010
2017,1993,4010
2011,1999,4010
4007,5,4012
4001,11,4012
3989,23,4012
3929,83,4012
3923,89,4012
3911,101,4012
3881,131,4012
3863,149,4012
3833,179,4012
3821,191,4012
3779,233,4012
3761,251,4012
3719,293,4012
3701,311,4012
3659,353,4012
3623,389,4012
3593,419,4012
3581,431,4012
3533,479,4012
3491,521,4012
3449,563,4012
3413,599,4012
3371,641,4012
3359,653,4012
3329,683,4012
3251,761,4012
3203,809,4012
3191,821,4012
3083,929,4012
3041,971,4012
2999,1013,4012
2963,1049,4012
2909,1103,4012
2903,1109,4012
2861,1151,4012
2819,1193,4012
2789,1223,4012
2753,1259,4012
2729,1283,4012
2711,1301,4012
2693,1319,4012
2579,1433,4012
2531,1481,4012
2459,1553,4012
2441,1571,4012
2411,1601,4012
2399,1613,4012
2393,1619,4012
2141,1871,4012
2111,1901,4012
2099,1913,4012
2081,1931,4012
2063,1949,4012
2039,1973,4012
4007,7,4014
4003,11,4014
4001,13,4014
3967,47,4014
3947,67,4014
3943,71,4014
3931,83,4014
3917,97,4014
3911,103,4014
3907,107,4014
3877,137,4014
3863,151,4014
3851,163,4014
3847,167,4014
3833,181,4014
3823,191,4014
3821,193,4014
3803,211,4014
3733,281,4014
3701,313,4014
3697,317,4014
3677,337,4014
3631,383,4014
3617,397,4014
3613,401,4014
3593,421,4014
3583,431,4014
3581,433,4014
3571,443,4014
3557,457,4014
3547,467,4014
3527,487,4014
3511,503,4014
3491,523,4014
3467,547,4014
3457,557,4014
3413,601,4014
3407,607,4014
3373,641,4014
3371,643,4014
3361,653,4014
3331,683,4014
3323,691,4014
3313,701,4014
3271,743,4014
3257,757,4014
3253,761,4014
3217,797,4014
3203,811,4014
3191,823,4014
3187,827,4014
3137,877,4014
3067,947,4014
3061,953,4014
3037,977,4014
3023,991,4014
3001,1013,4014
2963,1051,4014
2953,1061,4014
2927,1087,4014
2917,1097,4014
2897,1117,4014
2861,1153,4014
2851,1163,4014
2843,1171,4014
2833,1181,4014
2801,1213,4014
2797,1217,4014
2791,1223,4014
2777,1237,4014
2731,1283,4014
2713,1301,4014
2711,1303,4014
2707,1307,4014
2693,1321,4014
2687,1327,4014
2647,1367,4014
2633,1381,4014
2591,1423,4014
2543,1471,4014
2531,1483,4014
2521,1493,4014
2503,1511,4014
2447,1567,4014
2417,1597,4014
2393,1621,4014
2377,1637,4014
2357,1657,4014
2351,1663,4014
2347,1667,4014
2293,1721,4014
2281,1733,4014
2273,1741,4014
2267,1747,4014
2237,1777,4014
2213,1801,4014
2203,1811,4014
2153,1861,4014
2143,1871,4014
2141,1873,4014
2137,1877,4014
2113,1901,4014
2083,1931,4014
2081,1933,4014
2063,1951,4014
2027,1987,4014
2017,1997,4014
2011,2003,4014
4013,3,4016
4003,13,4016
3943,73,4016
3919,97,4016
3907,109,4016
3889,127,4016
3877,139,4016
3853,163,4016
3823,193,4016
3793,223,4016
3739,277,4016
3733,283,4016
3709,307,4016
3643,373,4016
3637,379,4016
3607,409,4016
3583,433,4016
3559,457,4016
3529,487,4016
3517,499,4016
3469,547,4016
3373,643,4016
3343,673,4016
3307,709,4016
3259,757,4016
3229,787,4016
3187,829,4016
3163,853,4016
3109,907,4016
3079,937,4016
3049,967,4016
3019,997,4016
2953,1063,4016
2887,1129,4016
2803,1213,4016
2767,1249,4016
2719,1297,4016
2713,1303,4016
2689,1327,4016
2617,1399,4016
2593,1423,4016
2557,1459,4016
2473,1543,4016
2467,1549,4016
2437,1579,4016
2389,1627,4016
2347,1669,4016
2293,1723,4016
2269,1747,4016
2239,1777,4016
2143,1873,4016
2137,1879,4016
2083,1933,4016
2029,1987,4016
2017,1999,4016
4013,5,4018
4007,11,4018
4001,17,4018
3989,29,4018
3947,71,4018
3929,89,4018
3917,101,4018
3911,107,4018
3881,137,4018
3851,167,4018
3821,197,4018
3779,239,4018
3767,251,4018
3761,257,4018
3701,317,4018
3671,347,4018
3659,359,4018
3617,401,4018
3557,461,4018
3539,479,4018
3527,491,4018
3461,557,4018
3449,569,4018
3371,647,4018
3359,659,4018
3299,719,4018
3257,761,4018
3221,797,4018
3209,809,4018
3191,827,4018
3137,881,4018
3089,929,4018
3041,977,4018
2999,1019,4018
2969,1049,4018
2957,1061,4018
2927,1091,4018
2909,1109,4018
2837,1181,4018
2801,1217,4018
2789,1229,4018
2741,1277,4018
2729,1289,4018
2711,1307,4018
2699,1319,4018
2657,1361,4018
2609,1409,4018
2591,1427,4018
2579,1439,4018
2531,1487,4018
2459,1559,4018
2447,1571,4018
2417,1601,4018
2411,1607,4018
2399,1619,4018
2381,1637,4018
2351,1667,4018
2309,1709,4018
2297,1721,4018
2207,1811,4018
2141,1877,4018
2129,1889,4018
2111,1907,4018
2087,1931,4018
2069,1949,4018
2039,1979,4018
4013,7,4020
4007,13,4020
4003,17,4020
4001,19,4020
3989,31,4020
3967,53,4020
3947,73,4020
3931,89,4020
3923,97,4020
3919,101,4020
3917,103,4020
3911,109,4020
3907,113,4020
3889,131,4020
3881,139,4020
3863,157,4020
3853,167,4020
3847,173,4020
3823,197,4020
3821,199,4020
3797,223,4020
3793,227,4020
3779,241,4020
3769,251,4020
3739,281,4020
3727,293,4020
3709,311,4020
3673,347,4020
3671,349,4020
3637,383,4020
3631,389,4020
3623,397,4020
3581,439,4020
3571,449,4020
3559,461,4020
3557,463,4020
3541,479,4020
3533,487,4020
3529,491,4020
3517,503,4020
3511,509,4020
3499,521,4020
3463,557,4020
3457,563,4020
3449,571,4020
3433,587,4020
3413,607,4020
3407,613,4020
3389,631,4020
3373,647,4020
3361,659,4020
3359,661,4020
3347,673,4020
3343,677,4020
3329,691,4020
3319,701,4020
3301,719,4020
3259,761,4020
3251,769,4020
3209,811,4020
3191,829,4020
3181,839,4020
3167,853,4020
3163,857,4020
3137,883,4020
3109,911,4020
3083,937,4020
3079,941,4020
3067,953,4020
3049,971,4020
3037,983,4020
3023,997,4020
3011,1009,4020
3001,1019,4020
2999,1021,4020
2971,1049,4020
2969,1051,4020
2957,1063,4020
2927,1093,4020
2917,1103,4020
2903,1117,4020
2897,1123,4020
2857,1163,4020
2833,1187,4020
2819,1201,4020
2803,1217,4020
2797,1223,4020
2791,1229,4020
2789,1231,4020
2741,1279,4020
2731,1289,4020
2729,1291,4020
2719,1301,4020
2713,1307,4020
2699,1321,4020
2693,1327,4020
2659,1361,4020
2647,1373,4020
2621,1399,4020
2593,1427,4020
2591,1429,4020
2549,1471,4020
2539,1481,4020
2531,1489,4020
2521,1499,4020
2477,1543,4020
2467,1553,4020
2441,1579,4020
2437,1583,4020
2423,1597,4020
2411,1609,4020
2399,1621,4020
2393,1627,4020
2383,1637,4020
2357,1663,4020
2351,1669,4020
2311,1709,4020
2297,1723,4020
2287,1733,4020
2273,1747,4020
2267,1753,4020
2243,1777,4020
2237,1783,4020
2153,1867,4020
2143,1877,4020
2141,1879,4020
2131,1889,4020
2113,1907,4020
2089,1931,4020
2087,1933,4020
2069,1951,4020
2027,1993,4020
2017,2003,4020
4019,3,4022
4003,19,4022
3943,79,4022
3919,103,4022
3823,199,4022
3793,229,4022
3739,283,4022
3709,313,4022
3691,331,4022
3673,349,4022
3643,379,4022
3613,409,4022
3583,439,4022
3559,463,4022
3499,523,4022
3391,631,4022
3361,661,4022
3331,691,4022
3313,709,4022
3271,751,4022
3253,769,4022
3169,853,4022
3163,859,4022
3001,1021,4022
2971,1051,4022
2953,1069,4022
2851,1171,4022
2791,1231,4022
2731,1291,4022
2719,1303,4022
2593,1429,4022
2551,1471,4022
2539,1483,4022
2473,1549,4022
2281,1741,4022
2269,1753,4022
2239,1783,4022
2221,1801,4022
2161,1861,4022
2143,1879,4022
2089,1933,4022
2029,1993,4022
2011,2011,4022
4021,3,4024
4019,5,4024
4013,11,4024
4007,17,4024
4001,23,4024
3923,101,4024
3917,107,4024
3911,113,4024
3851,173,4024
3833,191,4024
3797,227,4024
3767,257,4024
3761,263,4024
3677,347,4024
3671,353,4024
3623,401,4024
3593,431,4024
3581,443,4024
3557,467,4024
3533,491,4024
3467,557,4024
3461,563,4024
3407,617,4024
3371,653,4024
3347,677,4024
3323,701,4024
3251,773,4024
3203,821,4024
3167,857,4024
3137,887,4024
3083,941,4024
3041,983,4024
3011,1013,4024
2963,1061,4024
2927,1097,4024
2861,1163,4024
2843,1181,4024
2837,1187,4024
2801,1223,4024
2741,1283,4024
2663,1361,4024
2657,1367,4024
2591,1433,4024
2543,1481,4024
2531,1493,4024
2441,1583,4024
2423,1601,4024
2417,1607,4024
2411,1613,4024
2357,1667,4024
2237,1787,4024
2213,1811,4024
2153,1871,4024
2111,1913,4024
2027,1997,4024
4021,5,4026
4019,7,4026
4013,13,4026
4007,19,4026
4003,23,4026
3989,37,4026
3967,59,4026
3947,79,4026
3943,83,4026
3929,97,4026
3923,103,4026
3919,107,4026
3917,109,4026
3889,137,4026
3877,149,4026
3863,163,4026
3853,173,4026
3847,179,4026
3833,193,4026
3803,223,4026
3797,229,4026
3793,233,4026
3769,257,4026
3733,293,4026
3719,307,4026
3709,317,4026
3677,349,4026
3673,353,4026
3659,367,4026
3643,383,4026
3637,389,4026
3617,409,4026
3607,419,4026
3593,433,4026
3583,443,4026
3559,467,4026
3547,479,4026
3539,487,4026
3527,499,4026
3517,509,4026
3469,557,4026
3463,563,4026
3457,569,4026
3449,577,4026
3433,593,4026
3413,613,4026
3407,619,4026
3373,653,4026
3343,683,4026
3307,719,4026
3299,727,4026
3257,769,4026
3253,773,4026
3229,797,4026
3217,809,4026
3203,823,4026
3187,839,4026
3169,857,4026
3167,859,4026
3163,863,4026
3119,907,4026
3089,937,4026
3079,947,4026
3049,977,4026
2963,1063,4026
2957,1069,4026
2939,1087,4026
2917,1109,4026
2909,1117,4026
2903,1123,4026
2897,1129,4026
2833,1193,4026
2803,1223,4026
2797,1229,4026
2789,1237,4026
2777,1249,4026
2767,1259,4026
2749,1277,4026
2729,1297,4026
2719,1307,4026
2707,1319,4026
2699,1327,4026
2659,1367,4026
2617,1409,4026
2593,1433,4026
2579,1447,4026
2543,1483,4026
2539,1487,4026
2503,1523,4026
2477,1549,4026
2473,1553,4026
2467,1559,4026
2459,1567,4026
2447,1579,4026
2417,1609,4026
2399,1627,4026
2389,1637,4026
2357,1669,4026
2333,1693,4026
2293,1733,4026
2273,1753,4026
2267,1759,4026
2243,1783,4026
2239,1787,4026
2237,1789,4026
2203,1823,4026
2179,1847,4026
2153,1873,4026
2137,1889,4026
2113,1913,4026
2053,1973,4026
2039,1987,4026
2029,1997,4026
2027,1999,4026
4021,7,4028
3967,61,4028
3931,97,4028
3919,109,4028
3889,139,4028
3877,151,4028
3847,181,4028
3697,331,4028
3691,337,4028
3631,397,4028
3607,421,4028
3571,457,4028
3541,487,4028
3529,499,4028
3457,571,4028
3319,709,4028
3301,727,4028
3271,757,4028
3259,769,4028
3217,811,4028
3169,859,4028
3121,907,4028
3109,919,4028
3061,967,4028
3037,991,4028
3019,1009,4028
2857,1171,4028
2797,1231,4028
2791,1237,4028
2749,1279,4028
2731,1297,4028
2707,1321,4028
2647,1381,4028
2557,1471,4028
2539,1489,4028
2371,1657,4028
2287,1741,4028
2281,1747,4028
2269,1759,4028
2251,1777,4028
2239,1789,4028
2161,1867,4028
2029,1999,4028
2017,2011,4028
4027,3,4030
4019,11,4030
4013,17,4030
4007,23,4030
4001,29,4030
3989,41,4030
3947,83,4030
3929,101,4030
3923,107,4030
3917,113,4030
3881,149,4030
3863,167,4030
3851,179,4030
3833,197,4030
3803,227,4030
3797,233,4030
3779,251,4030
3767,263,4030
3761,269,4030
3719,311,4030
3677,353,4030
3671,359,4030
3581,449,4030
3539,491,4030
3527,503,4030
3467,563,4030
3461,569,4030
3413,617,4030
3389,641,4030
3371,659,4030
3347,683,4030
3329,701,4030
3257,773,4030
3221,809,4030
3209,821,4030
3203,827,4030
3191,839,4030
3167,863,4030
3119,911,4030
3089,941,4030
3083,947,4030
3011,1019,4030
2999,1031,4030
2969,1061,4030
2939,1091,4030
2927,1103,4030
2879,1151,4030
2843,1187,4030
2837,1193,4030
2801,1229,4030
2753,1277,4030
2741,1289,4030
2729,1301,4030
2711,1319,4030
2663,1367,4030
2657,1373,4030
2621,1409,4030
2591,1439,4030
2579,1451,4030
2549,1481,4030
2543,1487,4030
2531,1499,4030
2477,1553,4030
2459,1571,4030
2447,1583,4030
2423,1607,4030
2417,1613,4030
2411,1619,4030
2393,1637,4030
2333,1697,4030
2309,1721,4030
2297,1733,4030
2243,1787,4030
2207,1823,4030
2153,1877,4030
2141,1889,4030
2129,1901,4030
2099,1931,4030
2081,1949,4030
2027,2003,4030
4027,5,4032
4021,11,4032
4019,13,4032
4013,19,4032
4003,29,4032
4001,31,4032
3989,43,4032
3943,89,4032
3931,101,4032
3929,103,4032
3923,109,4032
3919,113,4032
3881,151,4032
3853,179,4032
3851,181,4032
3833,199,4032
3821,211,4032
3803,229,4032
3793,239,4032
3769,263,4032
3761,271,4032
3739,293,4032
3719,313,4032
3701,331,4032
3673,359,4032
3659,373,4032
3643,389,4032
3631,401,4032
3623,409,4032
3613,419,4032
3593,439,4032
3583,449,4032
3571,461,4032
3541,491,4032
3533,499,4032
3529,503,4032
3511,521,4032
3491,541,4032
3469,563,4032
3463,569,4032
3461,571,4032
3433,599,4032
3413,619,4032
3391,641,4032
3389,643,4032
3373,659,4032
3371,661,4032
3359,673,4032
3331,701,4032
3323,709,4032
3313,719,4032
3299,733,4032
3271,761,4032
3259,773,4032
3221,811,4032
3209,823,4032
3203,829,4032
3169,863,4032
3121,911,4032
3079,953,4032
3061,971,4032
3049,983,4032
3041,991,4032
3023,1009,4032
3019,1013,4032
3011,1021,4032
3001,1031,4032
2999,1033,4032
2971,1061,4032
2969,1063,4032
2963,1069,4032
2939,1093,4032
2909,1123,4032
2903,1129,4032
2879,1153,4032
2861,1171,4032
2851,1181,4032
2819,1213,4032
2803,1229,4032
2801,1231,4032
2753,1279,4032
2749,1283,4032
2741,1291,4032
2731,1301,4032
2729,1303,4032
2713,1319,4032
2711,1321,4032
2671,1361,4032
2659,1373,4032
2633,1399,4032
2609,1423,4032
2593,1439,4032
2579,1453,4032
2551,1481,4032
2549,1483,4032
2543,1489,4032
2539,1493,4032
2521,1511,4032
2473,1559,4032
2423,1609,4032
2411,1621,4032
2339,1693,4032
2333,1699,4032
2311,1721,4032
2309,1723,4032
2273,1759,4032
2243,1789,4032
2221,1811,4032
2161,1871,4032
2153,1879,4032
2143,1889,4032
2131,1901,4032
2099,1933,4032
2083,1949,4032
2081,1951,4032
2053,1979,4032
2039,1993,4032
2029,2003,4032
4027,7,4034
4021,13,4034
4003,31,4034
3967,67,4034
3931,103,4034
3907,127,4034
3877,157,4034
3853,181,4034
3823,211,4034
3793,241,4034
3727,307,4034
3697,337,4034
3637,397,4034
3613,421,4034
3571,463,4034
3547,487,4034
3511,523,4034
3463,571,4034
3457,577,4034
3433,601,4034
3391,643,4034
3373,661,4034
3361,673,4034
3343,691,4034
3307,727,4034
3301,733,4034
3181,853,4034
3067,967,4034
3037,997,4034
3001,1033,4034
2971,1063,4034
2917,1117,4034
2833,1201,4034
2803,1231,4034
2797,1237,4034
2731,1303,4034
2713,1321,4034
2707,1327,4034
2551,1483,4034
2503,1531,4034
2467,1567,4034
2437,1597,4034
2377,1657,4034
2371,1663,4034
2341,1693,4034
2311,1723,4034
2293,1741,4034
2287,1747,4034
2281,1753,4034
2251,1783,4034
2203,1831,4034
2161,1873,4034
2083,1951,4034
2017,2017,4034
4019,17,4036
4013,23,4036
4007,29,4036
3989,47,4036
3947,89,4036
3929,107,4036
3923,113,4036
3863,173,4036
3803,233,4036
3797,239,4036
3779,257,4036
3767,269,4036
3719,317,4036
3677,359,4036
3617,419,4036
3593,443,4036
3557,479,4036
3533,503,4036
3527,509,4036
3467,569,4036
3449,587,4036
3389,647,4036
3359,677,4036
3209,827,4036
3089,947,4036
3083,953,4036
3023,1013,4036
2939,1097,4036
2927,1109,4036
2843,1193,4036
2819,1217,4036
2777,1259,4036
2753,1283,4036
2729,1307,4036
2663,1373,4036
2609,1427,4036
2549,1487,4036
2543,1493,4036
2477,1559,4036
2423,1613,4036
2417,1619,4036
2399,1637,4036
2339,1697,4036
2213,1823,4036
2129,1907,4036
2087,1949,4036
2063,1973,4036
2039,1997,4036
4027,11,4038
4021,17,4038
4019,19,4038
4007,31,4038
4001,37,4038
3967,71,4038
3931,107,4038
3929,109,4038
3911,127,4038
3907,131,4038
3889,149,4038
3881,157,4038
3847,191,4038
3797,241,4038
3769,269,4038
3767,271,4038
3761,277,4038
3727,311,4038
3701,337,4038
3691,347,4038
3671,367,4038
3659,379,4038
3637,401,4038
3617,421,4038
3607,431,4038
3581,457,4038
3571,467,4038
3559,479,4038
3547,491,4038
3539,499,4038
3529,509,4038
3517,521,4038
3491,547,4038
3469,569,4038
3467,571,4038
3461,577,4038
3407,631,4038
3391,647,4038
3361,677,4038
3347,691,4038
3329,709,4038
3319,719,4038
3299,739,4038
3251,787,4038
3229,809,4038
3217,821,4038
3209,829,4038
3181,857,4038
3119,919,4038
3109,929,4038
3067,971,4038
3061,977,4038
3041,997,4038
3019,1019,4038
2999,1039,4038
2969,1069,4038
2909,1129,4038
2887,1151,4038
2857,1181,4038
2851,1187,4038
2837,1201,4038
2801,1237,4038
2789,1249,4038
2749,1289,4038
2741,1297,4038
2731,1307,4038
2719,1319,4038
2711,1327,4038
2677,1361,4038
2671,1367,4038
2657,1381,4038
2609,1429,4038
2591,1447,4038
2579,1459,4038
2557,1481,4038
2551,1487,4038
2549,1489,4038
2539,1499,4038
2467,1571,4038
2459,1579,4038
2441,1597,4038
2437,1601,4038
2417,1621,4038
2411,1627,4038
2381,1657,4038
2371,1667,4038
2341,1697,4038
2339,1699,4038
2297,1741,4038
2251,1787,4038
2237,1801,4038
2207,1831,4038
2161,1877,4038
2137,1901,4038
2131,1907,4038
2089,1949,4038
2087,1951,4038
2039,1999,4038
2027,2011,4038
4027,13,4040
4021,19,4040
4003,37,4040
3967,73,4040
3943,97,4040
3931,109,4040
3889,151,4040
3877,163,4040
3847,193,4040
3769,271,4040
3733,307,4040
3727,313,4040
3709,331,4040
3691,349,4040
3673,367,4040
3643,397,4040
3631,409,4040
3607,433,4040
3583,457,4040
3541,499,4040
3517,523,4040
3499,541,4040
3469,571,4040
3463,577,4040
3433,607,4040
3331,709,4040
3313,727,4040
3307,733,4040
3301,739,4040
3271,769,4040
3253,787,4040
3229,811,4040
3217,823,4040
3187,853,4040
3181,859,4040
3163,877,4040
3121,919,4040
3049,991,4040
3019,1021,4040
3001,1039,4040
2971,1069,4040
2953,1087,4040
2917,1123,4040
2887,1153,4040
2803,1237,4040
2791,1249,4040
2749,1291,4040
2719,1321,4040
2713,1327,4040
2659,1381,4040
2617,1423,4040
2593,1447,4040
2557,1483,4040
2551,1489,4040
2473,1567,4040
2383,1657,4040
2377,1663,4040
2371,1669,4040
2347,1693,4040
2341,1699,4040
2293,1747,4040
2287,1753,4040
2281,1759,4040
2251,1789,4040
2239,1801,4040
2179,1861,4040
2161,1879,4040
2089,1951,4040
2053,1987,4040
2029,2011,4040
4019,23,4042
4013,29,4042
4001,41,4042
3989,53,4042
3929,113,4042
3911,131,4042
3863,179,4042
3851,191,4042
3803,239,4042
3779,263,4042
3761,281,4042
3659,383,4042
3623,419,4042
3593,449,4042
3581,461,4042
3539,503,4042
3533,509,4042
3449,593,4042
3389,653,4042
3359,683,4042
3323,719,4042
3299,743,4042
3221,821,4042
3203,839,4042
3089,953,4042
3023,1019,4042
3011,1031,4042
2939,1103,4042
2879,1163,4042
2861,1181,4042
2819,1223,4042
2753,1289,4042
2741,1301,4042
2633,1409,4042
2609,1433,4042
2591,1451,4042
2549,1493,4042
2543,1499,4042
2531,1511,4042
2459,1583,4042
2441,1601,4042
2423,1619,4042
2333,1709,4042
2309,1733,4042
2153,1889,4042
2141,1901,4042
2129,1913,4042
2111,1931,4042
2069,1973,4042
2063,1979,4042
2039,2003,4042
4027,17,4044
4021,23,4044
4013,31,4044
4007,37,4044
4003,41,4044
4001,43,4044
3947,97,4044
3943,101,4044
3931,113,4044
3917,127,4044
3907,137,4044
3881,163,4044
3877,167,4044
3863,181,4044
3853,191,4044
3851,193,4044
3847,197,4044
3833,211,4044
3821,223,4044
3803,241,4044
3793,251,4044
3767,277,4044
3761,283,4044
3733,311,4044
3727,317,4044
3697,347,4044
3691,353,4044
3677,367,4044
3671,373,4044
3643,401,4044
3623,421,4044
3613,431,4044
3583,461,4044
3581,463,4044
3557,487,4044
3541,503,4044
3467,577,4044
3457,587,4044
3413,631,4044
3391,653,4044
3371,673,4044
3361,683,4044
3343,701,4044
3301,743,4044
3271,773,4044
3257,787,4044
3221,823,4044
3217,827,4044
3191,853,4044
3187,857,4044
3181,863,4044
3167,877,4044
3163,881,4044
3137,907,4044
3067,977,4044
3061,983,4044
3023,1021,4044
3011,1033,4044
2957,1087,4044
2953,1091,4044
2927,1117,4044
2857,1187,4044
2851,1193,4044
2843,1201,4044
2767,1277,4044
2753,1291,4044
2741,1303,4044
2683,1361,4044
2677,1367,4044
2671,1373,4044
2663,1381,4044
2621,1423,4044
2617,1427,4044
2593,1451,4044
2591,1453,4044
2557,1487,4044
2551,1493,4044
2521,1523,4044
2477,1567,4044
2473,1571,4044
2447,1597,4044
2437,1607,4044
2423,1621,4044
2417,1627,4044
2381,1663,4044
2377,1667,4044
2351,1693,4044
2347,1697,4044
2311,1733,4044
2297,1747,4044
2267,1777,4044
2243,1801,4044
2221,1823,4044
2213,1831,4044
2143,1901,4044
2137,1907,4044
2131,1913,4044
2113,1931,4044
2111,1933,4044
2027,2017,4044
4027,19,4046
4003,43,4046
3967,79,4046
3943,103,4046
3919,127,4046
3907,139,4046
3889,157,4046
3853,193,4046
3847,199,4046
3823,223,4046
3769,277,4046
3739,307,4046
3733,313,4046
3709,337,4046
3697,349,4046
3673,373,4046
3637,409,4046
3613,433,4046
3607,439,4046
3583,463,4046
3559,487,4046
3547,499,4046
3499,547,4046
3469,577,4046
3433,613,4046
3373,673,4046
3319,727,4046
3313,733,4046
3307,739,4046
3259,787,4046
3217,829,4046
3187,859,4046
3169,877,4046
3163,883,4046
3109,937,4046
3079,967,4046
3049,997,4046
3037,1009,4046
2953,1093,4046
2917,1129,4046
2833,1213,4046
2797,1249,4046
2767,1279,4046
2749,1297,4046
2719,1327,4046
2647,1399,4046
2617,1429,4046
2593,1453,4046
2557,1489,4046
2503,1543,4046
2467,1579,4046
2437,1609,4046
2389,1657,4046
2383,1663,4046
2377,1669,4046
2347,1699,4046
2293,1753,4046
2287,1759,4046
2269,1777,4046
2179,1867,4046
2113,1933,4046
2053,1993,4046
2029,2017,4046
4019,29,4048
4007,41,4048
4001,47,4048
3989,59,4048
3947,101,4048
3917,131,4048
3911,137,4048
3881,167,4048
3851,197,4048
3821,227,4048
3797,251,4048
3779,269,4048
3767,281,4048
3701,347,4048
3659,389,4048
3617,431,4048
3581,467,4048
3557,491,4048
3539,509,4048
3527,521,4048
3491,557,4048
3461,587,4048
3449,599,4048
3407,641,4048
3389,659,4048
3371,677,4048
3347,701,4048
3329,719,4048
3251,797,4048
3221,827,4048
3209,839,4048
3191,857,4048
3167,881,4048
3137,911,4048
3119,929,4048
2999,1049,4048
2957,1091,4048
2939,1109,4048
2897,1151,4048
2861,1187,4048
2819,1229,4048
2789,1259,4048
2741,1307,4048
2729,1319,4048
2687,1361,4048
2621,1427,4048
2609,1439,4048
2549,1499,4048
2477,1571,4048
2447,1601,4048
2441,1607,4048
2411,1637,4048
2381,1667,4048
2351,1697,4048
2339,1709,4048
2237,1811,4048
2141,1907,4048
2099,1949,4048
2069,1979,4048
4027,23,4050
4021,29,4050
4019,31,4050
4013,37,4050
4007,43,4050
4003,47,4050
3989,61,4050
3967,83,4050
3947,103,4050
3943,107,4050
3923,127,4050
3919,131,4050
3911,139,4050
3877,173,4050
3853,197,4050
3851,199,4050
3823,227,4050
3821,229,4050
3793,257,4050
3779,271,4050
3769,281,4050
3767,283,4050
3739,311,4050
3733,317,4050
3719,331,4050
3701,349,4050
3697,353,4050
3691,359,4050
3677,373,4050
3671,379,4050
3631,419,4050
3617,433,4050
3607,443,4050
3593,457,4050
3583,467,4050
3571,479,4050
3559,491,4050
3547,503,4050
3541,509,4050
3529,521,4050
3527,523,4050
3463,587,4050
3457,593,4050
3449,601,4050
3433,617,4050
3407,643,4050
3391,659,4050
3389,661,4050
3373,677,4050
3359,691,4050
3331,719,4050
3323,727,4050
3307,743,4050
3299,751,4050
3253,797,4050
3229,821,4050
3221,829,4050
3191,859,4050
3187,863,4050
3169,881,4050
3167,883,4050
3163,887,4050
3121,929,4050
3109,941,4050
3083,967,4050
3079,971,4050
3067,983,4050
3041,1009,4050
3037,1013,4050
3019,1031,4050
3011,1039,4050
3001,1049,4050
2999,1051,4050
2963,1087,4050
2957,1093,4050
2953,1097,4050
2927,1123,4050
2897,1153,4050
2887,1163,4050
2879,1171,4050
2857,1193,4050
2837,1213,4050
2833,1217,4050
2819,1231,4050
2801,1249,4050
2791,1259,4050
2767,1283,4050
2753,1297,4050
2749,1301,4050
2731,1319,4050
2729,1321,4050
2689,1361,4050
2683,1367,4050
2677,1373,4050
2621,1429,4050
2617,1433,4050
2591,1459,4050
2579,1471,4050
2557,1493,4050
2551,1499,4050
2539,1511,4050
2467,1583,4050
2441,1609,4050
2437,1613,4050
2423,1627,4050
2393,1657,4050
2383,1667,4050
2381,1669,4050
2357,1693,4050
2351,1699,4050
2341,1709,4050
2309,1741,4050
2297,1753,4050
2273,1777,4050
2267,1783,4050
2239,1811,4050
2203,1847,4050
2179,1871,4050
2161,1889,4050
2143,1907,4050
2137,1913,4050
2099,1951,4050
2063,1987,4050
2053,1997,4050
2039,2011,4050
4049,3,4052
4021,31,4052
3943,109,4052
3889,163,4052
3853,199,4052
3823,229,4052
3769,283,4052
3739,313,4052
3673,379,4052
3643,409,4052
3631,421,4052
3613,439,4052
3529,523,4052
3511,541,4052
3433,619,4052
3391,661,4052
3361,691,4052
3343,709,4052
3319,733,4052
3313,739,4052
3301,751,4052
3229,823,4052
3169,883,4052
3061,991,4052
3019,1033,4052
3001,1051,4052
2851,1201,4052
2803,1249,4052
2749,1303,4052
2731,1321,4052
2671,1381,4052
2593,1459,4052
2521,1531,4052
2503,1549,4052
2473,1579,4052
2389,1663,4052
2383,1669,4052
2311,1741,4052
2293,1759,4052
2269,1783,4052
2251,1801,4052
2221,1831,4052
2179,1873,4052
2053,1999,4052
4051,3,4054
4049,5,4054
4013,41,4054
4007,47,4054
4001,53,4054
3947,107,4054
3923,131,4054
3917,137,4054
3881,173,4054
3863,191,4054
3821,233,4054
3803,251,4054
3797,257,4054
3761,293,4054
3701,353,4054
3671,383,4054
3623,431,4054
3593,461,4054
3533,521,4054
3491,563,4054
3467,587,4054
3461,593,4054
3413,641,4054
3407,647,4054
3371,683,4054
3257,797,4054
3191,863,4054
3167,887,4054
3083,971,4054
3041,1013,4054
3023,1031,4054
2963,1091,4054
2957,1097,4054
2903,1151,4054
2861,1193,4054
2837,1217,4054
2777,1277,4054
2753,1301,4054
2693,1361,4054
2687,1367,4054
2621,1433,4054
2543,1511,4054
2531,1523,4054
2447,1607,4054
2441,1613,4054
2417,1637,4054
2357,1697,4054
2333,1721,4054
2267,1787,4054
2243,1811,4054
2207,1847,4054
2153,1901,4054
2141,1913,4054
2081,1973,4054
2027,2027,4054
4051,5,4056
4049,7,4056
4027,29,4056
4019,37,4056
4013,43,4056
4003,53,4056
3989,67,4056
3967,89,4056
3947,109,4056
3943,113,4056
3929,127,4056
3919,137,4056
3917,139,4056
3907,149,4056
3889,167,4056
3877,179,4056
3863,193,4056
3833,223,4056
3823,233,4056
3793,263,4056
3779,277,4056
3739,317,4056
3719,337,4056
3709,347,4056
3697,359,4056
3677,379,4056
3673,383,4056
3659,397,4056
3637,419,4056
3623,433,4056
3617,439,4056
3613,443,4056
3607,449,4056
3593,463,4056
3557,499,4056
3547,509,4056
3533,523,4056
3499,557,4056
3469,587,4056
3463,593,4056
3457,599,4056
3449,607,4056
3413,643,4056
3373,683,4056
3347,709,4056
3329,727,4056
3323,733,4056
3313,743,4056
3299,757,4056
3259,797,4056
3229,827,4056
3217,839,4056
3203,853,4056
3169,887,4056
3137,919,4056
3119,937,4056
3109,947,4056
3089,967,4056
3079,977,4056
3037,1019,4056
3023,1033,4056
2969,1087,4056
2963,1093,4056
2953,1103,4056
2939,1117,4056
2927,1129,4056
2903,1153,4056
2843,1213,4056
2833,1223,4056
2819,1237,4056
2797,1259,4056
2777,1279,4056
2767,1289,4056
2753,1303,4056
2749,1307,4056
2729,1327,4056
2689,1367,4056
2683,1373,4056
2657,1399,4056
2647,1409,4056
2633,1423,4056
2617,1439,4056
2609,1447,4056
2557,1499,4056
2503,1553,4056
2477,1579,4056
2473,1583,4056
2459,1597,4056
2447,1609,4056
2437,1619,4056
2399,1657,4056
2393,1663,4056
2389,1667,4056
2357,1699,4056
2347,1709,4056
2333,1723,4056
2309,1747,4056
2297,1759,4056
2273,1783,4056
2269,1787,4056
2267,1789,4056
2179,1877,4056
2143,1913,4056
2083,1973,4056
2069,1987,4056
2063,1993,4056
2053,2003,4056
2039,2017,4056
2029,2027,4056
4051,7,4058
4027,31,4058
4021,37,4058
3931,127,4058
3919,139,4058
3907,151,4058
3877,181,4058
3847,211,4058
3727,331,4058
3709,349,4058
3691,367,4058
3637,421,4058
3571,487,4058
3559,499,4058
3517,541,4058
3511,547,4058
3457,601,4058
3331,727,4058
3319,739,4058
3307,751,4058
3301,757,4058
3271,787,4058
3229,829,4058
3181,877,4058
3121,937,4058
3067,991,4058
3061,997,4058
3049,1009,4058
3037,1021,4058
3019,1039,4058
2971,1087,4058
2887,1171,4058
2857,1201,4058
2767,1291,4058
2731,1327,4058
2677,1381,4058
2659,1399,4058
2437,1621,4058
2389,1669,4058
2311,1747,4058
2281,1777,4058
2269,1789,4058
2179,1879,4058
2029,2029,4058
4057,3,4060
4049,11,4060
4019,41,4060
4013,47,4060
4007,53,4060
4001,59,4060
3989,71,4060
3947,113,4060
3929,131,4060
3923,137,4060
3911,149,4060
3881,179,4060
3863,197,4060
3833,227,4060
3821,239,4060
3803,257,4060
3797,263,4060
3779,281,4060
3767,293,4060
3701,359,4060
3677,383,4060
3671,389,4060
3659,401,4060
3617,443,4060
3593,467,4060
3581,479,4060
3557,503,4060
3539,521,4060
3491,569,4060
3467,593,4060
3461,599,4060
3413,647,4060
3407,653,4060
3359,701,4060
3299,761,4060
3251,809,4060
3221,839,4060
3203,857,4060
3119,941,4060
3089,971,4060
3083,977,4060
3041,1019,4060
3011,1049,4060
2999,1061,4060
2969,1091,4060
2963,1097,4060
2957,1103,4060
2909,1151,4060
2897,1163,4060
2879,1181,4060
2843,1217,4060
2837,1223,4060
2801,1259,4060
2777,1283,4060
2753,1307,4060
2741,1319,4060
2699,1361,4060
2693,1367,4060
2687,1373,4060
2633,1427,4060
2621,1439,4060
2609,1451,4060
2579,1481,4060
2549,1511,4060
2477,1583,4060
2459,1601,4060
2447,1613,4060
2441,1619,4060
2423,1637,4060
2393,1667,4060
2351,1709,4060
2339,1721,4060
2273,1787,4060
2237,1823,4060
2213,1847,4060
2153,1907,4060
2129,1931,4060
2111,1949,4060
2087,1973,4060
2081,1979,4060
2063,1997,4060
4057,5,4062
4051,11,4062
4049,13,4062
4021,41,4062
4019,43,4062
4003,59,4062
4001,61,4062
3989,73,4062
3931,131,4062
3923,139,4062
3911,151,4062
3889,173,4062
3881,181,4062
3863,199,4062
3851,211,4062
3833,229,4062
3823,239,4062
3821,241,4062
3793,269,4062
3779,283,4062
3769,293,4062
3709,353,4062
3673,389,4062
3643,419,4062
3631,431,4062
3623,439,4062
3613,449,4062
3583,479,4062
3571,491,4062
3559,503,4062
3541,521,4062
3539,523,4062
3499,563,4062
3491,571,4062
3469,593,4062
3463,599,4062
3461,601,4062
3449,613,4062
3389,673,4062
3371,691,4062
3361,701,4062
3343,719,4062
3329,733,4062
3323,739,4062
3319,743,4062
3301,761,4062
3253,809,4062
3251,811,4062
3209,853,4062
3203,859,4062
3181,881,4062
3121,941,4062
3109,953,4062
3079,983,4062
3049,1013,4062
3041,1021,4062
3023,1039,4062
3011,1051,4062
3001,1061,4062
2999,1063,4062
2971,1091,4062
2969,1093,4062
2953,1109,4062
2939,1123,4062
2909,1153,4062
2861,1201,4062
2833,1229,4062
2803,1259,4062
2741,1321,4062
2689,1373,4062
2663,1399,4062
2633,1429,4062
2609,1453,4062
2591,1471,4062
2579,1483,4062
2551,1511,4062
2539,1523,4062
2531,1531,4062
2503,1559,4062
2441,1621,4062
2399,1663,4062
2393,1669,4062
2341,1721,4062
2339,1723,4062
2309,1753,4062
2273,1789,4062
2251,1811,4062
2239,1823,4062
2161,1901,4062
2131,1931,4062
2129,1933,4062
2113,1949,4062
2111,1951,4062
2089,1973,4062
2083,1979,4062
2069,1993,4062
2063,1999,4062
4057,7,4064
4051,13,4064
4027,37,4064
4021,43,4064
4003,61,4064
3967,97,4064
3907,157,4064
3853,211,4064
3823,241,4064
3793,271,4064
3733,331,4064
3727,337,4064
3697,367,4064
3691,373,4064
3643,421,4064
3631,433,4064
3607,457,4064
3541,523,4064
3517,547,4064
3463,601,4064
3457,607,4064
3433,631,4064
3391,673,4064
3373,691,4064
3331,733,4064
3313,751,4064
3307,757,4064
3253,811,4064
3187,877,4064
3181,883,4064
3067,997,4064
3001,1063,4064
2971,1093,4064
2851,1213,4064
2833,1231,4064
2767,1297,4064
2683,1381,4064
2617,1447,4064
2593,1471,4064
2521,1543,4064
2467,1597,4064
2437,1627,4064
2371,1693,4064
2341,1723,4064
2311,1753,4064
2287,1777,4064
2281,1783,4064
2203,1861,4064
2131,1933,4064
2113,1951,4064
2053,2011,4064
4049,17,4066
4019,47,4066
4013,53,4066
4007,59,4066
3929,137,4066
3917,149,4066
3833,233,4066
3803,263,4066
3797,269,4066
3719,347,4066
3677,389,4066
3623,443,4066
3617,449,4066
3557,509,4066
3467,599,4066
3449,617,4066
3413,653,4066
3407,659,4066
3389,677,4066
3347,719,4066
3323,743,4066
3257,809,4066
3209,857,4066
3203,863,4066
3137,929,4066
3119,947,4066
3089,977,4066
3083,983,4066
2969,1097,4066
2963,1103,4066
2957,1109,4066
2903,1163,4066
2879,1187,4066
2843,1223,4066
2837,1229,4066
2789,1277,4066
2777,1289,4066
2699,1367,4066
2693,1373,4066
2657,1409,4066
2633,1433,4066
2579,1487,4066
2543,1523,4066
2459,1607,4066
2447,1619,4066
2399,1667,4066
2357,1709,4066
2333,1733,4066
2243,1823,4066
2153,1913,4066
2087,1979,4066
2069,1997,4066
2063,2003,4066
2039,2027,4066
4057,11,4068
4051,17,4068
4049,19,4068
4027,41,4068
4021,47,4068
4007,61,4068
4001,67,4068
3989,79,4068
3967,101,4068
3931,137,4068
3929,139,4068
3919,149,4068
3917,151,4068
3911,157,4068
3889,179,4068
3877,191,4068
3797,271,4068
3761,307,4068
3719,349,4068
3709,359,4068
3701,367,4068
3671,397,4068
3659,409,4068
3637,431,4068
3607,461,4068
3581,487,4068
3559,509,4068
3547,521,4068
3527,541,4068
3511,557,4068
3499,569,4068
3491,577,4068
3469,599,4068
3467,601,4068
3461,607,4068
3449,619,4068
3407,661,4068
3391,677,4068
3359,709,4068
3329,739,4068
3307,761,4068
3299,769,4068
3271,797,4068
3259,809,4068
3257,811,4068
3229,839,4068
3209,859,4068
3191,877,4068
3187,881,4068
3181,887,4068
3121,947,4068
3049,1019,4068
3037,1031,4068
3019,1049,4068
2999,1069,4068
2971,1097,4068
2939,1129,4068
2917,1151,4068
2897,1171,4068
2887,1181,4068
2851,1217,4068
2837,1231,4068
2819,1249,4068
2791,1277,4068
2789,1279,4068
2777,1291,4068
2767,1301,4068
2749,1319,4068
2741,1327,4068
2707,1361,4068
2687,1381,4068
2659,1409,4068
2621,1447,4068
2617,1451,4068
2609,1459,4068
2579,1489,4068
2557,1511,4068
2467,1601,4068
2459,1609,4068
2447,1621,4068
2441,1627,4068
2411,1657,4068
2399,1669,4068
2371,1697,4068
2347,1721,4068
2309,1759,4068
2281,1787,4068
2267,1801,4068
2237,1831,4068
2221,1847,4068
2207,1861,4068
2179,1889,4068
2161,1907,4068
2137,1931,4068
2089,1979,4068
2081,1987,4068
2069,1999,4068
2039,2029,4068
4057,13,4070
4051,19,4070
4027,43,4070
4003,67,4070
3967,103,4070
3943,127,4070
3931,139,4070
3919,151,4070
3907,163,4070
3889,181,4070
3877,193,4070
3847,223,4070
3793,277,4070
3739,331,4070
3733,337,4070
3697,373,4070
3691,379,4070
3673,397,4070
3637,433,4070
3631,439,4070
3613,457,4070
3607,463,4070
3583,487,4070
3571,499,4070
3547,523,4070
3529,541,4070
3499,571,4070
3469,601,4070
3463,607,4070
3457,613,4070
3361,709,4070
3343,727,4070
3331,739,4070
3319,751,4070
3313,757,4070
3301,769,4070
3259,811,4070
3217,853,4070
3187,883,4070
3163,907,4070
3079,991,4070
3061,1009,4070
3049,1021,4070
3037,1033,4070
3019,1051,4070
3001,1069,4070
2953,1117,4070
2917,1153,4070
2857,1213,4070
2833,1237,4070
2791,1279,4070
2767,1303,4070
2749,1321,4070
2689,1381,4070
2671,1399,4070
2647,1423,4070
2617,1453,4070
2539,1531,4070
2521,1549,4070
2503,1567,4070
2473,1597,4070
2377,1693,4070
2371,1699,4070
2347,1723,4070
2311,1759,4070
2293,1777,4070
2287,1783,4070
2281,1789,4070
2269,1801,4070
2239,1831,4070
2203,1867,4070
2137,1933,4070
2083,1987,4070
2053,2017,4070
4049,23,4072
4019,53,4072
4013,59,4072
4001,71,4072
3989,83,4072
3923,149,4072
3881,191,4072
3833,239,4072
3821,251,4072
3803,269,4072
3779,293,4072
3761,311,4072
3719,353,4072
3671,401,4072
3623,449,4072
3593,479,4072
3581,491,4072
3413,659,4072
3389,683,4072
3371,701,4072
3329,743,4072
3299,773,4072
3251,821,4072
3209,863,4072
3191,881,4072
3119,953,4072
3089,983,4072
3041,1031,4072
3023,1049,4072
3011,1061,4072
2969,1103,4072
2963,1109,4072
2909,1163,4072
2879,1193,4072
2843,1229,4072
2789,1283,4072
2753,1319,4072
2711,1361,4072
2699,1373,4072
2663,1409,4072
2633,1439,4072
2621,1451,4072
2591,1481,4072
2579,1493,4072
2549,1523,4072
2459,1613,4072
2351,1721,4072
2339,1733,4072
2141,1931,4072
2099,1973,4072
2069,2003,4072
4057,17,4074
4051,23,4074
4027,47,4074
4021,53,4074
4013,61,4074
4007,67,4074
4003,71,4074
4001,73,4074
3967,107,4074
3947,127,4074
3943,131,4074
3923,151,4074
3917,157,4074
3911,163,4074
3907,167,4074
3881,193,4074
3877,197,4074
3863,211,4074
3851,223,4074
3847,227,4074
3833,241,4074
3823,251,4074
3803,271,4074
3797,277,4074
3793,281,4074
3767,307,4074
3761,313,4074
3727,347,4074
3701,373,4074
3691,383,4074
3677,397,4074
3673,401,4074
3643,431,4074
3631,443,4074
3617,457,4074
3613,461,4074
3607,467,4074
3583,491,4074
3571,503,4074
3533,541,4074
3527,547,4074
3517,557,4074
3511,563,4074
3467,607,4074
3461,613,4074
3457,617,4074
3433,641,4074
3413,661,4074
3391,683,4074
3373,701,4074
3347,727,4074
3331,743,4074
3323,751,4074
3313,761,4074
3301,773,4074
3253,821,4074
3251,823,4074
3221,853,4074
3217,857,4074
3191,883,4074
3187,887,4074
3167,907,4074
3163,911,4074
3137,937,4074
3121,953,4074
3083,991,4074
3061,1013,4074
3041,1033,4074
3023,1051,4074
3011,1063,4074
2971,1103,4074
2957,1117,4074
2903,1171,4074
2887,1187,4074
2861,1213,4074
2857,1217,4074
2851,1223,4074
2843,1231,4074
2837,1237,4074
2797,1277,4074
2791,1283,4074
2777,1297,4074
2767,1307,4074
2753,1321,4074
2713,1361,4074
2707,1367,4074
2693,1381,4074
2647,1427,4074
2621,1453,4074
2593,1481,4074
2591,1483,4074
2551,1523,4074
2543,1531,4074
2531,1543,4074
2521,1553,4074
2503,1571,4074
2477,1597,4074
2473,1601,4074
2467,1607,4074
2447,1627,4074
2437,1637,4074
2417,1657,4074
2411,1663,4074
2381,1693,4074
2377,1697,4074
2351,1723,4074
2341,1733,4074
2333,1741,4074
2297,1777,4074
2287,1787,4074
2273,1801,4074
2251,1823,4074
2243,1831,4074
2213,1861,4074
2207,1867,4074
2203,1871,4074
2161,1913,4074
2143,1931,4074
2141,1933,4074
2087,1987,4074
2081,1993,4074
2063,2011,4074
4073,3,4076
4057,19,4076
4003,73,4076
3967,109,4076
3919,157,4076
3877,199,4076
3853,223,4076
3847,229,4076
3793,283,4076
3769,307,4076
3739,337,4076
3727,349,4076
3709,367,4076
3697,379,4076
3643,433,4076
3637,439,4076
3613,463,4076
3529,547,4076
3499,577,4076
3469,607,4076
3463,613,4076
3457,619,4076
3433,643,4076
3343,733,4076
3319,757,4076
3307,769,4076
3253,823,4076
3217,859,4076
3169,907,4076
3109,967,4076
3079,997,4076
3067,1009,4076
3037,1039,4076
2953,1123,4076
2797,1279,4076
2749,1327,4076
2677,1399,4076
2647,1429,4076
2617,1459,4076
2593,1483,4076
2467,1609,4076
2383,1693,4076
2377,1699,4076
2293,1783,4076
2287,1789,4076
2203,1873,4076
2143,1933,4076
2089,1987,4076
2083,1993,4076
4073,5,4078
4049,29,4078
4019,59,4078
4007,71,4078
3989,89,4078
3947,131,4078
3929,149,4078
3911,167,4078
3881,197,4078
3851,227,4078
3821,257,4078
3797,281,4078
3767,311,4078
3761,317,4078
3719,359,4078
3677,401,4078
3659,419,4078
3617,461,4078
3557,521,4078
3491,587,4078
3461,617,4078
3359,719,4078
3257,821,4078
3251,827,4078
3221,857,4078
3191,887,4078
3167,911,4078
3137,941,4078
2969,1109,4078
2927,1151,4078
2897,1181,4078
2861,1217,4078
2819,1259,4078
2801,1277,4078
2789,1289,4078
2777,1301,4078
2711,1367,4078
2591,1487,4078
2579,1499,4078
2477,1601,4078
2459,1619,4078
2441,1637,4078
2411,1667,4078
2381,1697,4078
2357,1721,4078
2267,1811,4078
2207,1871,4078
2129,1949,4078
2099,1979,4078
2081,1997,4078
2039,2039,4078
4073,7,4080
4057,23,4080
4051,29,4080
4049,31,4080
4027,53,4080
4021,59,4080
4019,61,4080
4013,67,4080
4007,73,4080
4001,79,4080
3967,113,4080
3943,137,4080
3931,149,4080
3929,151,4080
3923,157,4080
3917,163,4080
3907,173,4080
3889,191,4080
3881,199,4080
3853,227,4080
3851,229,4080
3847,233,4080
3823,257,4080
3803,277,4080
3797,283,4080
3769,311,4080
3767,313,4080
3733,347,4080
3727,353,4080
3701,379,4080
3697,383,4080
3691,389,4080
3671,409,4080
3659,421,4080
3637,443,4080
3631,449,4080
3623,457,4080
3617,463,4080
3613,467,4080
3593,487,4080
3581,499,4080
3571,509,4080
3559,521,4080
3557,523,4080
3539,541,4080
3533,547,4080
3517,563,4080
3511,569,4080
3467,613,4080
3463,617,4080
3461,619,4080
3449,631,4080
3433,647,4080
3407,673,4080
3389,691,4080
3371,709,4080
3361,719,4080
3347,733,4080
3329,751,4080
3323,757,4080
3319,761,4080
3307,773,4080
3271,809,4080
3259,821,4080
3257,823,4080
3253,827,4080
3251,829,4080
3221,859,4080
3217,863,4080
3203,877,4080
3169,911,4080
3109,971,4080
3089,991,4080
3083,997,4080
3067,1013,4080
3061,1019,4080
3049,1031,4080
3041,1039,4080
3019,1061,4080
3011,1069,4080
2971,1109,4080
2963,1117,4080
2957,1123,4080
2927,1153,4080
2917,1163,4080
2909,1171,4080
2887,1193,4080
2879,1201,4080
2857,1223,4080
2851,1229,4080
2843,1237,4080
2803,1277,4080
2801,1279,4080
2797,1283,4080
2791,1289,4080
2789,1291,4080
2777,1303,4080
2753,1327,4080
2719,1361,4080
2713,1367,4080
2707,1373,4080
2699,1381,4080
2671,1409,4080
2657,1423,4080
2647,1433,4080
2633,1447,4080
2621,1459,4080
2609,1471,4080
2593,1487,4080
2591,1489,4080
2557,1523,4080
2549,1531,4080
2531,1549,4080
2521,1559,4080
2473,1607,4080
2467,1613,4080
2459,1621,4080
2423,1657,4080
2417,1663,4080
2411,1669,4080
2383,1697,4080
2381,1699,4080
2371,1709,4080
2357,1723,4080
2347,1733,4080
2339,1741,4080
2333,1747,4080
2297,1783,4080
2293,1787,4080
2269,1811,4080
2213,1867,4080
2207,1873,4080
2203,1877,4080
2179,1901,4080
2131,1949,4080
2129,1951,4080
2087,1993,4080
2083,1997,4080
2081,1999,4080
2069,2011,4080
2063,2017,4080
2053,2027,4080
4079,3,4082
4051,31,4082
4021,61,4082
4003,79,4082
3943,139,4082
3931,151,4082
3919,163,4082
3889,193,4082
3853,229,4082
3769,313,4082
3733,349,4082
3709,373,4082
3673,409,4082
3643,439,4082
3583,499,4082
3559,523,4082
3541,541,4082
3511,571,4082
3469,613,4082
3463,619,4082
3391,691,4082
3373,709,4082
3343,739,4082
3331,751,4082
3313,769,4082
3271,811,4082
3259,823,4082
3253,829,4082
3229,853,4082
3163,919,4082
3061,1021,4082
3049,1033,4082
3019,1063,4082
2953,1129,4082
2851,1231,4082
2833,1249,4082
2803,1279,4082
2791,1291,4082
2683,1399,4082
2659,1423,4082
2593,1489,4082
2551,1531,4082
2539,1543,4082
2503,1579,4082
2473,1609,4082
2389,1693,4082
2383,1699,4082
2341,1741,4082
2293,1789,4082
2281,1801,4082
2251,1831,4082
2221,1861,4082
2203,1879,4082
2131,1951,4082
2089,1993,4082
2083,1999,4082
2053,2029,4082
4079,5,4084
4073,11,4084
4013,71,4084
4001,83,4084
3947,137,4084
3917,167,4084
3911,173,4084
3851,233,4084
3833,251,4084
3821,263,4084
3803,281,4084
3767,317,4084
3701,383,4084
3623,461,4084
3617,467,4084
3593,491,4084
3581,503,4084
3527,557,4084
3491,593,4084
3467,617,4084
3407,677,4084
3323,761,4084
3257,827,4084
3221,863,4084
3203,881,4084
3137,947,4084
3023,1061,4084
2903,1181,4084
2897,1187,4084
2861,1223,4084
2801,1283,4084
2777,1307,4084
2711,1373,4084
2657,1427,4084
2633,1451,4084
2591,1493,4084
2531,1553,4084
2477,1607,4084
2447,1637,4084
2417,1667,4084
2351,1733,4084
2297,1787,4084
2273,1811,4084
2237,1847,4084
2213,1871,4084
2207,1877,4084
2153,1931,4084
2111,1973,4084
2087,1997,4084
2081,2003,4084
4079,7,4086
4073,13,4086
4057,29,4086
4049,37,4086
4027,59,4086
4019,67,4086
4013,73,4086
4007,79,4086
4003,83,4086
3989,97,4086
3947,139,4086
3929,157,4086
3923,163,4086
3919,167,4086
3907,179,4086
3889,197,4086
3863,223,4086
3853,233,4086
3847,239,4086
3823,263,4086
3803,283,4086
3793,293,4086
3779,307,4086
3769,317,4086
3739,347,4086
3733,353,4086
3727,359,4086
3719,367,4086
3697,389,4086
3677,409,4086
3643,443,4086
3637,449,4086
3623,463,4086
3607,479,4086
3583,503,4086
3539,547,4086
3529,557,4086
3517,569,4086
3499,587,4086
3469,617,4086
3467,619,4086
3433,653,4086
3413,673,4086
3359,727,4086
3347,739,4086
3343,743,4086
3329,757,4086
3313,773,4086
3299,787,4086
3259,827,4086
3257,829,4086
3229,857,4086
3209,877,4086
3203,883,4086
3167,919,4086
3119,967,4086
3109,977,4086
3089,997,4086
3067,1019,4086
3037,1049,4086
3023,1063,4086
2999,1087,4086
2969,1117,4086
2963,1123,4086
2957,1129,4086
2857,1229,4086
2837,1249,4086
2803,1283,4086
2797,1289,4086
2789,1297,4086
2767,1319,4086
2719,1367,4086
2713,1373,4086
2687,1399,4086
2677,1409,4086
2663,1423,4086
2659,1427,4086
2657,1429,4086
2647,1439,4086
2633,1453,4086
2593,1493,4086
2543,1543,4086
2503,1583,4086
2477,1609,4086
2473,1613,4086
2467,1619,4086
2459,1627,4086
2423,1663,4086
2417,1669,4086
2393,1693,4086
2389,1697,4086
2377,1709,4086
2339,1747,4086
2333,1753,4086
2309,1777,4086
2297,1789,4086
2239,1847,4086
2213,1873,4086
2207,1879,4086
2179,1907,4086
2153,1933,4086
2137,1949,4086
2113,1973,4086
2099,1987,4086
2089,1997,4086
2087,1999,4086
2083,2003,4086
2069,2017,4086
4057,31,4088
4051,37,4088
4027,61,4088
4021,67,4088
3931,157,4088
3907,181,4088
3889,199,4088
3877,211,4088
3847,241,4088
3739,349,4088
3709,379,4088
3691,397,4088
3631,457,4088
3547,541,4088
3541,547,4088
3517,571,4088
3511,577,4088
3469,619,4088
3457,631,4088
3361,727,4088
3331,757,4088
3319,769,4088
3301,787,4088
3259,829,4088
3229,859,4088
3181,907,4088
3169,919,4088
3121,967,4088
3079,1009,4088
3067,1021,4088
3049,1039,4088
3037,1051,4088
3019,1069,4088
3001,1087,4088
2971,1117,4088
2917,1171,4088
2887,1201,4088
2857,1231,4088
2851,1237,4088
2797,1291,4088
2791,1297,4088
2767,1321,4088
2707,1381,4088
2689,1399,4088
2659,1429,4088
2617,1471,4088
2557,1531,4088
2539,1549,4088
2521,1567,4088
2467,1621,4088
2389,1699,4088
2347,1741,4088
2341,1747,4088
2311,1777,4088
2287,1801,4088
2221,1867,4088
2137,1951,4088
2089,1999,4088
4079,11,4090
4073,17,4090
4049,41,4090
4019,71,4090
4007,83,4090
4001,89,4090
3989,101,4090
3923,167,4090
3917,173,4090
3911,179,4090
3863,227,4090
3851,239,4090
3833,257,4090
3821,269,4090
3797,293,4090
3779,311,4090
3701,389,4090
3671,419,4090
3659,431,4090
3623,467,4090
3581,509,4090
3533,557,4090
3527,563,4090
3491,599,4090
3449,641,4090
3413,677,4090
3407,683,4090
3389,701,4090
3371,719,4090
3347,743,4090
3329,761,4090
3251,839,4090
3209,881,4090
3203,887,4090
3137,953,4090
3119,971,4090
3041,1049,4090
2999,1091,4090
2939,1151,4090
2927,1163,4090
2909,1181,4090
2903,1187,4090
2897,1193,4090
2861,1229,4090
2801,1289,4090
2789,1301,4090
2729,1361,4090
2663,1427,4090
2657,1433,4090
2609,1481,4090
2591,1499,4090
2579,1511,4090
2531,1559,4090
2477,1613,4090
2423,1667,4090
2393,1697,4090
2381,1709,4090
2357,1733,4090
2267,1823,4090
2243,1847,4090
2213,1877,4090
2141,1949,4090
2111,1979,4090
2087,2003,4090
2063,2027,4090
4079,13,4092
4073,19,4092
4051,41,4092
4049,43,4092
4021,71,4092
4019,73,4092
4013,79,4092
4003,89,4092
3989,103,4092
3943,149,4092
3929,163,4092
3919,173,4092
3911,181,4092
3881,211,4092
3863,229,4092
3853,239,4092
3851,241,4092
3823,269,4092
3821,271,4092
3779,313,4092
3761,331,4092
3739,353,4092
3733,359,4092
3719,373,4092
3709,383,4092
3691,401,4092
3673,419,4092
3671,421,4092
3659,433,4092
3643,449,4092
3631,461,4092
3613,479,4092
3593,499,4092
3583,509,4092
3571,521,4092
3529,563,4092
3499,593,4092
3491,601,4092
3461,631,4092
3449,643,4092
3433,659,4092
3391,701,4092
3373,719,4092
3359,733,4092
3331,761,4092
3323,769,4092
3319,773,4092
3271,821,4092
3253,839,4092
3229,863,4092
3209,883,4092
3181,911,4092
3163,929,4092
3121,971,4092
3109,983,4092
3083,1009,4092
3079,1013,4092
3061,1031,4092
3041,1051,4092
3023,1069,4092
3001,1091,4092
2999,1093,4092
2969,1123,4092
2963,1129,4092
2939,1153,4092
2879,1213,4092
2861,1231,4092
2843,1249,4092
2833,1259,4092
2803,1289,4092
2801,1291,4092
2791,1301,4092
2789,1303,4092
2731,1361,4092
2719,1373,4092
2711,1381,4092
2693,1399,4092
2683,1409,4092
2663,1429,4092
2659,1433,4092
2633,1459,4092
2621,1471,4092
2609,1483,4092
2593,1499,4092
2549,1543,4092
2543,1549,4092
2539,1553,4092
2521,1571,4092
2473,1619,4092
2423,1669,4092
2399,1693,4092
2393,1699,4092
2383,1709,4092
2371,1721,4092
2351,1741,4092
2339,1753,4092
2333,1759,4092
2309,1783,4092
2281,1811,4092
2269,1823,4092
2221,1871,4092
2213,1879,4092
2203,1889,4092
2179,1913,4092
2161,1931,4092
2143,1949,4092
2141,1951,4092
2113,1979,4092
2099,1993,4092
2089,2003,4092
2081,2011,4092
2063,2029,4092
2053,2039,4092
4091,3,4094
4057,37,4094
4051,43,4094
4027,67,4094
4021,73,4094
3967,127,4094
3943,151,4094
3931,163,4094
3853,241,4094
3823,271,4094
3727,367,4094
3697,397,4094
3673,421,4094
3637,457,4094
3631,463,4094
3607,487,4094
3571,523,4094
3547,547,4094
3517,577,4094
3463,631,4094
3433,661,4094
3361,733,4094
3343,751,4094
3307,787,4094
3271,823,4094
3217,877,4094
3187,907,4094
3061,1033,4094
3001,1093,4094
2971,1123,4094
2857,1237,4094
2803,1291,4094
2797,1297,4094
2791,1303,4094
2767,1327,4094
2713,1381,4094
2671,1423,4094
2647,1447,4094
2551,1543,4094
2473,1621,4094
2467,1627,4094
2437,1657,4094
2371,1723,4094
2347,1747,4094
2341,1753,4094
2311,1783,4094
2293,1801,4094
2221,1873,4094
2161,1933,4094
2143,1951,4094
2083,2011,4094
4093,3,4096
4091,5,4096
4079,17,4096
4073,23,4096
4049,47,4096
4013,83,4096
4007,89,4096
3989,107,4096
3947,149,4096
3929,167,4096
3923,173,4096
3917,179,4096
3863,233,4096
3833,263,4096
3803,293,4096
3779,317,4096
3677,419,4096
3617,479,4096
3593,503,4096
3539,557,4096
3533,563,4096
3527,569,4096
3449,647,4096
3413,683,4096
3323,773,4096
3299,797,4096
3257,839,4096
3209,887,4096
3167,929,4096
3119,977,4096
3083,1013,4096
2999,1097,4096
2909,1187,4096
2903,1193,4096
2879,1217,4096
2837,1259,4096
2819,1277,4096
2789,1307,4096
2777,1319,4096
2729,1367,4096
2687,1409,4096
2663,1433,4096
2657,1439,4096
2609,1487,4096
2543,1553,4096
2477,1619,4096
2459,1637,4096
2399,1697,4096
2309,1787,4096
2273,1823,4096
2207,1889,4096
2099,1997,4096
2069,2027,4096
4093,5,4098
4091,7,4098
4079,19,4098
4057,41,4098
4051,47,4098
4027,71,4098
4019,79,4098
4001,97,4098
3989,109,4098
3967,131,4098
3947,151,4098
3931,167,4098
3919,179,4098
3917,181,4098
3907,191,4098
3847,251,4098
3821,277,4098
3767,331,4098
3761,337,4098
3739,359,4098
3719,379,4098
3709,389,4098
3701,397,4098
3697,401,4098
3677,421,4098
3659,439,4098
3637,461,4098
3631,467,4098
3607,491,4098
3557,541,4098
3541,557,4098
3529,569,4098
3527,571,4098
3511,587,4098
3499,599,4098
3491,607,4098
3467,631,4098
3457,641,4098
3407,691,4098
3389,709,4098
3371,727,4098
3359,739,4098
3347,751,4098
3329,769,4098
3301,797,4098
3271,827,4098
3259,839,4098
3221,877,4098
3217,881,4098
3191,907,4098
3187,911,4098
3169,929,4098
3121,977,4098
3089,1009,4098
3079,1019,4098
3067,1031,4098
3049,1049,4098
3037,1061,4098
3011,1087,4098
3001,1097,4098
2969,1129,4098
2927,1171,4098
2917,1181,4098
2897,1201,4098
2861,1237,4098
2819,1279,4098
2801,1297,4098
2797,1301,4098
2791,1307,4098
2777,1321,4098
2731,1367,4098
2699,1399,4098
2689,1409,4098
2671,1427,4098
2659,1439,4098
2647,1451,4098
2617,1481,4098
2609,1489,4098
2549,1549,4098
2539,1559,4098
2531,1567,4098
2477,1621,4098
2441,1657,4098
2399,1699,4098
2389,1709,4098
2377,1721,4098
2357,1741,4098
2351,1747,4098
2339,1759,4098
2311,1787,4098
2309,1789,4098
2297,1801,4098
2287,1811,4098
2267,1831,4098
2251,1847,4098
2237,1861,4098
2221,1877,4098
2111,1987,4098
2099,1999,4098
2087,2011,4098
2081,2017,4098
2069,2029,4098
4093,7,4100
4057,43,4100
4027,73,4100
4021,79,4100
4003,97,4100
3943,157,4100
3919,181,4100
3907,193,4100
3889,211,4100
3877,223,4100
3823,277,4100
3793,307,4100
3769,331,4100
3733,367,4100
3727,373,4100
3691,409,4100
3643,457,4100
3637,463,4100
3613,487,4100
3559,541,4100
3529,571,4100
3499,601,4100
3469,631,4100
3457,643,4100
3391,709,4100
3373,727,4100
3361,739,4100
3343,757,4100
3331,769,4100
3313,787,4100
3271,829,4100
3217,883,4100
3181,919,4100
3163,937,4100
3109,991,4100
3079,1021,4100
3067,1033,4100
3061,1039,4100
3049,1051,4100
3037,1063,4100
2971,1129,4100
2887,1213,4100
2851,1249,4100
2803,1297,4100
2797,1303,4100
2719,1381,4100
2677,1423,4100
2671,1429,4100
2647,1453,4100
2617,1483,4100
2557,1543,4100
2551,1549,4100
2521,1579,4100
2503,1597,4100
2473,1627,4100
2437,1663,4100
2377,1723,4100
2347,1753,4100
2341,1759,4100
2311,1789,4100
2269,1831,4100
2239,1861,4100
2221,1879,4100
2113,1987,4100
2089,2011,4100
2083,2017,4100
4099,3,4102
4091,11,4102
4079,23,4102
4073,29,4102
4049,53,4102
4019,83,4102
4013,89,4102
4001,101,4102
3989,113,4102
3929,173,4102
3923,179,4102
3911,191,4102
3863,239,4102
3851,251,4102
3833,269,4102
3821,281,4102
3719,383,4102
3701,401,4102
3671,431,4102
3659,443,4102
3623,479,4102
3593,509,4102
3581,521,4102
3539,563,4102
3533,569,4102
3461,641,4102
3449,653,4102
3359,743,4102
3329,773,4102
3221,881,4102
3191,911,4102
3119,983,4102
3089,1013,4102
3083,1019,4102
3041,1061,4102
3011,1091,4102
2999,1103,4102
2939,1163,4102
2909,1193,4102
2879,1223,4102
2843,1259,4102
2819,1283,4102
2801,1301,4102
2741,1361,4102
2729,1373,4102
2693,1409,4102
2663,1439,4102
2621,1481,4102
2609,1493,4102
2591,1511,4102
2579,1523,4102
2549,1553,4102
2543,1559,4102
2531,1571,4102
2393,1709,4102
2381,1721,4102
2213,1889,4102
2153,1949,4102
2129,1973,4102
2099,2003,4102
2063,2039,4102
4099,5,4104
4093,11,4104
4091,13,4104
4073,31,4104
4057,47,4104
4051,53,4104
4021,83,4104
4007,97,4104
4003,101,4104
4001,103,4104
3967,137,4104
3947,157,4104
3931,173,4104
3923,181,4104
3911,193,4104
3907,197,4104
3881,223,4104
3877,227,4104
3863,241,4104
3853,251,4104
3847,257,4104
3833,271,4104
3823,281,4104
3821,283,4104
3797,307,4104
3793,311,4104
3767,337,4104
3673,431,4104
3671,433,4104
3643,461,4104
3637,467,4104
3617,487,4104
3613,491,4104
3583,521,4104
3581,523,4104
3557,547,4104
3547,557,4104
3541,563,4104
3533,571,4104
3527,577,4104
3517,587,4104
3511,593,4104
3491,613,4104
3463,641,4104
3461,643,4104
3457,647,4104
3413,691,4104
3371,733,4104
3361,743,4104
3347,757,4104
3343,761,4104
3331,773,4104
3307,797,4104
3251,853,4104
3221,883,4104
3217,887,4104
3167,937,4104
3163,941,4104
3137,967,4104
3121,983,4104
3083,1021,4104
3041,1063,4104
3011,1093,4104
3001,1103,4104
2953,1151,4104
2917,1187,4104
2903,1201,4104
2887,1217,4104
2803,1301,4104
2801,1303,4104
2797,1307,4104
2777,1327,4104
2731,1373,4104
2677,1427,4104
2671,1433,4104
2657,1447,4104
2633,1471,4104
2621,1483,4104
2617,1487,4104
2593,1511,4104
2551,1553,4104
2521,1583,4104
2503,1601,4104
2477,1627,4104
2467,1637,4104
2447,1657,4104
2441,1663,4104
2437,1667,4104
2411,1693,4104
2383,1721,4104
2381,1723,4104
2371,1733,4104
2357,1747,4104
2351,1753,4104
2293,1811,4104
2281,1823,4104
2273,1831,4104
2243,1861,4104
2237,1867,4104
2203,1901,4104
2153,1951,4104
2131,1973,4104
2111,1993,4104
2087,2017,4104
4099,7,4106
4093,13,4106
4027,79,4106
4003,103,4106
3967,139,4106
3943,163,4106
3907,199,4106
3877,229,4106
3823,283,4106
3793,313,4106
3769,337,4106
3739,367,4106
3733,373,4106
3727,379,4106
3709,397,4106
3697,409,4106
3673,433,4106
3643,463,4106
3607,499,4106
3583,523,4106
3559,547,4106
3529,577,4106
3499,607,4106
3463,643,4106
3433,673,4106
3373,733,4106
3319,787,4106
3253,853,4106
3229,877,4106
3187,919,4106
3169,937,4106
3109,997,4106
3067,1039,4106
3037,1069,4106
3019,1087,4106
2953,1153,4106
2857,1249,4106
2803,1303,4106
2707,1399,4106
2683,1423,4106
2677,1429,4106
2659,1447,4106
2647,1459,4106
2617,1489,4106
2557,1549,4106
2539,1567,4106
2437,1669,4106
2383,1723,4106
2347,1759,4106
2239,1867,4106
2113,1993,4106
2089,2017,4106
2053,2053,4106
4091,17,4108
4079,29,4108
4049,59,4108
4019,89,4108
4007,101,4108
4001,107,4108
3929,179,4108
3917,191,4108
3911,197,4108
3881,227,4108
3851,257,4108
3797,311,4108
3761,347,4108
3719,389,4108
3677,431,4108
3659,449,4108
3617,491,4108
3539,569,4108
3491,617,4108
3467,641,4108
3461,647,4108
3449,659,4108
3407,701,4108
3389,719,4108
3347,761,4108
3299,809,4108
3251,857,4108
3221,887,4108
3167,941,4108
3137,971,4108
3089,1019,4108
3011,1097,4108
2999,1109,4108
2957,1151,4108
2927,1181,4108
2879,1229,4108
2819,1289,4108
2801,1307,4108
2789,1319,4108
2741,1367,4108
2699,1409,4108
2657,1451,4108
2621,1487,4108
2609,1499,4108
2549,1559,4108
2441,1667,4108
2411,1697,4108
2399,1709,4108
2297,1811,4108
2237,1871,4108
2207,1901,4108
2129,1979,4108
2111,1997,4108
2081,2027,4108
2069,2039,4108
4099,11,4110
4093,17,4110
4091,19,4110
4079,31,4110
4073,37,4110
4057,53,4110
4051,59,4110
4049,61,4110
4027,83,4110
4021,89,4110
4013,97,4110
4007,103,4110
4003,107,4110
4001,109,4110
3947,163,4110
3943,167,4110
3931,179,4110
3929,181,4110
3919,191,4110
3917,193,4110
3911,199,4110
3881,229,4110
3877,233,4110
3853,257,4110
3847,263,4110
3833,277,4110
3803,307,4110
3797,313,4110
3793,317,4110
3779,331,4110
3761,349,4110
3727,383,4110
3709,401,4110
3701,409,4110
3691,419,4110
3677,433,4110
3671,439,4110
3643,467,4110
3631,479,4110
3623,487,4110
3607,503,4110
3547,563,4110
3541,569,4110
3539,571,4110
3533,577,4110
3517,593,4110
3511,599,4110
3491,619,4110
3469,641,4110
3467,643,4110
3463,647,4110
3457,653,4110
3449,661,4110
3433,677,4110
3391,719,4110
3371,739,4110
3359,751,4110
3323,787,4110
3313,797,4110
3301,809,4110
3299,811,4110
3271,839,4110
3257,853,4110
3253,857,4110
3251,859,4110
3229,881,4110
3203,907,4110
3191,919,4110
3181,929,4110
3169,941,4110
3163,947,4110
3119,991,4110
3089,1021,4110
3079,1031,4110
3061,1049,4110
3049,1061,4110
3041,1069,4110
3023,1087,4110
3019,1091,4110
3001,1109,4110
2957,1153,4110
2939,1171,4110
2917,1193,4110
2909,1201,4110
2897,1213,4110
2887,1223,4110
2879,1231,4110
2861,1249,4110
2851,1259,4110
2833,1277,4110
2819,1291,4110
2803,1307,4110
2791,1319,4110
2789,1321,4110
2749,1361,4110
2729,1381,4110
2711,1399,4110
2687,1423,4110
2683,1427,4110
2677,1433,4110
2671,1439,4110
2663,1447,4110
2659,1451,4110
2657,1453,4110
2621,1489,4110
2617,1493,4110
2579,1531,4110
2557,1553,4110
2551,1559,4110
2543,1567,4110
2539,1571,4110
2531,1579,4110
2503,1607,4110
2473,1637,4110
2447,1663,4110
2441,1669,4110
2417,1693,4110
2411,1699,4110
2389,1721,4110
2377,1733,4110
2357,1753,4110
2351,1759,4110
2333,1777,4110
2309,1801,4110
2287,1823,4110
2243,1867,4110
2239,1871,4110
2237,1873,4110
2221,1889,4110
2203,1907,4110
2179,1931,4110
2161,1949,4110
2137,1973,4110
2131,1979,4110
2113,1997,4110
2111,1999,4110
2099,2011,4110
2083,2027,4110
2081,2029,4110
4099,13,4112
4093,19,4112
4051,61,4112
4003,109,4112
3931,181,4112
3919,193,4112
3889,223,4112
3739,373,4112
3733,379,4112
3691,421,4112
3673,439,4112
3613,499,4112
3571,541,4112
3541,571,4112
3511,601,4112
3499,613,4112
3469,643,4112
3373,739,4112
3361,751,4112
3343,769,4112
3301,811,4112
3259,853,4112
3253,859,4112
3229,883,4112
3121,991,4112
3079,1033,4112
3061,1051,4112
3049,1063,4112
3019,1093,4112
2833,1279,4112
2791,1321,4112
2731,1381,4112
2713,1399,4112
2689,1423,4112
2683,1429,4112
2659,1453,4112
2503,1609,4112
2389,1723,4112
2371,1741,4112
2311,1801,4112
2281,1831,4112
2251,1861,4112
2239,1873,4112
2179,1933,4112
2161,1951,4112
2113,1999,4112
2083,2029,4112
4111,3,4114
4091,23,4114
4073,41,4114
4013,101,4114
4007,107,4114
4001,113,4114
3947,167,4114
3923,191,4114
3917,197,4114
3881,233,4114
3863,251,4114
3851,263,4114
3833,281,4114
3821,293,4114
3803,311,4114
3797,317,4114
3767,347,4114
3761,353,4114
3671,443,4114
3623,491,4114
3593,521,4114
3557,557,4114
3527,587,4114
3467,647,4114
3461,653,4114
3413,701,4114
3371,743,4114
3257,857,4114
3251,863,4114
3203,911,4114
3167,947,4114
3137,977,4114
3083,1031,4114
3023,1091,4114
3011,1103,4114
2963,1151,4114
2927,1187,4114
2897,1217,4114
2837,1277,4114
2753,1361,4114
2741,1373,4114
2687,1427,4114
2663,1451,4114
2633,1481,4114
2621,1493,4114
2591,1523,4114
2543,1571,4114
2531,1583,4114
2477,1637,4114
2447,1667,4114
2417,1697,4114
2393,1721,4114
2381,1733,4114
2267,1847,4114
2243,1871,4114
2237,1877,4114
2213,1901,4114
2207,1907,4114
2141,1973,4114
2111,2003,4114
2087,2027,4114
4111,5,4116
4099,17,4116
4093,23,4116
4079,37,4116
4073,43,4116
4057,59,4116
4049,67,4116
4027,89,4116
4019,97,4116
4013,103,4116
4007,109,4116
4003,113,4116
3989,127,4116
3967,149,4116
3943,173,4116
3923,193,4116
3919,197,4116
3917,199,4116
3889,227,4116
3877,239,4116
3853,263,4116
3847,269,4116
3833,283,4116
3823,293,4116
3803,313,4116
3779,337,4116
3769,347,4116
3767,349,4116
3733,383,4116
3727,389,4116
3719,397,4116
3697,419,4116
3677,439,4116
3673,443,4116
3659,457,4116
3637,479,4116
3617,499,4116
3613,503,4116
3607,509,4116
3593,523,4116
3559,557,4116
3547,569,4116
3539,577,4116
3529,587,4116
3517,599,4116
3499,617,4116
3469,647,4116
3463,653,4116
3457,659,4116
3433,683,4116
3407,709,4116
3389,727,4116
3373,743,4116
3359,757,4116
3347,769,4116
3343,773,4116
3329,787,4116
3319,797,4116
3307,809,4116
3259,857,4116
3257,859,4116
3253,863,4116
3229,887,4116
3209,907,4116
3187,929,4116
3169,947,4116
3163,953,4116
3119,997,4116
3083,1033,4116
3067,1049,4116
3023,1093,4116
3019,1097,4116
2999,1117,4116
2963,1153,4116
2953,1163,4116
2903,1213,4116
2887,1229,4116
2879,1237,4116
2857,1259,4116
2837,1279,4116
2833,1283,4116
2819,1297,4116
2797,1319,4116
2789,1327,4116
2749,1367,4116
2707,1409,4116
2693,1423,4116
2689,1427,4116
2687,1429,4116
2683,1433,4116
2677,1439,4116
2663,1453,4116
2657,1459,4116
2633,1483,4116
2617,1499,4116
2593,1523,4116
2557,1559,4116
2549,1567,4116
2503,1613,4116
2459,1657,4116
2447,1669,4116
2423,1693,4116
2417,1699,4116
2393,1723,4116
2383,1733,4116
2357,1759,4116
2339,1777,4116
2333,1783,4116
2293,1823,4116
2269,1847,4116
2243,1873,4116
2239,1877,4116
2237,1879,4116
2203,1913,4116
2143,1973,4116
2137,1979,4116
2129,1987,4116
2113,2003,4116
2099,2017,4116
2089,2027,4116
2087,2029,4116
2063,2053,4116
4111,7,4118
4099,19,4118
4057,61,4118
4051,67,4118
4021,97,4118
3967,151,4118
3919,199,4118
3907,211,4118
3889,229,4118
3877,241,4118
3847,271,4118
3769,349,4118
3739,379,4118
3709,409,4118
3697,421,4118
3631,487,4118
3571,547,4118
3547,571,4118
3541,577,4118
3517,601,4118
3511,607,4118
3499,619,4118
3457,661,4118
3391,727,4118
3361,757,4118
3331,787,4118
3307,811,4118
3259,859,4118
3181,937,4118
3121,997,4118
3109,1009,4118
3079,1039,4118
3067,1051,4118
3049,1069,4118
3001,1117,4118
2917,1201,4118
2887,1231,4118
2797,1321,4118
2791,1327,4118
2719,1399,4118
2689,1429,4118
2671,1447,4118
2659,1459,4118
2647,1471,4118
2551,1567,4118
2539,1579,4118
2521,1597,4118
2377,1741,4118
2371,1747,4118
2341,1777,4118
2287,1831,4118
2251,1867,4118
2239,1879,4118
2131,1987,4118
2089,2029,4118
4091,29,4120
4079,41,4120
4073,47,4120
4049,71,4120
4019,101,4120
4013,107,4120
4007,113,4120
3989,131,4120
3947,173,4120
3929,191,4120
3923,197,4120
3881,239,4120
3863,257,4120
3851,269,4120
3803,317,4120
3767,353,4120
3761,359,4120
3719,401,4120
3701,419,4120
3677,443,4120
3671,449,4120
3659,461,4120
3617,503,4120
3557,563,4120
3533,587,4120
3527,593,4120
3467,653,4120
3461,659,4120
3359,761,4120
3347,773,4120
3323,797,4120
3299,821,4120
3257,863,4120
3209,911,4120
3191,929,4120
3167,953,4120
3137,983,4120
3089,1031,4120
3023,1097,4120
3011,1109,4120
2969,1151,4120
2957,1163,4120
2939,1181,4120
2927,1193,4120
2903,1217,4120
2897,1223,4120
2861,1259,4120
2843,1277,4120
2837,1283,4120
2819,1301,4120
2801,1319,4120
2753,1367,4120
2711,1409,4120
2693,1427,4120
2687,1433,4120
2633,1487,4120
2621,1499,4120
2609,1511,4120
2549,1571,4120
2423,1697,4120
2411,1709,4120
2399,1721,4120
2333,1787,4120
2309,1811,4120
2297,1823,4120
2273,1847,4120
2243,1877,4120
2213,1907,4120
2207,1913,4120
2141,1979,4120
2081,2039,4120
4111,11,4122
4099,23,4122
4093,29,4122
4091,31,4122
4079,43,4122
4051,71,4122
4049,73,4122
4021,101,4122
4019,103,4122
4013,109,4122
3943,179,4122
3931,191,4122
3929,193,4122
3923,199,4122
3911,211,4122
3889,233,4122
3881,241,4122
3853,269,4122
3851,271,4122
3769,353,4122
3739,383,4122
3733,389,4122
3701,421,4122
3691,431,4122
3673,449,4122
3659,463,4122
3643,479,4122
3631,491,4122
3623,499,4122
3613,509,4122
3581,541,4122
3559,563,4122
3529,593,4122
3491,631,4122
3469,653,4122
3463,659,4122
3461,661,4122
3449,673,4122
3413,709,4122
3389,733,4122
3371,751,4122
3361,761,4122
3313,809,4122
3301,821,4122
3299,823,4122
3259,863,4122
3203,919,4122
3181,941,4122
3169,953,4122
3109,1013,4122
3089,1033,4122
3083,1039,4122
3061,1061,4122
3019,1103,4122
2999,1123,4122
2971,1151,4122
2969,1153,4122
2909,1213,4122
2843,1279,4122
2833,1289,4122
2819,1303,4122
2803,1319,4122
2801,1321,4122
2749,1373,4122
2741,1381,4122
2713,1409,4122
2699,1423,4122
2693,1429,4122
2689,1433,4122
2683,1439,4122
2671,1451,4122
2663,1459,4122
2633,1489,4122
2591,1531,4122
2579,1543,4122
2551,1571,4122
2543,1579,4122
2539,1583,4122
2521,1601,4122
2503,1619,4122
2459,1663,4122
2423,1699,4122
2399,1723,4122
2389,1733,4122
2381,1741,4122
2339,1783,4122
2333,1789,4122
2311,1811,4122
2251,1871,4122
2243,1879,4122
2221,1901,4122
2143,1979,4122
2129,1993,4122
2111,2011,4122
2083,2039,4122
2069,2053,4122
4111,13,4124
4093,31,4124
4057,67,4124
4051,73,4124
4027,97,4124
4021,103,4124
3967,157,4124
3943,181,4124
3931,193,4124
3853,271,4124
3847,277,4124
3793,331,4124
3727,397,4124
3691,433,4124
3637,487,4124
3583,541,4124
3547,577,4124
3517,607,4124
3511,613,4124
3463,661,4124
3433,691,4124
3391,733,4124
3373,751,4124
3313,811,4124
3301,823,4124
3271,853,4124
3217,907,4124
3187,937,4124
3061,1063,4124
3037,1087,4124
3001,1123,4124
2971,1153,4124
2953,1171,4124
2887,1237,4124
2833,1291,4124
2803,1321,4124
2797,1327,4124
2677,1447,4124
2671,1453,4124
2593,1531,4124
2557,1567,4124
2503,1621,4124
2467,1657,4124
2383,1741,4124
2377,1747,4124
2371,1753,4124
2347,1777,4124
2341,1783,4124
2293,1831,4124
2251,1873,4124
2137,1987,4124
2131,1993,4124
2113,2011,4124
4079,47,4126
4073,53,4126
4019,107,4126
4013,113,4126
3989,137,4126
3947,179,4126
3929,197,4126
3863,263,4126
3833,293,4126
3779,347,4126
3767,359,4126
3677,449,4126
3659,467,4126
3623,503,4126
3617,509,4126
3557,569,4126
3539,587,4126
3533,593,4126
3527,599,4126
3467,659,4126
3449,677,4126
3407,719,4126
3329,797,4126
3299,827,4126
3023,1103,4126
2963,1163,4126
2939,1187,4126
2909,1217,4126
2903,1223,4126
2897,1229,4126
2843,1283,4126
2837,1289,4126
2819,1307,4126
2753,1373,4126
2699,1427,4126
2693,1433,4126
2687,1439,4126
2633,1493,4126
2543,1583,4126
2459,1667,4126
2417,1709,4126
2393,1733,4126
2339,1787,4126
2237,1889,4126
2213,1913,4126
2153,1973,4126
2129,1997,4126
2099,2027,4126
2087,2039,4126
2063,2063,4126
4111,17,4128
4099,29,4128
4091,37,4128
4057,71,4128
4049,79,4128
4027,101,4128
4021,107,4128
4019,109,4128
4001,127,4128
3989,139,4128
3947,181,4128
3931,197,4128
3929,199,4128
3917,211,4128
3889,239,4128
3877,251,4128
3851,277,4128
3847,281,4128
3821,307,4128
3797,331,4128
3779,349,4128
3769,359,4128
3761,367,4128
3739,389,4128
3727,401,4128
3719,409,4128
3709,419,4128
3697,431,4128
3671,457,4128
3637,491,4128
3607,521,4128
3581,547,4128
3571,557,4128
3559,569,4128
3557,571,4128
3541,587,4128
3529,599,4128
3527,601,4128
3511,617,4128
3469,659,4128
3467,661,4128
3389,739,4128
3371,757,4128
3359,769,4128
3331,797,4128
3319,809,4128
3307,821,4128
3301,827,4128
3299,829,4128
3271,857,4128
3251,877,4128
3221,907,4128
3217,911,4128
3209,919,4128
3191,937,4128
3187,941,4128
3181,947,4128
3137,991,4128
3119,1009,4128
3109,1019,4128
3089,1039,4128
3079,1049,4128
3067,1061,4128
3041,1087,4128
3037,1091,4128
3019,1109,4128
3011,1117,4128
2999,1129,4128
2957,1171,4128
2927,1201,4128
2897,1231,4128
2879,1249,4128
2851,1277,4128
2837,1291,4128
2801,1327,4128
2767,1361,4128
2729,1399,4128
2719,1409,4128
2699,1429,4128
2689,1439,4128
2677,1451,4128
2657,1471,4128
2647,1481,4128
2617,1511,4128
2579,1549,4128
2557,1571,4128
2549,1579,4128
2531,1597,4128
2521,1607,4128
2459,1669,4128
2381,1747,4128
2351,1777,4128
2341,1787,4128
2339,1789,4128
2297,1831,4128
2281,1847,4128
2267,1861,4128
2251,1877,4128
2239,1889,4128
2221,1907,4128
2179,1949,4128
2141,1987,4128
2131,1997,4128
2129,1999,4128
2111,2017,4128
2099,2029,4128
2089,2039,4128
4127,3,4130
4111,19,4130
4099,31,4130
4093,37,4130
4057,73,4130
4051,79,4130
4027,103,4130
4021,109,4130
4003,127,4130
3967,163,4130
3931,199,4130
3919,211,4130
3907,223,4130
3889,241,4130
3853,277,4130
3847,283,4130
3823,307,4130
3793,337,4130
3733,397,4130
3709,421,4130
3697,433,4130
3691,439,4130
3673,457,4130
3643,487,4130
3631,499,4130
3607,523,4130
3583,547,4130
3559,571,4130
3529,601,4130
3517,613,4130
3511,619,4130
3499,631,4130
3469,661,4130
3457,673,4130
3391,739,4130
3373,757,4130
3361,769,4130
3343,787,4130
3319,811,4130
3307,823,4130
3301,829,4130
3271,859,4130
3253,877,4130
3163,967,4130
3121,1009,4130
3109,1021,4130
3079,1051,4130
3067,1063,4130
3061,1069,4130
3037,1093,4130
3001,1129,4130
2917,1213,4130
2851,1279,4130
2833,1297,4130
2803,1327,4130
2749,1381,4130
2731,1399,4130
2707,1423,4130
2683,1447,4130
2677,1453,4130
2671,1459,4130
2659,1471,4130
2647,1483,4130
2551,1579,4130
2521,1609,4130
2503,1627,4130
2473,1657,4130
2467,1663,4130
2437,1693,4130
2389,1741,4130
2383,1747,4130
2377,1753,4130
2371,1759,4130
2347,1783,4130
2341,1789,4130
2269,1861,4130
2251,1879,4130
2179,1951,4130
2143,1987,4130
2137,1993,4130
2131,1999,4130
2113,2017,4130
4129,3,4132
4127,5,4132
4091,41,4132
4079,53,4132
4073,59,4132
4049,83,4132
4019,113,4132
4001,131,4132
3881,251,4132
3863,269,4132
3851,281,4132
3821,311,4132
3779,353,4132
3701,431,4132
3671,461,4132
3623,509,4132
3539,593,4132
3533,599,4132
3491,641,4132
3449,683,4132
3413,719,4132
3389,743,4132
3371,761,4132
3359,773,4132
3323,809,4132
3251,881,4132
3221,911,4132
3203,929,4132
3191,941,4132
3119,1013,4132
3083,1049,4132
3041,1091,4132
3023,1109,4132
2969,1163,4132
2939,1193,4132
2909,1223,4132
2903,1229,4132
2843,1289,4132
2699,1433,4132
2693,1439,4132
2633,1499,4132
2621,1511,4132
2609,1523,4132
2579,1553,4132
2549,1583,4132
2531,1601,4132
2423,1709,4132
2411,1721,4132
2399,1733,4132
2309,1823,4132
2243,1889,4132
2153,1979,4132
2129,2003,4132
2069,2063,4132
4129,5,4134
4127,7,4134
4111,23,4134
4093,41,4134
4091,43,4134
4073,61,4134
4051,83,4134
4027,107,4134
4021,113,4134
4007,127,4134
4003,131,4134
3967,167,4134
3943,191,4134
3923,211,4134
3911,223,4134
3907,227,4134
3877,257,4134
3863,271,4134
3853,281,4134
3851,283,4134
3823,311,4134
3821,313,4134
3803,331,4134
3797,337,4134
3767,367,4134
3761,373,4134
3733,401,4134
3701,433,4134
3691,443,4134
3677,457,4134
3673,461,4134
3671,463,4134
3643,491,4134
3631,503,4134
3613,521,4134
3593,541,4134
3571,563,4134
3557,577,4134
3547,587,4134
3541,593,4134
3533,601,4134
3527,607,4134
3517,617,4134
3491,643,4134
3461,673,4134
3457,677,4134
3433,701,4134
3407,727,4134
3391,743,4134
3373,761,4134
3361,773,4134
3347,787,4134
3323,811,4134
3313,821,4134
3307,827,4134
3271,863,4134
3257,877,4134
3253,881,4134
3251,883,4134
3187,947,4134
3181,953,4134
3167,967,4134
3163,971,4134
3137,997,4134
3121,1013,4134
3083,1051,4134
3041,1093,4134
3037,1097,4134
3011,1123,4134
2971,1163,4134
2963,1171,4134
2953,1181,4134
2917,1217,4134
2903,1231,4134
2897,1237,4134
2857,1277,4134
2851,1283,4134
2843,1291,4134
2837,1297,4134
2833,1301,4134
2767,1367,4134
2753,1381,4134
2711,1423,4134
2707,1427,4134
2687,1447,4134
2683,1451,4134
2663,1471,4134
2647,1487,4134
2591,1543,4134
2551,1583,4134
2521,1613,4134
2477,1657,4134
2467,1667,4134
2441,1693,4134
2437,1697,4134
2411,1723,4134
2393,1741,4134
2381,1753,4134
2357,1777,4134
2351,1783,4134
2347,1787,4134
2333,1801,4134
2311,1823,4134
2287,1847,4134
2273,1861,4134
2267,1867,4134
2221,1913,4134
2203,1931,4134
2161,1973,4134
2141,1993,4134
2137,1997,4134
2131,2003,4134
2081,2053,4134
4133,3,4136
4129,7,4136
4099,37,4136
4093,43,4136
4057,79,4136
4027,109,4136
3943,193,4136
3907,229,4136
3853,283,4136
3823,313,4136
3769,367,4136
3739,397,4136
3727,409,4136
3697,439,4136
3673,463,4136
3637,499,4136
3613,523,4136
3559,577,4136
3529,607,4136
3517,619,4136
3463,673,4136
3313,823,4136
3307,829,4136
3259,877,4136
3253,883,4136
3229,907,4136
3217,919,4136
3169,967,4136
3067,1069,4136
3049,1087,4136
3019,1117,4136
2887,1249,4136
2857,1279,4136
2833,1303,4136
2713,1423,4136
2707,1429,4136
2689,1447,4136
2683,1453,4136
2677,1459,4136
2647,1489,4136
2593,1543,4136
2557,1579,4136
2539,1597,4136
2473,1663,4136
2467,1669,4136
2437,1699,4136
2389,1747,4136
2383,1753,4136
2377,1759,4136
2347,1789,4136
2269,1867,4136
2203,1933,4136
2143,1993,4136
2137,1999,4136
2083,2053,4136
4133,5,4138
4127,11,4138
4091,47,4138
4079,59,4138
4049,89,4138
4007,131,4138
4001,137,4138
3989,149,4138
3947,191,4138
3911,227,4138
3881,257,4138
3821,317,4138
3779,359,4138
3719,419,4138
3677,461,4138
3671,467,4138
3659,479,4138
3617,521,4138
3581,557,4138
3539,599,4138
3491,647,4138
3461,677,4138
3329,809,4138
3299,839,4138
3257,881,4138
3251,887,4138
3209,929,4138
3191,947,4138
3167,971,4138
3119,1019,4138
3089,1049,4138
3041,1097,4138
2957,1181,4138
2909,1229,4138
2879,1259,4138
2861,1277,4138
2837,1301,4138
2819,1319,4138
2777,1361,4138
2729,1409,4138
2711,1427,4138
2699,1439,4138
2687,1451,4138
2657,1481,4138
2579,1559,4138
2531,1607,4138
2441,1697,4138
2417,1721,4138
2351,1787,4138
2267,1871,4138
2237,1901,4138
2207,1931,4138
2141,1997,4138
2111,2027,4138
2099,2039,4138
2069,2069,4138
4133,7,4140
4129,11,4140
4127,13,4140
4111,29,4140
4099,41,4140
4093,47,4140
4079,61,4140
4073,67,4140
4057,83,4140
4051,89,4140
4027,113,4140
4013,127,4140
4003,137,4140
4001,139,4140
3989,151,4140
3967,173,4140
3947,193,4140
3943,197,4140
3929,211,4140
3917,223,4140
3911,229,4140
3907,233,4140
3889,251,4140
3877,263,4140
3863,277,4140
3847,293,4140
3833,307,4140
3823,317,4140
3803,337,4140
3793,347,4140
3767,373,4140
3761,379,4140
3739,401,4140
3719,421,4140
3709,431,4140
3701,439,4140
3697,443,4140
3691,449,4140
3677,463,4140
3673,467,4140
3637,503,4140
3631,509,4140
3617,523,4140
3593,547,4140
3583,557,4140
3571,569,4140
3547,593,4140
3541,599,4140
3539,601,4140
3533,607,4140
3527,613,4140
3499,641,4140
3467,673,4140
3463,677,4140
3457,683,4140
3449,691,4140
3413,727,4140
3407,733,4140
3389,751,4140
3371,769,4140
3343,797,4140
3331,809,4140
3329,811,4140
3319,821,4140
3313,827,4140
3301,839,4140
3259,881,4140
3257,883,4140
3253,887,4140
3229,911,4140
3221,919,4140
3203,937,4140
3187,953,4140
3169,971,4140
3163,977,4140
3121,1019,4140
3119,1021,4140
3109,1031,4140
3089,1051,4140
3079,1061,4140
3049,1091,4140
3037,1103,4140
3023,1117,4140
3011,1129,4140
2969,1171,4140
2953,1187,4140
2939,1201,4140
2927,1213,4140
2917,1223,4140
2909,1231,4140
2903,1237,4140
2861,1279,4140
2857,1283,4140
2851,1289,4140
2843,1297,4140
2837,1303,4140
2833,1307,4140
2819,1321,4140
2767,1373,4140
2741,1399,4140
2731,1409,4140
2713,1427,4140
2711,1429,4140
2707,1433,4140
2693,1447,4140
2689,1451,4140
2687,1453,4140
2659,1481,4140
2657,1483,4140
2647,1493,4140
2617,1523,4140
2609,1531,4140
2591,1549,4140
2557,1583,4140
2543,1597,4140
2539,1601,4140
2531,1609,4140
2521,1619,4140
2503,1637,4140
2477,1663,4140
2473,1667,4140
2447,1693,4140
2441,1699,4140
2417,1723,4140
2399,1741,4140
2393,1747,4140
2381,1759,4140
2357,1783,4140
2351,1789,4140
2339,1801,4140
2309,1831,4140
2293,1847,4140
2273,1867,4140
2269,1871,4140
2267,1873,4140
2251,1889,4140
2239,1901,4140
2207,1933,4140
2161,1979,4140
2153,1987,4140
2143,1997,4140
2141,1999,4140
2137,2003,4140
2129,2011,4140
2113,2027,4140
2111,2029,4140
2087,2053,4140
4139,3,4142
4129,13,4142
4111,31,4142
4099,43,4142
4003,139,4142
3943,199,4142
3931,211,4142
3919,223,4142
3793,349,4142
3769,373,4142
3733,409,4142
3709,433,4142
3643,499,4142
3571,571,4142
3541,601,4142
3529,613,4142
3511,631,4142
3499,643,4142
3469,673,4142
3433,709,4142
3391,751,4142
3373,769,4142
3331,811,4142
3319,823,4142
3313,829,4142
3259,883,4142
3121,1021,4142
3109,1033,4142
3079,1063,4142
3049,1093,4142
3019,1123,4142
2971,1171,4142
2851,1291,4142
2719,1423,4142
2713,1429,4142
2689,1453,4142
2683,1459,4142
2671,1471,4142
2659,1483,4142
2593,1549,4142
2521,1621,4142
2473,1669,4142
2389,1753,4142
2383,1759,4142
2341,1801,4142
2311,1831,4142
2281,1861,4142
2269,1873,4142
2143,1999,4142
2131,2011,4142
2113,2029,4142
2089,2053,4142
4139,5,4144
4133,11,4144
4127,17,4144
4091,53,4144
4073,71,4144
4013,131,4144
4007,137,4144
3947,197,4144
3917,227,4144
3911,233,4144
3881,263,4144
3863,281,4144
3851,293,4144
3833,311,4144
3797,347,4144
3761,383,4144
3701,443,4144
3677,467,4144
3623,521,4144
3581,563,4144
3557,587,4144
3527,617,4144
3491,653,4144
3467,677,4144
3461,683,4144
3371,773,4144
3347,797,4144
3323,821,4144
3257,887,4144
3203,941,4144
3191,953,4144
3167,977,4144
3083,1061,4144
3041,1103,4144
2963,1181,4144
2957,1187,4144
2927,1217,4144
2861,1283,4144
2843,1301,4144
2837,1307,4144
2777,1367,4144
2711,1433,4144
2693,1451,4144
2663,1481,4144
2657,1487,4144
2633,1511,4144
2621,1523,4144
2591,1553,4144
2543,1601,4144
2531,1613,4144
2477,1667,4144
2447,1697,4144
2423,1721,4144
2411,1733,4144
2357,1787,4144
2333,1811,4144
2297,1847,4144
2273,1871,4144
2267,1877,4144
2243,1901,4144
2237,1907,4144
2213,1931,4144
2141,2003,4144
2081,2063,4144
4139,7,4146
4133,13,4146
4129,17,4146
4127,19,4146
4099,47,4146
4093,53,4146
4079,67,4146
4073,73,4146
4057,89,4146
4049,97,4146
4019,127,4146
4007,139,4146
3989,157,4146
3967,179,4146
3947,199,4146
3923,223,4146
3919,227,4146
3917,229,4146
3907,239,4146
3889,257,4146
3877,269,4146
3863,283,4146
3853,293,4146
3833,313,4146
3797,349,4146
3793,353,4146
3779,367,4146
3767,379,4146
3727,419,4146
3697,449,4146
3659,487,4146
3643,503,4146
3637,509,4146
3623,523,4146
3583,563,4146
3559,587,4146
3547,599,4146
3539,607,4146
3533,613,4146
3529,617,4146
3527,619,4146
3499,647,4146
3469,677,4146
3463,683,4146
3413,733,4146
3407,739,4146
3389,757,4146
3373,773,4146
3359,787,4146
3323,823,4146
3319,827,4146
3307,839,4146
3259,887,4146
3217,929,4146
3209,937,4146
3169,977,4146
3163,983,4146
3137,1009,4146
3083,1063,4146
3049,1097,4146
3037,1109,4146
3023,1123,4146
2953,1193,4146
2917,1229,4146
2909,1237,4146
2897,1249,4146
2887,1259,4146
2857,1289,4146
2843,1303,4146
2819,1327,4146
2719,1427,4146
2713,1433,4146
2707,1439,4146
2699,1447,4146
2693,1453,4146
2687,1459,4146
2663,1483,4146
2659,1487,4146
2657,1489,4146
2647,1499,4146
2593,1553,4146
2579,1567,4146
2549,1597,4146
2539,1607,4146
2477,1669,4146
2447,1699,4146
2437,1709,4146
2423,1723,4146
2399,1747,4146
2393,1753,4146
2357,1789,4146
2273,1873,4146
2269,1877,4146
2267,1879,4146
2239,1907,4146
2213,1933,4146
2153,1993,4146
2143,2003,4146
2129,2017,4146
2083,2063,4146
4129,19,4148
4111,37,4148
4051,97,4148
4021,127,4148
3967,181,4148
3919,229,4148
3907,241,4148
3877,271,4148
3769,379,4148
3739,409,4148
3727,421,4148
3709,439,4148
3691,457,4148
3607,541,4148
3571,577,4148
3547,601,4148
3541,607,4148
3529,619,4148
3517,631,4148
3457,691,4148
3391,757,4148
3361,787,4148
3319,829,4148
3271,877,4148
3229,919,4148
3181,967,4148
3109,1039,4148
3079,1069,4148
3061,1087,4148
3019,1129,4148
2917,1231,4148
2857,1291,4148
2851,1297,4148
2767,1381,4148
2749,1399,4148
2719,1429,4148
2689,1459,4148
2677,1471,4148
2659,1489,4148
2617,1531,4148
2551,1597,4148
2539,1609,4148
2521,1627,4148
2389,1759,4148
2371,1777,4148
2347,1801,4148
2287,1861,4148
2281,1867,4148
2269,1879,4148
2161,1987,4148
2137,2011,4148
2131,2017,4148
4139,11,4150
4133,17,4150
4127,23,4150
4091,59,4150
4079,71,4150
4049,101,4150
4019,131,4150
4013,137,4150
4001,149,4150
3923,227,4150
3917,233,4150
3911,239,4150
3881,269,4150
3833,317,4150
3803,347,4150
3797,353,4150
3767,383,4150
3761,389,4150
3719,431,4150
3701,449,4150
3671,479,4150
3659,491,4150
3593,557,4150
3581,569,4150
3557,593,4150
3533,617,4150
3491,659,4150
3467,683,4150
3449,701,4150
3407,743,4150
3389,761,4150
3329,821,4150
3323,827,4150
3221,929,4150
3209,941,4150
3203,947,4150
3167,983,4150
3137,1013,4150
3119,1031,4150
3089,1061,4150
3041,1109,4150
2999,1151,4150
2969,1181,4150
2963,1187,4150
2957,1193,4150
2927,1223,4150
2861,1289,4150
2843,1307,4150
2789,1361,4150
2777,1373,4150
2741,1409,4150
2711,1439,4150
2699,1451,4150
2663,1487,4150
2657,1493,4150
2591,1559,4150
2579,1571,4150
2549,1601,4150
2543,1607,4150
2531,1619,4150
2441,1709,4150
2417,1733,4150
2339,1811,4150
2273,1877,4150
2243,1907,4150
2237,1913,4150
2153,1997,4150
2111,2039,4150
2087,2063,4150
2081,2069,4150
4139,13,4152
4133,19,4152
4129,23,4152
4111,41,4152
4099,53,4152
4093,59,4152
4091,61,4152
4079,73,4152
4073,79,4152
4051,101,4152
4049,103,4152
4021,131,4152
4013,139,4152
4003,149,4152
4001,151,4152
3989,163,4152
3929,223,4152
3923,229,4152
3919,233,4152
3911,241,4152
3889,263,4152
3881,271,4152
3821,331,4152
3803,349,4152
3793,359,4152
3779,373,4152
3769,383,4152
3733,419,4152
3719,433,4152
3709,443,4152
3691,461,4152
3673,479,4152
3643,509,4152
3631,521,4152
3583,569,4152
3581,571,4152
3559,593,4152
3539,613,4152
3533,619,4152
3511,641,4152
3499,653,4152
3491,661,4152
3469,683,4152
3461,691,4152
3433,719,4152
3413,739,4152
3391,761,4152
3343,809,4152
3331,821,4152
3329,823,4152
3323,829,4152
3313,839,4152
3299,853,4152
3271,881,4152
3181,971,4152
3169,983,4152
3121,1031,4152
3119,1033,4152
3089,1063,4152
3083,1069,4152
3061,1091,4152
3049,1103,4152
3023,1129,4152
3001,1151,4152
2999,1153,4152
2971,1181,4152
2939,1213,4152
2903,1249,4152
2861,1291,4152
2851,1301,4152
2833,1319,4152
2791,1361,4152
2753,1399,4152
2729,1423,4152
2719,1433,4152
2713,1439,4152
2699,1453,4152
2693,1459,4152
2671,1481,4152
2663,1489,4152
2659,1493,4152
2621,1531,4152
2609,1543,4152
2593,1559,4152
2551,1601,4152
2543,1609,4152
2539,1613,4152
2531,1621,4152
2459,1693,4152
2411,1741,4152
2399,1753,4152
2393,1759,4152
2351,1801,4152
2341,1811,4152
2281,1871,4152
2273,1879,4152
2251,1901,4152
2239,1913,4152
2221,1931,4152
2203,1949,4152
2179,1973,4152
2153,1999,4152
2141,2011,4152
2113,2039,4152
2099,2053,4152
2089,2063,4152
2083,2069,4152
4111,43,4154
4093,61,4154
4057,97,4154
4051,103,4154
4027,127,4154
4003,151,4154
3943,211,4154
3931,223,4154
3877,277,4154
3847,307,4154
3823,331,4154
3733,421,4154
3697,457,4154
3691,463,4154
3631,523,4154
3613,541,4154
3607,547,4154
3583,571,4154
3547,607,4154
3541,613,4154
3511,643,4154
3463,691,4154
3343,811,4154
3331,823,4154
3301,853,4154
3271,883,4154
3217,937,4154
3187,967,4154
3163,991,4154
3121,1033,4154
3067,1087,4154
3061,1093,4154
3037,1117,4154
3001,1153,4154
2953,1201,4154
2917,1237,4154
2857,1297,4154
2851,1303,4154
2833,1321,4154
2731,1423,4154
2707,1447,4154
2683,1471,4154
2671,1483,4154
2557,1597,4154
2377,1777,4154
2371,1783,4154
2293,1861,4154
2287,1867,4154
2281,1873,4154
2221,1933,4154
2203,1951,4154
2161,1993,4154
2143,2011,4154
2137,2017,4154
4153,3,4156
4139,17,4156
4133,23,4156
4127,29,4156
4073,83,4156
4049,107,4156
4019,137,4156
4007,149,4156
3989,167,4156
3929,227,4156
3923,233,4156
3917,239,4156
3863,293,4156
3803,353,4156
3797,359,4156
3767,389,4156
3677,479,4156
3593,563,4156
3557,599,4156
3539,617,4156
3413,743,4156
3359,797,4156
3347,809,4156
3329,827,4156
3299,857,4156
3209,947,4156
3203,953,4156
3137,1019,4156
2969,1187,4156
2963,1193,4156
2939,1217,4156
2927,1229,4156
2897,1259,4156
2879,1277,4156
2837,1319,4156
2789,1367,4156
2729,1427,4156
2663,1493,4156
2657,1499,4156
2633,1523,4156
2549,1607,4156
2543,1613,4156
2459,1697,4156
2447,1709,4156
2423,1733,4156
2333,1823,4156
2309,1847,4156
2267,1889,4156
2243,1913,4156
2207,1949,4156
2153,2003,4156
2129,2027,4156
2087,2069,4156
4153,5,4158
4139,19,4158
4129,29,4158
4127,31,4158
4111,47,4158
4099,59,4158
4091,67,4158
4079,79,4158
4057,101,4158
4051,107,4158
4049,109,4158
4027,131,4158
4021,137,4158
4019,139,4158
4007,151,4158
4001,157,4158
3967,191,4158
3947,211,4158
3931,227,4158
3929,229,4158
3919,239,4158
3917,241,4158
3907,251,4158
3889,269,4158
3881,277,4158
3877,281,4158
3851,307,4158
3847,311,4158
3821,337,4158
3779,379,4158
3769,389,4158
3761,397,4158
3739,419,4158
3727,431,4158
3719,439,4158
3709,449,4158
3701,457,4158
3697,461,4158
3691,467,4158
3671,487,4158
3659,499,4158
3637,521,4158
3617,541,4158
3581,577,4158
3571,587,4158
3559,599,4158
3557,601,4158
3541,617,4158
3539,619,4158
3527,631,4158
3517,641,4158
3511,647,4158
3499,659,4158
3467,691,4158
3457,701,4158
3449,709,4158
3407,751,4158
3389,769,4158
3371,787,4158
3361,797,4158
3347,811,4158
3331,827,4158
3329,829,4158
3319,839,4158
3301,857,4158
3299,859,4158
3271,887,4158
3251,907,4158
3229,929,4158
3221,937,4158
3217,941,4158
3191,967,4158
3187,971,4158
3181,977,4158
3167,991,4158
3137,1021,4158
3119,1039,4158
3109,1049,4158
3089,1069,4158
3067,1091,4158
3061,1097,4158
3049,1109,4158
3041,1117,4158
2971,1187,4158
2957,1201,4158
2927,1231,4158
2909,1249,4158
2879,1279,4158
2861,1297,4158
2857,1301,4158
2851,1307,4158
2837,1321,4158
2797,1361,4158
2791,1367,4158
2777,1381,4158
2749,1409,4158
2731,1427,4158
2729,1429,4158
2719,1439,4158
2711,1447,4158
2707,1451,4158
2699,1459,4158
2687,1471,4158
2677,1481,4158
2671,1487,4158
2659,1499,4158
2647,1511,4158
2609,1549,4158
2591,1567,4158
2579,1579,4158
2557,1601,4158
2551,1607,4158
2549,1609,4158
2539,1619,4158
2531,1627,4158
2521,1637,4158
2459,1699,4158
2437,1721,4158
2417,1741,4158
2411,1747,4158
2399,1759,4158
2381,1777,4158
2371,1787,4158
2357,1801,4158
2347,1811,4158
2311,1847,4158
2297,1861,4158
2287,1871,4158
2281,1877,4158
2269,1889,4158
2251,1907,4158
2207,1951,4158
2179,1979,4158
2161,1997,4158
2141,2017,4158
2131,2027,4158
2129,2029,4158
2089,2069,4158
4157,3,4160
4153,7,4160
4129,31,4160
4099,61,4160
4093,67,4160
4057,103,4160
4051,109,4160
4021,139,4160
4003,157,4160
3967,193,4160
3931,229,4160
3919,241,4160
3889,271,4160
3877,283,4160
3853,307,4160
3847,313,4160
3823,337,4160
3793,367,4160
3739,421,4160
3727,433,4160
3697,463,4160
3673,487,4160
3637,523,4160
3613,547,4160
3583,577,4160
3559,601,4160
3547,613,4160
3541,619,4160
3529,631,4160
3517,643,4160
3499,661,4160
3469,691,4160
3433,727,4160
3391,769,4160
3373,787,4160
3331,829,4160
3307,853,4160
3301,859,4160
3253,907,4160
3169,991,4160
3163,997,4160
3121,1039,4160
3109,1051,4160
3067,1093,4160
3037,1123,4160
2857,1303,4160
2833,1327,4160
2731,1429,4160
2713,1447,4160
2707,1453,4160
2689,1471,4160
2677,1483,4160
2671,1489,4160
2617,1543,4160
2593,1567,4160
2551,1609,4160
2539,1621,4160
2503,1657,4160
2467,1693,4160
2437,1723,4160
2383,1777,4160
2377,1783,4160
2371,1789,4160
2293,1867,4160
2287,1873,4160
2281,1879,4160
2161,1999,4160
2143,2017,4160
2131,2029,4160
4159,3,4162
4157,5,4162
4139,23,4162
4133,29,4162
4091,71,4162
4079,83,4162
4073,89,4162
4049,113,4162
4013,149,4162
3989,173,4162
3929,233,4162
3923,239,4162
3911,251,4162
3881,281,4162
3851,311,4162
3803,359,4162
3779,383,4162
3761,401,4162
3719,443,4162
3701,461,4162
3671,491,4162
3659,503,4162
3593,569,4162
3461,701,4162
3389,773,4162
3323,839,4162
3299,863,4162
3251,911,4162
3221,941,4162
3209,953,4162
3191,971,4162
3011,1151,4162
2999,1163,4162
2969,1193,4162
2939,1223,4162
2903,1259,4162
2879,1283,4162
2861,1301,4162
2843,1319,4162
2801,1361,4162
2789,1373,4162
2753,1409,4162
2729,1433,4162
2711,1451,4162
2663,1499,4162
2609,1553,4162
2591,1571,4162
2579,1583,4162
2549,1613,4162
2543,1619,4162
2441,1721,4162
2351,1811,4162
2339,1823,4162
2273,1889,4162
2213,1949,4162
2099,2063,4162
2081,2081,4162
4159,5,4164
4157,7,4164
4153,11,4164
4133,31,4164
4127,37,4164
4111,53,4164
4093,71,4164
4091,73,4164
4057,107,4164
4051,113,4164
4027,137,4164
4013,151,4164
4007,157,4164
4001,163,4164
3967,197,4164
3931,233,4164
3923,241,4164
3907,257,4164
3881,283,4164
3853,311,4164
3851,313,4164
3847,317,4164
3833,331,4164
3797,367,4164
3767,397,4164
3733,431,4164
3701,463,4164
3697,467,4164
3677,487,4164
3673,491,4164
3643,521,4164
3623,541,4164
3617,547,4164
3607,557,4164
3593,571,4164
3571,593,4164
3557,607,4164
3547,617,4164
3533,631,4164
3517,647,4164
3511,653,4164
3491,673,4164
3463,701,4164
3413,751,4164
3407,757,4164
3391,773,4164
3343,821,4164
3307,857,4164
3301,863,4164
3257,907,4164
3253,911,4164
3217,947,4164
3187,977,4164
3181,983,4164
3167,997,4164
3067,1097,4164
3061,1103,4164
3041,1123,4164
3011,1153,4164
3001,1163,4164
2971,1193,4164
2963,1201,4164
2927,1237,4164
2887,1277,4164
2861,1303,4164
2857,1307,4164
2843,1321,4164
2837,1327,4164
2803,1361,4164
2797,1367,4164
2791,1373,4164
2741,1423,4164
2731,1433,4164
2713,1451,4164
2711,1453,4164
2693,1471,4164
2683,1481,4164
2677,1487,4164
2671,1493,4164
2633,1531,4164
2621,1543,4164
2593,1571,4164
2557,1607,4164
2551,1613,4164
2543,1621,4164
2467,1697,4164
2441,1723,4164
2423,1741,4164
2417,1747,4164
2411,1753,4164
2381,1783,4164
2377,1787,4164
2341,1823,4164
2333,1831,4164
2297,1867,4164
2293,1871,4164
2287,1877,4164
2251,1913,4164
2213,1951,4164
2161,2003,4164
2153,2011,4164
2137,2027,4164
2111,2053,4164
2083,2081,4164
4159,7,4166
4153,13,4166
4129,37,4166
4099,67,4166
4093,73,4166
4057,109,4166
4027,139,4166
4003,163,4166
3967,199,4166
3943,223,4166
3889,277,4166
3853,313,4166
3793,373,4166
3769,397,4166
3733,433,4166
3727,439,4166
3709,457,4166
3643,523,4166
3559,607,4166
3547,619,4166
3457,709,4166
3433,733,4166
3343,823,4166
3313,853,4166
3307,859,4166
3259,907,4166
3229,937,4166
3169,997,4166
3079,1087,4166
3049,1117,4166
3037,1129,4166
2953,1213,4166
2917,1249,4166
2887,1279,4166
2767,1399,4166
2719,1447,4166
2713,1453,4166
2707,1459,4166
2683,1483,4166
2677,1489,4166
2617,1549,4166
2557,1609,4166
2539,1627,4166
2503,1663,4166
2473,1693,4166
2467,1699,4166
2389,1777,4166
2383,1783,4166
2377,1789,4166
2293,1873,4166
2287,1879,4166
2179,1987,4166
2137,2029,4166
2113,2053,4166
2083,2083,4166
4157,11,4168
4139,29,4168
4127,41,4168
4079,89,4168
4019,149,4168
4001,167,4168
3989,179,4168
3929,239,4168
3917,251,4168
3911,257,4168
3851,317,4168
3821,347,4168
3779,389,4168
3767,401,4168
3719,449,4168
3701,467,4168
3677,491,4168
3659,509,4168
3581,587,4168
3527,641,4168
3491,677,4168
3467,701,4168
3449,719,4168
3407,761,4168
3371,797,4168
3359,809,4168
3347,821,4168
3329,839,4168
3257,911,4168
3221,947,4168
3191,977,4168
3137,1031,4168
3119,1049,4168
2939,1229,4168
2909,1259,4168
2879,1289,4168
2861,1307,4168
2801,1367,4168
2741,1427,4168
2729,1439,4168
2687,1481,4168
2657,1511,4168
2609,1559,4168
2549,1619,4168
2531,1637,4168
2459,1709,4168
2447,1721,4168
2381,1787,4168
2357,1811,4168
2297,1871,4168
2267,1901,4168
2237,1931,4168
2141,2027,4168
2129,2039,4168
2099,2069,4168
2087,2081,4168
4159,11,4170
4157,13,4170
4153,17,4170
4139,31,4170
4133,37,4170
4129,41,4170
4127,43,4170
4111,59,4170
4099,71,4170
4091,79,4170
4073,97,4170
4057,113,4170
4021,149,4170
4019,151,4170
4013,157,4170
4007,163,4170
4003,167,4170
3989,181,4170
3947,223,4170
3943,227,4170
3931,239,4170
3929,241,4170
3919,251,4170
3907,263,4170
3889,281,4170
3877,293,4170
3863,307,4170
3853,317,4170
3833,337,4170
3823,347,4170
3821,349,4170
3803,367,4170
3797,373,4170
3769,401,4170
3761,409,4170
3739,431,4170
3727,443,4170
3709,461,4170
3691,479,4170
3671,499,4170
3623,547,4170
3613,557,4170
3607,563,4170
3593,577,4170
3583,587,4170
3571,599,4170
3557,613,4170
3539,631,4170
3529,641,4170
3527,643,4170
3517,653,4170
3511,659,4170
3469,701,4170
3461,709,4170
3413,757,4170
3373,797,4170
3361,809,4170
3359,811,4170
3347,823,4170
3343,827,4170
3331,839,4170
3313,857,4170
3307,863,4170
3259,911,4170
3251,919,4170
3229,941,4170
3217,953,4170
3203,967,4170
3187,983,4170
3137,1033,4170
3121,1049,4170
3119,1051,4170
3109,1061,4170
3083,1087,4170
3079,1091,4170
3067,1103,4170
3061,1109,4170
3041,1129,4170
3019,1151,4170
2999,1171,4170
2969,1201,4170
2957,1213,4170
2953,1217,4170
2939,1231,4170
2887,1283,4170
2879,1291,4170
2851,1319,4170
2843,1327,4170
2803,1367,4170
2797,1373,4170
2789,1381,4170
2741,1429,4170
2731,1439,4170
2719,1451,4170
2711,1459,4170
2699,1471,4170
2689,1481,4170
2687,1483,4170
2683,1487,4170
2677,1493,4170
2671,1499,4170
2659,1511,4170
2647,1523,4170
2621,1549,4170
2617,1553,4170
2591,1579,4170
2557,1613,4170
2551,1619,4170
2549,1621,4170
2543,1627,4170
2503,1667,4170
2477,1693,4170
2473,1697,4170
2447,1723,4170
2437,1733,4170
2423,1747,4170
2417,1753,4170
2411,1759,4170
2393,1777,4170
2383,1787,4170
2381,1789,4170
2347,1823,4170
2339,1831,4170
2309,1861,4170
2297,1873,4170
2293,1877,4170
2281,1889,4170
2269,1901,4170
2239,1931,4170
2237,1933,4170
2221,1949,4170
2153,2017,4170
2143,2027,4170
2141,2029,4170
2131,2039,4170
2089,2081,4170
2087,2083,4170
4159,13,4172
4153,19,4172
4129,43,4172
4111,61,4172
4099,73,4172
4093,79,4172
4021,151,4172
3943,229,4172
3931,241,4172
3889,283,4172
3823,349,4172
3793,379,4172
3739,433,4172
3733,439,4172
3709,463,4172
3673,499,4172
3631,541,4172
3571,601,4172
3559,613,4172
3541,631,4172
3529,643,4172
3511,661,4172
3499,673,4172
3463,709,4172
3433,739,4172
3361,811,4172
3343,829,4172
3319,853,4172
3313,859,4172
3253,919,4172
3181,991,4172
3163,1009,4172
3121,1051,4172
3109,1063,4172
3079,1093,4172
3049,1123,4172
3019,1153,4172
3001,1171,4172
2971,1201,4172
2851,1321,4172
2791,1381,4172
2749,1423,4172
2719,1453,4172
2713,1459,4172
2689,1483,4172
2683,1489,4172
2593,1579,4172
2551,1621,4172
2503,1669,4172
2473,1699,4172
2389,1783,4172
2383,1789,4172
2371,1801,4172
2341,1831,4172
2311,1861,4172
2293,1879,4172
2239,1933,4172
2221,1951,4172
2179,1993,4172
2161,2011,4172
2143,2029,4172
2089,2083,4172
4157,17,4174
4133,41,4174
4127,47,4174
4091,83,4174
4073,101,4174
4007,167,4174
4001,173,4174
3947,227,4174
3923,251,4174
3917,257,4174
3911,263,4174
3881,293,4174
3863,311,4174
3821,353,4174
3671,503,4174
3617,557,4174
3581,593,4174
3557,617,4174
3533,641,4174
3527,647,4174
3491,683,4174
3413,761,4174
3347,827,4174
3221,953,4174
3203,971,4174
3191,983,4174
3083,1091,4174
3023,1151,4174
3011,1163,4174
2957,1217,4174
2897,1277,4174
2801,1373,4174
2741,1433,4174
2693,1481,4174
2687,1487,4174
2663,1511,4174
2621,1553,4174
2591,1583,4174
2477,1697,4174
2441,1733,4174
2351,1823,4174
2297,1877,4174
2273,1901,4174
2267,1907,4174
2243,1931,4174
2111,2063,4174
2087,2087,4174
4159,17,4176
4157,19,4176
4153,23,4176
4139,37,4176
4133,43,4176
4129,47,4176
4093,83,4176
4079,97,4176
4073,103,4176
4049,127,4176
4027,149,4176
4019,157,4176
4013,163,4176
4003,173,4176
3947,229,4176
3943,233,4176
3919,257,4176
3907,269,4176
3863,313,4176
3823,353,4176
3803,373,4176
3797,379,4176
3793,383,4176
3779,397,4176
3767,409,4176
3733,443,4176
3727,449,4176
3719,457,4176
3709,467,4176
3697,479,4176
3677,499,4176
3673,503,4176
3613,563,4176
3607,569,4176
3583,593,4176
3559,617,4176
3557,619,4176
3533,643,4176
3529,647,4176
3517,659,4176
3499,677,4176
3467,709,4176
3457,719,4176
3449,727,4176
3433,743,4176
3407,769,4176
3389,787,4176
3347,829,4176
3323,853,4176
3319,857,4176
3313,863,4176
3299,877,4176
3257,919,4176
3229,947,4176
3209,967,4176
3167,1009,4176
3163,1013,4176
3137,1039,4176
3089,1087,4176
3083,1093,4176
3079,1097,4176
3067,1109,4176
3023,1153,4176
2963,1213,4176
2953,1223,4176
2939,1237,4176
2927,1249,4176
2917,1259,4176
2897,1279,4176
2887,1289,4176
2879,1297,4176
2857,1319,4176
2803,1373,4176
2777,1399,4176
2767,1409,4176
2753,1423,4176
2749,1427,4176
2729,1447,4176
2693,1483,4176
2689,1487,4176
2687,1489,4176
2683,1493,4176
2677,1499,4176
2633,1543,4176
2617,1559,4176
2609,1567,4176
2593,1583,4176
2579,1597,4176
2557,1619,4176
2549,1627,4176
2539,1637,4176
2477,1699,4176
2467,1709,4176
2423,1753,4176
2417,1759,4176
2399,1777,4176
2393,1783,4176
2389,1787,4176
2309,1867,4176
2297,1879,4176
2287,1889,4176
2269,1907,4176
2243,1933,4176
2203,1973,4176
2179,1997,4176
2137,2039,4176
2113,2063,4176
2089,2087,4176
4159,19,4178
4111,67,4178
4099,79,4178
4051,127,4178
4027,151,4178
4021,157,4178
3967,211,4178
3907,271,4178
3847,331,4178
3769,409,4178
3739,439,4178
3691,487,4178
3637,541,4178
3631,547,4178
3607,571,4178
3571,607,4178
3559,619,4178
3547,631,4178
3517,661,4178
3469,709,4178
3391,787,4178
3319,859,4178
3301,877,4178
3271,907,4178
3259,919,4178
3187,991,4178
3181,997,4178
3169,1009,4178
3109,1069,4178
3061,1117,4178
3049,1129,4178
2887,1291,4178
2857,1321,4178
2851,1327,4178
2797,1381,4178
2749,1429,4178
2731,1447,4178
2719,1459,4178
2707,1471,4178
2689,1489,4178
2647,1531,4178
2557,1621,4178
2551,1627,4178
2521,1657,4178
2437,1741,4178
2389,1789,4178
2377,1801,4178
2347,1831,4178
2311,1867,4178
2179,1999,4178
2161,2017,4178
2089,2089,4178
4177,3,4180
4157,23,4180
4139,41,4180
4133,47,4180
4127,53,4180
4091,89,4180
4079,101,4180
4073,107,4180
4049,131,4180
4013,167,4180
4007,173,4180
4001,179,4180
3989,191,4180
3947,233,4180
3929,251,4180
3923,257,4180
3917,263,4180
3911,269,4180
3863,317,4180
3833,347,4180
3821,359,4180
3797,383,4180
3779,401,4180
3761,419,4180
3719,461,4180
3701,479,4180
3677,503,4180
3671,509,4180
3659,521,4180
3623,557,4180
3617,563,4180
3593,587,4180
3581,599,4180
3539,641,4180
3533,647,4180
3527,653,4180
3461,719,4180
3407,773,4180
3371,809,4180
3359,821,4180
3323,857,4180
3299,881,4180
3251,929,4180
3209,971,4180
3203,977,4180
3167,1013,4180
3119,1061,4180
3089,1091,4180
3083,1097,4180
2999,1181,4180
2963,1217,4180
2957,1223,4180
2903,1277,4180
2897,1283,4180
2879,1301,4180
2861,1319,4180
2819,1361,4180
2753,1427,4180
2741,1439,4180
2729,1451,4180
2699,1481,4180
2693,1487,4180
2687,1493,4180
2657,1523,4180
2621,1559,4180
2609,1571,4180
2579,1601,4180
2543,1637,4180
2459,1721,4180
2447,1733,4180
2393,1787,4180
2357,1823,4180
2333,1847,4180
2309,1871,4180
2273,1907,4180
2267,1913,4180
2207,1973,4180
2153,2027,4180
2141,2039,4180
2111,2069,4180
2099,2081,4180
4177,5,4182
4159,23,4182
4153,29,4182
4139,43,4182
4129,53,4182
4111,71,4182
4099,83,4182
4093,89,4182
4079,103,4182
4073,109,4182
4051,131,4182
4019,163,4182
4003,179,4182
4001,181,4182
3989,193,4182
3943,239,4182
3931,251,4182
3919,263,4182
3911,271,4182
3889,293,4182
3851,331,4182
3833,349,4182
3823,359,4182
3803,379,4182
3793,389,4182
3761,421,4182
3739,443,4182
3733,449,4182
3719,463,4182
3691,491,4182
3673,509,4182
3659,523,4182
3613,569,4182
3583,599,4182
3581,601,4182
3541,641,4182
3539,643,4182
3529,653,4182
3499,683,4182
3491,691,4182
3463,719,4182
3449,733,4182
3413,769,4182
3373,809,4182
3371,811,4182
3361,821,4182
3359,823,4182
3343,839,4182
3329,853,4182
3323,859,4182
3319,863,4182
3301,881,4182
3299,883,4182
3271,911,4182
3253,929,4182
3229,953,4182
3191,991,4182
3169,1013,4182
3163,1019,4182
3121,1061,4182
3119,1063,4182
3089,1093,4182
3079,1103,4182
3019,1163,4182
3011,1171,4182
3001,1181,4182
2969,1213,4182
2953,1229,4182
2903,1279,4182
2879,1303,4182
2861,1321,4182
2801,1381,4182
2753,1429,4182
2749,1433,4182
2731,1451,4182
2729,1453,4182
2711,1471,4182
2699,1483,4182
2693,1489,4182
2689,1493,4182
2683,1499,4182
2671,1511,4182
2659,1523,4182
2633,1549,4182
2473,1709,4182
2459,1723,4182
2441,1741,4182
2423,1759,4182
2399,1783,4182
2393,1789,4182
2381,1801,4182
2371,1811,4182
2351,1831,4182
2311,1871,4182
2309,1873,4182
2293,1889,4182
2281,1901,4182
2269,1913,4182
2251,1931,4182
2203,1979,4182
2179,2003,4182
2153,2029,4182
2143,2039,4182
2129,2053,4182
2113,2069,4182
2099,2083,4182
4177,7,4184
4153,31,4184
4111,73,4184
4057,127,4184
4027,157,4184
4021,163,4184
4003,181,4184
3943,241,4184
3907,277,4184
3877,307,4184
3853,331,4184
3847,337,4184
3727,457,4184
3697,487,4184
3643,541,4184
3637,547,4184
3613,571,4184
3607,577,4184
3583,601,4184
3571,613,4184
3541,643,4184
3511,673,4184
3457,727,4184
3433,751,4184
3373,811,4184
3361,823,4184
3331,853,4184
3307,877,4184
3301,883,4184
3217,967,4184
3187,997,4184
3163,1021,4184
3121,1063,4184
3067,1117,4184
3061,1123,4184
2971,1213,4184
2953,1231,4184
2887,1297,4184
2857,1327,4184
2803,1381,4184
2731,1453,4184
2713,1471,4184
2617,1567,4184
2557,1627,4184
2521,1663,4184
2437,1747,4184
2383,1801,4184
2311,1873,4184
2251,1933,4184
2131,2053,4184
4157,29,4186
4139,47,4186
4133,53,4186
4127,59,4186
4079,107,4186
4073,113,4186
4049,137,4186
4019,167,4186
4013,173,4186
4007,179,4186
3989,197,4186
3947,239,4186
3929,257,4186
3923,263,4186
3917,269,4186
3833,353,4186
3803,383,4186
3797,389,4186
3767,419,4186
3719,467,4186
3677,509,4186
3623,563,4186
3617,569,4186
3593,593,4186
3539,647,4186
3533,653,4186
3527,659,4186
3467,719,4186
3413,773,4186
3389,797,4186
3359,827,4186
3347,839,4186
3329,857,4186
3323,863,4186
3299,887,4186
3257,929,4186
3209,977,4186
3203,983,4186
3167,1019,4186
3137,1049,4186
3089,1097,4186
3083,1103,4186
3023,1163,4186
2999,1187,4186
2969,1217,4186
2963,1223,4186
2957,1229,4186
2927,1259,4186
2909,1277,4186
2903,1283,4186
2897,1289,4186
2879,1307,4186
2819,1367,4186
2777,1409,4186
2753,1433,4186
2699,1487,4186
2693,1493,4186
2687,1499,4186
2663,1523,4186
2633,1553,4186
2579,1607,4186
2549,1637,4186
2477,1709,4186
2399,1787,4186
2339,1847,4186
2309,1877,4186
2297,1889,4186
2273,1913,4186
2237,1949,4186
2213,1973,4186
2207,1979,4186
2099,2087,4186
4177,11,4188
4159,29,4188
4157,31,4188
4129,59,4188
4127,61,4188
4099,89,4188
4091,97,4188
4079,109,4188
4057,131,4188
4051,137,4188
4049,139,4188
4021,167,4188
4007,181,4188
3989,199,4188
3947,241,4188
3931,257,4188
3919,269,4188
3917,271,4188
3911,277,4188
3907,281,4188
3881,307,4188
3877,311,4188
3851,337,4188
3821,367,4188
3779,409,4188
3769,419,4188
3767,421,4188
3739,449,4188
3727,461,4188
3709,479,4188
3701,487,4188
3697,491,4188
3631,557,4188
3617,571,4188
3581,607,4188
3571,617,4188
3557,631,4188
3547,641,4188
3541,647,4188
3529,659,4188
3527,661,4188
3511,677,4188
3469,719,4188
3461,727,4188
3449,739,4188
3391,797,4188
3361,827,4188
3359,829,4188
3331,857,4188
3329,859,4188
3307,881,4188
3301,887,4188
3259,929,4188
3251,937,4188
3221,967,4188
3217,971,4188
3191,997,4188
3169,1019,4188
3167,1021,4188
3137,1051,4188
3119,1069,4188
3079,1109,4188
3037,1151,4188
3001,1187,4188
2971,1217,4188
2957,1231,4188
2939,1249,4188
2909,1279,4188
2897,1291,4188
2887,1301,4188
2861,1327,4188
2789,1399,4188
2749,1439,4188
2741,1447,4188
2729,1459,4188
2707,1481,4188
2699,1489,4188
2689,1499,4188
2677,1511,4188
2657,1531,4188
2621,1567,4188
2617,1571,4188
2609,1579,4188
2591,1597,4188
2579,1609,4188
2551,1637,4188
2531,1657,4188
2521,1667,4188
2467,1721,4188
2447,1741,4188
2441,1747,4188
2411,1777,4188
2399,1789,4188
2377,1811,4188
2357,1831,4188
2341,1847,4188
2311,1877,4188
2309,1879,4188
2287,1901,4188
2281,1907,4188
2239,1949,4188
2237,1951,4188
2161,2027,4188
2099,2089,4188
4177,13,4190
4159,31,4190
4153,37,4190
4129,61,4190
4111,79,4190
4093,97,4190
4051,139,4190
4027,163,4190
3967,223,4190
3919,271,4190
3907,283,4190
3877,313,4190
3853,337,4190
3823,367,4190
3793,397,4190
3769,421,4190
3733,457,4190
3727,463,4190
3691,499,4190
3643,547,4190
3613,577,4190
3583,607,4190
3571,619,4190
3559,631,4190
3547,643,4190
3529,661,4190
3517,673,4190
3499,691,4190
3463,727,4190
3457,733,4190
3433,757,4190
3361,829,4190
3331,859,4190
3313,877,4190
3307,883,4190
3271,919,4190
3253,937,4190
3181,1009,4190
3169,1021,4190
3121,1069,4190
3067,1123,4190
3061,1129,4190
3037,1153,4190
3019,1171,4190
2953,1237,4190
2887,1303,4190
2791,1399,4190
2767,1423,4190
2731,1459,4190
2719,1471,4190
2707,1483,4190
2659,1531,4190
2647,1543,4190
2593,1597,4190
2521,1669,4190
2467,1723,4190
2437,1753,4190
2389,1801,4190
2311,1879,4190
2239,1951,4190
2203,1987,4190
2179,2011,4190
2161,2029,4190
2137,2053,4190
4139,53,4192
4133,59,4192
4091,101,4192
4079,113,4192
4019,173,4192
4013,179,4192
4001,191,4192
3929,263,4192
3923,269,4192
3911,281,4192
3881,311,4192
3833,359,4192
3803,389,4192
3761,431,4192
3701,491,4192
3671,521,4192
3623,569,4192
3593,599,4192
3539,653,4192
3533,659,4192
3491,701,4192
3449,743,4192
3371,821,4192
3329,863,4192
3251,941,4192
3221,971,4192
3209,983,4192
3089,1103,4192
3083,1109,4192
3041,1151,4192
3011,1181,4192
2999,1193,4192
2969,1223,4192
2963,1229,4192
2909,1283,4192
2903,1289,4192
2819,1373,4192
2753,1439,4192
2741,1451,4192
2711,1481,4192
2699,1493,4192
2693,1499,4192
2633,1559,4192
2621,1571,4192
2609,1583,4192
2591,1601,4192
2579,1613,4192
2459,1733,4192
2381,1811,4192
2243,1949,4192
2213,1979,4192
2153,2039,4192
2129,2063,4192
2111,2081,4192
4177,17,4194
4157,37,4194
4153,41,4194
4133,61,4194
4127,67,4194
4111,83,4194
4093,101,4194
4091,103,4194
4057,137,4194
4027,167,4194
4021,173,4194
4013,181,4194
4003,191,4194
4001,193,4194
3967,227,4194
3943,251,4194
3931,263,4194
3923,271,4194
3917,277,4194
3911,283,4194
3881,313,4194
3877,317,4194
3863,331,4194
3847,347,4194
3821,373,4194
3797,397,4194
3793,401,4194
3761,433,4194
3733,461,4194
3727,467,4194
3691,503,4194
3673,521,4194
3671,523,4194
3637,557,4194
3631,563,4194
3623,571,4194
3617,577,4194
3607,587,4194
3593,601,4194
3581,613,4194
3547,647,4194
3541,653,4194
3533,661,4194
3517,677,4194
3511,683,4194
3467,727,4194
3461,733,4194
3433,761,4194
3407,787,4194
3373,821,4194
3371,823,4194
3331,863,4194
3313,881,4194
3307,887,4194
3257,937,4194
3253,941,4194
3217,977,4194
3203,991,4194
3181,1013,4194
3163,1031,4194
3041,1153,4194
3023,1171,4194
3001,1193,4194
2971,1223,4194
2963,1231,4194
2957,1237,4194
2917,1277,4194
2903,1291,4194
2897,1297,4194
2887,1307,4194
2833,1361,4194
2767,1427,4194
2741,1453,4194
2713,1481,4194
2711,1483,4194
2707,1487,4194
2683,1511,4194
2671,1523,4194
2663,1531,4194
2593,1601,4194
2557,1637,4194
2531,1663,4194
2473,1721,4194
2447,1747,4194
2441,1753,4194
2417,1777,4194
2411,1783,4194
2393,1801,4194
2383,1811,4194
2371,1823,4194
2347,1847,4194
2333,1861,4194
2293,1901,4194
2287,1907,4194
2281,1913,4194
2243,1951,4194
2221,1973,4194
2207,1987,4194
2141,2053,4194
2131,2063,4194
2113,2081,4194
2111,2083,4194
4177,19,4196
4159,37,4196
4153,43,4196
4129,67,4196
4099,97,4196
4093,103,4196
4057,139,4196
4003,193,4196
3967,229,4196
3919,277,4196
3889,307,4196
3847,349,4196
3823,373,4196
3739,457,4196
3733,463,4196
3709,487,4196
3697,499,4196
3673,523,4196
3583,613,4196
3469,727,4196
3463,733,4196
3457,739,4196
3373,823,4196
3343,853,4196
3319,877,4196
3313,883,4196
3259,937,4196
3229,967,4196
3187,1009,4196
3163,1033,4196
3109,1087,4196
3079,1117,4196
3067,1129,4196
2917,1279,4196
2797,1399,4196
2767,1429,4196
2749,1447,4196
2713,1483,4196
2707,1489,4196
2647,1549,4196
2617,1579,4196
2539,1657,4196
2503,1693,4196
2473,1723,4196
2437,1759,4196
2203,1993,4196
2179,2017,4196
2143,2053,4196
2113,2083,4196
4157,41,4198
4139,59,4198
4127,71,4198
4091,107,4198
4049,149,4198
4019,179,4198
4007,191,4198
4001,197,4198
3947,251,4198
3929,269,4198
3917,281,4198
3881,317,4198
3851,347,4198
3797,401,4198
3779,419,4198
3767,431,4198
3719,479,4198
3677,521,4198
3581,617,4198
3557,641,4198
3539,659,4198
3389,809,4198
3371,827,4198
3359,839,4198
3257,941,4198
3251,947,4198
3221,977,4198
3167,1031,4198
3137,1061,4198
3089,1109,4198
3011,1187,4198
2969,1229,4198
2939,1259,4198
2909,1289,4198
2897,1301,4198
2879,1319,4198
2837,1361,4198
2789,1409,4198
2711,1487,4198
2699,1499,4198
2687,1511,4198
2591,1607,4198
2579,1619,4198
2531,1667,4198
2477,1721,4198
2411,1787,4198
2351,1847,4198
2309,1889,4198
2297,1901,4198
2267,1931,4198
2129,2069,4198
2111,2087,4198
2099,2099,4198
4177,23,4200
4159,41,4200
4157,43,4200
4153,47,4200
4139,61,4200
4133,67,4200
4129,71,4200
4127,73,4200
4111,89,4200
4099,101,4200
4093,107,4200
4091,109,4200
4073,127,4200
4051,149,4200
4049,151,4200
4027,173,4200
4021,179,4200
4019,181,4200
4007,193,4200
4003,197,4200
4001,199,4200
3989,211,4200
3967,233,4200
3943,257,4200
3931,269,4200
3929,271,4200
3923,277,4200
3919,281,4200
3917,283,4200
3907,293,4200
3889,311,4200
3863,337,4200
3853,347,4200
3851,349,4200
3847,353,4200
3833,367,4200
3821,379,4200
3803,397,4200
3779,421,4200
3769,431,4200
3767,433,4200
3761,439,4200
3739,461,4200
3733,467,4200
3709,491,4200
3701,499,4200
3697,503,4200
3691,509,4200
3677,523,4200
3659,541,4200
3643,557,4200
3637,563,4200
3631,569,4200
3623,577,4200
3613,587,4200
3607,593,4200
3593,607,4200
3583,617,4200
3581,619,4200
3559,641,4200
3557,643,4200
3547,653,4200
3541,659,4200
3539,661,4200
3527,673,4200
3517,683,4200
3499,701,4200
3491,709,4200
3467,733,4200
3461,739,4200
3457,743,4200
3449,751,4200
3413,787,4200
3391,809,4200
3389,811,4200
3373,827,4200
3371,829,4200
3361,839,4200
3347,853,4200
3343,857,4200
3323,877,4200
3319,881,4200
3313,887,4200
3271,929,4200
3259,941,4200
3253,947,4200
3229,971,4200
3217,983,4200
3209,991,4200
3203,997,4200
3191,1009,4200
3187,1013,4200
3181,1019,4200
3169,1031,4200
3167,1033,4200
3137,1063,4200
3109,1091,4200
3083,1117,4200
3049,1151,4200
3037,1163,4200
3019,1181,4200
2999,1201,4200
2971,1229,4200
2969,1231,4200
2963,1237,4200
2917,1283,4200
2909,1291,4200
2903,1297,4200
2897,1303,4200
2879,1321,4200
2833,1367,4200
2819,1381,4200
2801,1399,4200
2791,1409,4200
2777,1423,4200
2767,1433,4200
2753,1447,4200
2749,1451,4200
2741,1459,4200
2729,1471,4200
2719,1481,4200
2713,1487,4200
2711,1489,4200
2707,1493,4200
2689,1511,4200
2677,1523,4200
2657,1543,4200
2647,1553,4200
2633,1567,4200
2621,1579,4200
2617,1583,4200
2593,1607,4200
2591,1609,4200
2579,1621,4200
2543,1657,4200
2531,1669,4200
2503,1697,4200
2477,1723,4200
2467,1733,4200
2459,1741,4200
2447,1753,4200
2441,1759,4200
2423,1777,4200
2417,1783,4200
2411,1789,4200
2399,1801,4200
2389,1811,4200
2377,1823,4200
2339,1861,4200
2333,1867,4200
2311,1889,4200
2293,1907,4200
2287,1913,4200
2269,1931,4200
2267,1933,4200
2251,1949,4200
2221,1979,4200
2213,1987,4200
2207,1993,4200
2203,1997,4200
2161,2039,4200
2137,2063,4200
2131,2069,4200
2113,2087,4200
2111,2089,4200
4159,43,4202
4129,73,4202
4099,103,4202
4093,109,4202
4051,151,4202
4021,181,4202
4003,199,4202
3931,271,4202
3919,283,4202
3889,313,4202
3853,349,4202
3823,379,4202
3793,409,4202
3769,433,4202
3739,463,4202
3631,571,4202
3583,619,4202
3571,631,4202
3559,643,4202
3541,661,4202
3529,673,4202
3511,691,4202
3469,733,4202
3463,739,4202
3433,769,4202
3391,811,4202
3373,829,4202
3343,859,4202
3319,883,4202
3181,1021,4202
3169,1033,4202
3163,1039,4202
3109,1093,4202
3079,1123,4202
3049,1153,4202
3001,1201,4202
2971,1231,4202
2953,1249,4202
2803,1399,4202
2749,1453,4202
2731,1471,4202
2719,1483,4202
2713,1489,4202
2671,1531,4202
2659,1543,4202
2593,1609,4202
2539,1663,4202
2503,1699,4202
2371,1831,4202
2341,1861,4202
2269,1933,4202
2251,1951,4202
2203,1999,4202
2113,2089,4202
4201,3,4204
4157,47,4204
4133,71,4204
4091,113,4204
4073,131,4204
4013,191,4204
4007,197,4204
3947,257,4204
3923,281,4204
3911,293,4204
3851,353,4204
3821,383,4204
3803,401,4204
3761,443,4204
3701,503,4204
3617,587,4204
3557,647,4204
3527,677,4204
3461,743,4204
3407,797,4204
3347,857,4204
3323,881,4204
3257,947,4204
3251,953,4204
3221,983,4204
3191,1013,4204
3041,1163,4204
3023,1181,4204
3011,1193,4204
2927,1277,4204
2903,1301,4204
2897,1307,4204
2843,1361,4204
2837,1367,4204
2777,1427,4204
2753,1451,4204
2711,1493,4204
2693,1511,4204
2633,1571,4204
2621,1583,4204
2591,1613,4204
2417,1787,4204
2393,1811,4204
2381,1823,4204
2357,1847,4204
2333,1871,4204
2297,1907,4204
2273,1931,4204
2207,1997,4204
2141,2063,4204
4201,5,4206
4177,29,4206
4159,47,4206
4153,53,4206
4139,67,4206
4133,73,4206
4127,79,4206
4099,107,4206
4093,113,4206
4079,127,4206
4057,149,4206
4049,157,4206
4027,179,4206
4013,193,4206
4007,199,4206
3967,239,4206
3943,263,4206
3929,277,4206
3923,283,4206
3889,317,4206
3853,353,4206
3847,359,4206
3833,373,4206
3823,383,4206
3797,409,4206
3767,439,4206
3739,467,4206
3727,479,4206
3719,487,4206
3697,509,4206
3659,547,4206
3643,563,4206
3637,569,4206
3613,593,4206
3607,599,4206
3593,613,4206
3559,647,4206
3547,659,4206
3533,673,4206
3529,677,4206
3467,739,4206
3463,743,4206
3449,757,4206
3433,773,4206
3347,859,4206
3343,863,4206
3329,877,4206
3323,883,4206
3319,887,4206
3299,907,4206
3259,947,4206
3253,953,4206
3229,977,4206
3209,997,4206
3187,1019,4206
3167,1039,4206
3137,1069,4206
3119,1087,4206
3109,1097,4206
3089,1117,4206
3083,1123,4206
3019,1187,4206
2969,1237,4206
2957,1249,4206
2927,1279,4206
2917,1289,4206
2909,1297,4206
2903,1303,4206
2887,1319,4206
2879,1327,4206
2833,1373,4206
2797,1409,4206
2777,1429,4206
2767,1439,4206
2753,1453,4206
2719,1487,4206
2713,1493,4206
2707,1499,4206
2683,1523,4206
2663,1543,4206
2657,1549,4206
2647,1559,4206
2609,1597,4206
2593,1613,4206
2579,1627,4206
2549,1657,4206
2543,1663,4206
2539,1667,4206
2473,1733,4206
2459,1747,4206
2447,1759,4206
2423,1783,4206
2417,1789,4206
2383,1823,4206
2339,1867,4206
2333,1873,4206
2293,1913,4206
2273,1933,4206
2213,1993,4206
2207,1999,4206
2203,2003,4206
2179,2027,4206
2153,2053,4206
2143,2063,4206
2137,2069,4206
4201,7,4208
4177,31,4208
4129,79,4208
4111,97,4208
4099,109,4208
4057,151,4208
4051,157,4208
4027,181,4208
3967,241,4208
3931,277,4208
3877,331,4208
3769,439,4208
3709,499,4208
3637,571,4208
3631,577,4208
3607,601,4208
3547,661,4208
3517,691,4208
3499,709,4208
3469,739,4208
3457,751,4208
3331,877,4208
3301,907,4208
3271,937,4208
3217,991,4208
3187,1021,4208
3169,1039,4208
3121,1087,4208
3079,1129,4208
3037,1171,4208
2971,1237,4208
2917,1291,4208
2887,1321,4208
2749,1459,4208
2719,1489,4208
2677,1531,4208
2659,1549,4208
2551,1657,4208
2539,1669,4208
2467,1741,4208
2377,1831,4208
2347,1861,4208
2341,1867,4208
2221,1987,4208
2179,2029,4208
4157,53,4210
4139,71,4210
4127,83,4210
4079,131,4210
4073,137,4210
4019,191,4210
4013,197,4210
3947,263,4210
3929,281,4210
3917,293,4210
3863,347,4210
3851,359,4210
3821,389,4210
3779,431,4210
3767,443,4210
3761,449,4210
3719,491,4210
3701,509,4210
3623,587,4210
3617,593,4210
3593,617,4210
3557,653,4210
3533,677,4210
3527,683,4210
3491,719,4210
3467,743,4210
3449,761,4210
3413,797,4210
3389,821,4210
3371,839,4210
3347,863,4210
3329,881,4210
3323,887,4210
3299,911,4210
3257,953,4210
3191,1019,4210
3119,1091,4210
3023,1187,4210
2927,1283,4210
2909,1301,4210
2903,1307,4210
2843,1367,4210
2837,1373,4210
2801,1409,4210
2777,1433,4210
2729,1481,4210
2711,1499,4210
2699,1511,4210
2687,1523,4210
2657,1553,4210
2609,1601,4210
2591,1619,4210
2543,1667,4210
2477,1733,4210
2423,1787,4210
2399,1811,4210
2339,1871,4210
2333,1877,4210
2309,1901,4210
2297,1913,4210
2237,1973,4210
2213,1997,4210
2207,2003,4210
2141,2069,4210
2129,2081,4210
2111,2099,4210
4201,11,4212
4159,53,4212
4153,59,4212
4139,73,4212
4133,79,4212
4129,83,4212
4111,101,4212
4099,113,4212
4073,139,4212
4049,163,4212
4021,191,4212
4019,193,4212
4013,199,4212
4001,211,4212
3989,223,4212
3943,269,4212
3931,281,4212
3929,283,4212
3919,293,4212
3881,331,4212
3863,349,4212
3853,359,4212
3833,379,4212
3823,389,4212
3803,409,4212
3793,419,4212
3779,433,4212
3769,443,4212
3733,479,4212
3709,503,4212
3691,521,4212
3671,541,4212
3643,569,4212
3613,599,4212
3593,619,4212
3581,631,4212
3571,641,4212
3559,653,4212
3539,673,4212
3529,683,4212
3511,701,4212
3469,743,4212
3461,751,4212
3391,821,4212
3389,823,4212
3373,839,4212
3359,853,4212
3331,881,4212
3329,883,4212
3301,911,4212
3271,941,4212
3259,953,4212
3229,983,4212
3221,991,4212
3203,1009,4212
3191,1021,4212
3181,1031,4212
3163,1049,4212
3121,1091,4212
3119,1093,4212
3109,1103,4212
3089,1123,4212
3083,1129,4212
3061,1151,4212
3049,1163,4212
3041,1171,4212
3019,1193,4212
3011,1201,4212
2999,1213,4212
2963,1249,4212
2953,1259,4212
2909,1303,4212
2851,1361,4212
2803,1409,4212
2789,1423,4212
2753,1459,4212
2741,1471,4212
2731,1481,4212
2729,1483,4212
2719,1493,4212
2713,1499,4212
2689,1523,4212
2663,1549,4212
2659,1553,4212
2633,1579,4212
2593,1619,4212
2591,1621,4212
2549,1663,4212
2543,1669,4212
2503,1709,4212
2459,1753,4212
2423,1789,4212
2411,1801,4212
2389,1823,4212
2381,1831,4212
2351,1861,4212
2341,1871,4212
2339,1873,4212
2333,1879,4212
2311,1901,4212
2281,1931,4212
2239,1973,4212
2213,1999,4212
2143,2069,4212
2131,2081,4212
2129,2083,4212
2113,2099,4212
4211,3,4214
4201,13,4214
4177,37,4214
4153,61,4214
4111,103,4214
4057,157,4214
4051,163,4214
4021,193,4214
4003,211,4214
3943,271,4214
3931,283,4214
3907,307,4214
3877,337,4214
3847,367,4214
3793,421,4214
3727,487,4214
3691,523,4214
3673,541,4214
3643,571,4214
3637,577,4214
3613,601,4214
3607,607,4214
3583,631,4214
3571,643,4214
3541,673,4214
3463,751,4214
3457,757,4214
3391,823,4214
3361,853,4214
3331,883,4214
3307,907,4214
3217,997,4214
3181,1033,4214
3163,1051,4214
3121,1093,4214
3061,1153,4214
3001,1213,4214
2917,1297,4214
2887,1327,4214
2833,1381,4214
2791,1423,4214
2767,1447,4214
2731,1483,4214
2683,1531,4214
2671,1543,4214
2647,1567,4214
2617,1597,4214
2593,1621,4214
2557,1657,4214
2551,1663,4214
2521,1693,4214
2473,1741,4214
2467,1747,4214
2437,1777,4214
2383,1831,4214
2347,1867,4214
2341,1873,4214
2281,1933,4214
2221,1993,4214
2203,2011,4214
2161,2053,4214
2131,2083,4214
4211,5,4216
4157,59,4216
4133,83,4216
4127,89,4216
4079,137,4216
4049,167,4216
4019,197,4216
3989,227,4216
3947,269,4216
3923,293,4216
3863,353,4216
3833,383,4216
3797,419,4216
3767,449,4216
3659,557,4216
3623,593,4216
3617,599,4216
3557,659,4216
3539,677,4216
3533,683,4216
3407,809,4216
3389,827,4216
3359,857,4216
3329,887,4216
3203,1013,4216
3167,1049,4216
3119,1097,4216
3023,1193,4216
2999,1217,4216
2957,1259,4216
2939,1277,4216
2927,1289,4216
2909,1307,4216
2897,1319,4216
2843,1373,4216
2789,1427,4216
2777,1439,4216
2729,1487,4216
2693,1523,4216
2663,1553,4216
2657,1559,4216
2633,1583,4216
2609,1607,4216
2579,1637,4216
2549,1667,4216
2393,1823,4216
2339,1877,4216
2309,1907,4216
2267,1949,4216
2243,1973,4216
2237,1979,4216
2213,2003,4216
2153,2063,4216
2129,2087,4216
4211,7,4218
4201,17,4218
4177,41,4218
4159,59,4218
4157,61,4218
4139,79,4218
4129,89,4218
4111,107,4218
4091,127,4218
4079,139,4218
4051,167,4218
4027,191,4218
4021,197,4218
4019,199,4218
4007,211,4218
3989,229,4218
3967,251,4218
3947,271,4218
3911,307,4218
3907,311,4218
3881,337,4218
3851,367,4218
3821,397,4218
3797,421,4218
3779,439,4218
3769,449,4218
3761,457,4218
3739,479,4218
3727,491,4218
3719,499,4218
3709,509,4218
3697,521,4218
3677,541,4218
3671,547,4218
3631,587,4218
3617,601,4218
3571,647,4218
3559,659,4218
3557,661,4218
3541,677,4218
3527,691,4218
3517,701,4218
3499,719,4218
3491,727,4218
3467,751,4218
3461,757,4218
3457,761,4218
3449,769,4218
3407,811,4218
3391,827,4218
3389,829,4218
3361,857,4218
3359,859,4218
3331,887,4218
3307,911,4218
3299,919,4218
3271,947,4218
3251,967,4218
3221,997,4218
3209,1009,4218
3187,1031,4218
3169,1049,4218
3167,1051,4218
3121,1097,4218
3109,1109,4218
3089,1129,4218
3067,1151,4218
3037,1181,4218
3001,1217,4218
2969,1249,4218
2939,1279,4218
2927,1291,4218
2917,1301,4218
2897,1321,4218
2857,1361,4218
2851,1367,4218
2837,1381,4218
2819,1399,4218
2791,1427,4218
2789,1429,4218
2767,1451,4218
2731,1487,4218
2729,1489,4218
2719,1499,4218
2707,1511,4218
2687,1531,4218
2659,1559,4218
2647,1571,4218
2621,1597,4218
2617,1601,4218
2609,1609,4218
2591,1627,4218
2551,1667,4218
2549,1669,4218
2521,1697,4218
2477,1741,4218
2459,1759,4218
2441,1777,4218
2417,1801,4218
2371,1847,4218
2357,1861,4218
2351,1867,4218
2347,1871,4218
2341,1877,4218
2339,1879,4218
2311,1907,4218
2287,1931,4218
2269,1949,4218
2267,1951,4218
2239,1979,4218
2221,1997,4218
2207,2011,4218
2179,2039,4218
2137,2081,4218
2131,2087,4218
2129,2089,4218
4217,3,4220
4201,19,4220
4177,43,4220
4159,61,4220
4153,67,4220
4111,109,4220
4093,127,4220
4057,163,4220
4027,193,4220
4021,199,4220
3943,277,4220
3907,313,4220
3889,331,4220
3853,367,4220
3847,373,4220
3823,397,4220
3733,487,4220
3697,523,4220
3673,547,4220
3643,577,4220
3613,607,4220
3607,613,4220
3559,661,4220
3547,673,4220
3529,691,4220
3511,709,4220
3469,751,4220
3463,757,4220
3433,787,4220
3391,829,4220
3361,859,4220
3343,877,4220
3313,907,4220
3301,919,4220
3253,967,4220
3229,991,4220
3187,1033,4220
3181,1039,4220
3169,1051,4220
3067,1153,4220
3049,1171,4220
3019,1201,4220
2971,1249,4220
2917,1303,4220
2797,1423,4220
2791,1429,4220
2767,1453,4220
2749,1471,4220
2731,1489,4220
2689,1531,4220
2677,1543,4220
2671,1549,4220
2593,1627,4220
2557,1663,4220
2551,1669,4220
2521,1699,4220
2473,1747,4220
2467,1753,4220
2437,1783,4220
2389,1831,4220
2347,1873,4220
2341,1879,4220
2287,1933,4220
2269,1951,4220
2221,1999,4220
2203,2017,4220
2137,2083,4220
2131,2089,4220
4219,3,4222
4217,5,4222
4211,11,4222
4139,83,4222
4133,89,4222
4091,131,4222
4073,149,4222
4049,173,4222
3989,233,4222
3929,293,4222
3911,311,4222
3863,359,4222
3833,389,4222
3821,401,4222
3803,419,4222
3779,443,4222
3761,461,4222
3719,503,4222
3701,521,4222
3659,563,4222
3623,599,4222
3581,641,4222
3539,683,4222
3461,761,4222
3449,773,4222
3413,809,4222
3359,863,4222
3251,971,4222
3209,1013,4222
3203,1019,4222
3191,1031,4222
3119,1103,4222
3041,1181,4222
2999,1223,4222
2963,1259,4222
2939,1283,4222
2903,1319,4222
2861,1361,4222
2789,1433,4222
2741,1481,4222
2729,1493,4222
2711,1511,4222
2699,1523,4222
2663,1559,4222
2621,1601,4222
2609,1613,4222
2411,1811,4222
2399,1823,4222
2351,1871,4222
2333,1889,4222
2309,1913,4222
2273,1949,4222
2243,1979,4222
2153,2069,4222
2141,2081,4222
2111,2111,4222
4219,5,4224
4217,7,4224
4211,13,4224
4201,23,4224
4177,47,4224
4157,67,4224
4153,71,4224
4127,97,4224
4111,113,4224
4093,131,4224
4073,151,4224
4057,167,4224
4051,173,4224
4027,197,4224
4013,211,4224
4001,223,4224
3967,257,4224
3947,277,4224
3943,281,4224
3931,293,4224
3917,307,4224
3911,313,4224
3907,317,4224
3877,347,4224
3851,373,4224
3823,401,4224
3803,421,4224
3793,431,4224
3767,457,4224
3761,463,4224
3733,491,4224
3701,523,4224
3677,547,4224
3637,587,4224
3631,593,4224
3623,601,4224
3617,607,4224
3607,617,4224
3593,631,4224
3583,641,4224
3581,643,4224
3571,653,4224
3547,677,4224
3541,683,4224
3533,691,4224
3491,733,4224
3467,757,4224
3463,761,4224
3413,811,4224
3371,853,4224
3361,863,4224
3347,877,4224
3343,881,4224
3313,911,4224
3271,953,4224
3257,967,4224
3253,971,4224
3203,1021,4224
3191,1033,4224
3163,1061,4224
3137,1087,4224
3121,1103,4224
3061,1163,4224
3037,1187,4224
3023,1201,4224
3011,1213,4224
3001,1223,4224
2927,1297,4224
2917,1307,4224
2903,1321,4224
2897,1327,4224
2857,1367,4224
2851,1373,4224
2843,1381,4224
2801,1423,4224
2797,1427,4224
2791,1433,4224
2777,1447,4224
2753,1471,4224
2741,1483,4224
2731,1493,4224
2713,1511,4224
2693,1531,4224
2671,1553,4224
2657,1567,4224
2617,1607,4224
2557,1667,4224
2531,1693,4224
2503,1721,4224
2477,1747,4224
2447,1777,4224
2441,1783,4224
2437,1787,4224
2423,1801,4224
2393,1831,4224
2377,1847,4224
2357,1867,4224
2351,1873,4224
2347,1877,4224
2311,1913,4224
2293,1931,4224
2273,1951,4224
2251,1973,4224
2237,1987,4224
2221,2003,4224
2213,2011,4224
2207,2017,4224
2161,2063,4224
2143,2081,4224
2141,2083,4224
2137,2087,4224
2113,2111,4224
4219,7,4226
4159,67,4226
4153,73,4226
4129,97,4226
4099,127,4226
4027,199,4226
4003,223,4226
3943,283,4226
3919,307,4226
3889,337,4226
3877,349,4226
3853,373,4226
3847,379,4226
3793,433,4226
3769,457,4226
3739,487,4226
3727,499,4226
3613,613,4226
3607,619,4226
3583,643,4226
3517,709,4226
3499,727,4226
3469,757,4226
3457,769,4226
3373,853,4226
3343,883,4226
3319,907,4226
3307,919,4226
3259,967,4226
3229,997,4226
3217,1009,4226
3187,1039,4226
3163,1063,4226
3109,1117,4226
2803,1423,4226
2797,1429,4226
2767,1459,4226
2683,1543,4226
2677,1549,4226
2659,1567,4226
2647,1579,4226
2617,1609,4226
2557,1669,4226
2503,1723,4226
2473,1753,4226
2467,1759,4226
2437,1789,4226
2347,1879,4226
2293,1933,4226
2239,1987,4226
2143,2083,4226
2137,2089,4226
2113,2113,4226
4217,11,4228
4211,17,4228
4157,71,4228
4139,89,4228
4127,101,4228
4091,137,4228
4079,149,4228
4049,179,4228
4001,227,4228
3989,239,4228
3947,281,4228
3917,311,4228
3911,317,4228
3881,347,4228
3797,431,4228
3779,449,4228
3767,461,4228
3761,467,4228
3719,509,4228
3671,557,4228
3659,569,4228
3581,647,4228
3527,701,4228
3467,761,4228
3407,821,4228
3389,839,4228
3371,857,4228
3347,881,4228
3299,929,4228
3257,971,4228
3251,977,4228
3209,1019,4228
3167,1061,4228
3137,1091,4228
3119,1109,4228
3041,1187,4228
3011,1217,4228
2999,1229,4228
2969,1259,4228
2939,1289,4228
2927,1301,4228
2909,1319,4228
2861,1367,4228
2819,1409,4228
2801,1427,4228
2789,1439,4228
2777,1451,4228
2741,1487,4228
2729,1499,4228
2657,1571,4228
2621,1607,4228
2609,1619,4228
2591,1637,4228
2531,1697,4228
2441,1787,4228
2417,1811,4228
2381,1847,4228
2357,1871,4228
2351,1877,4228
2339,1889,4228
2297,1931,4228
2141,2087,4228
2129,2099,4228
4219,11,4230
4217,13,4230
4211,19,4230
4201,29,4230
4177,53,4230
4159,71,4230
4157,73,4230
4133,97,4230
4129,101,4230
4127,103,4230
4099,131,4230
4093,137,4230
4091,139,4230
4079,151,4230
4073,157,4230
4057,173,4230
4051,179,4230
4049,181,4230
4019,211,4230
4007,223,4230
4003,227,4230
4001,229,4230
3989,241,4230
3967,263,4230
3947,283,4230
3923,307,4230
3919,311,4230
3917,313,4230
3881,349,4230
3877,353,4230
3863,367,4230
3851,379,4230
3847,383,4230
3833,397,4230
3821,409,4230
3797,433,4230
3769,461,4230
3767,463,4230
3739,491,4230
3727,503,4230
3709,521,4230
3673,557,4230
3659,571,4230
3643,587,4230
3637,593,4230
3631,599,4230
3623,607,4230
3617,613,4230
3613,617,4230
3583,647,4230
3571,659,4230
3557,673,4230
3547,683,4230
3539,691,4230
3529,701,4230
3511,719,4230
3491,739,4230
3469,761,4230
3461,769,4230
3457,773,4230
3433,797,4230
3407,823,4230
3391,839,4230
3373,857,4230
3371,859,4230
3347,883,4230
3343,887,4230
3323,907,4230
3319,911,4230
3301,929,4230
3259,971,4230
3253,977,4230
3221,1009,4230
3217,1013,4230
3209,1021,4230
3191,1039,4230
3181,1049,4230
3169,1061,4230
3167,1063,4230
3137,1093,4230
3121,1109,4230
3079,1151,4230
3067,1163,4230
3049,1181,4230
3037,1193,4230
3001,1229,4230
2999,1231,4230
2971,1259,4230
2953,1277,4230
2939,1291,4230
2927,1303,4230
2909,1321,4230
2903,1327,4230
2857,1373,4230
2803,1427,4230
2801,1429,4230
2797,1433,4230
2791,1439,4230
2777,1453,4230
2749,1481,4230
2741,1489,4230
2731,1499,4230
2719,1511,4230
2707,1523,4230
2699,1531,4230
2687,1543,4230
2677,1553,4230
2671,1559,4230
2663,1567,4230
2659,1571,4230
2647,1583,4230
2633,1597,4230
2621,1609,4230
2617,1613,4230
2609,1621,4230
2593,1637,4230
2531,1699,4230
2521,1709,4230
2477,1753,4230
2447,1783,4230
2441,1789,4230
2399,1831,4230
2383,1847,4230
2357,1873,4230
2351,1879,4230
2341,1889,4230
2297,1933,4230
2281,1949,4230
2251,1979,4230
2243,1987,4230
2237,1993,4230
2213,2017,4230
2203,2027,4230
2161,2069,4230
2143,2087,4230
2141,2089,4230
2131,2099,4230
4229,3,4232
4219,13,4232
4201,31,4232
4159,73,4232
4153,79,4232
4129,103,4232
4093,139,4232
4051,181,4232
4021,211,4232
4003,229,4232
3919,313,4232
3853,379,4232
3823,409,4232
3793,439,4232
3769,463,4232
3733,499,4232
3709,523,4232
3691,541,4232
3631,601,4232
3613,619,4232
3571,661,4232
3559,673,4232
3541,691,4232
3499,733,4232
3463,769,4232
3373,859,4232
3313,919,4232
3181,1051,4232
3169,1063,4232
3163,1069,4232
3109,1123,4232
3079,1153,4232
3061,1171,4232
3019,1213,4232
3001,1231,4232
2953,1279,4232
2851,1381,4232
2833,1399,4232
2803,1429,4232
2749,1483,4232
2689,1543,4232
2683,1549,4232
2539,1693,4232
2473,1759,4232
2371,1861,4232
2281,1951,4232
2239,1993,4232
2221,2011,4232
2203,2029,4232
2179,2053,4232
2143,2089,4232
4231,3,4234
4229,5,4234
4217,17,4234
4211,23,4234
4133,101,4234
4127,107,4234
4007,227,4234
4001,233,4234
3923,311,4234
3917,317,4234
3881,353,4234
3851,383,4234
3833,401,4234
3803,431,4234
3767,467,4234
3677,557,4234
3671,563,4234
3617,617,4234
3593,641,4234
3581,653,4234
3557,677,4234
3533,701,4234
3491,743,4234
3461,773,4234
3413,821,4234
3407,827,4234
3371,863,4234
3347,887,4234
3323,911,4234
3257,977,4234
3251,983,4234
3221,1013,4234
3203,1031,4234
3137,1097,4234
3083,1151,4234
3041,1193,4234
3011,1223,4234
2957,1277,4234
2927,1307,4234
2861,1373,4234
2801,1433,4234
2753,1481,4234
2741,1493,4234
2711,1523,4234
2663,1571,4234
2633,1601,4234
2621,1613,4234
2447,1787,4234
2423,1811,4234
2411,1823,4234
2357,1877,4234
2333,1901,4234
2237,1997,4234
2207,2027,4234
2153,2081,4234
4231,5,4236
4229,7,4236
4219,17,4236
4217,19,4236
4177,59,4236
4157,79,4236
4153,83,4236
4139,97,4236
4133,103,4236
4129,107,4236
4127,109,4236
4099,137,4236
4079,157,4236
4073,163,4236
4057,179,4236
4013,223,4236
4007,229,4236
4003,233,4236
3967,269,4236
3943,293,4236
3929,307,4236
3923,313,4236
3919,317,4236
3889,347,4236
3877,359,4236
3863,373,4236
3853,383,4236
3847,389,4236
3803,433,4236
3797,439,4236
3793,443,4236
3779,457,4236
3769,467,4236
3733,503,4236
3727,509,4236
3673,563,4236
3659,577,4236
3643,593,4236
3637,599,4236
3623,613,4236
3617,619,4236
3593,643,4236
3583,653,4236
3559,677,4236
3527,709,4236
3517,719,4236
3467,769,4236
3463,773,4236
3449,787,4236
3413,823,4236
3407,829,4236
3373,863,4236
3359,877,4236
3329,907,4236
3307,929,4236
3299,937,4236
3259,977,4236
3253,983,4236
3217,1019,4236
3203,1033,4236
3187,1049,4236
3167,1069,4236
3119,1117,4236
3083,1153,4236
3049,1187,4236
3023,1213,4236
3019,1217,4236
2999,1237,4236
2957,1279,4236
2953,1283,4236
2939,1297,4236
2917,1319,4236
2909,1327,4236
2837,1399,4236
2803,1433,4236
2797,1439,4236
2789,1447,4236
2777,1459,4236
2753,1483,4236
2749,1487,4236
2713,1523,4236
2693,1543,4236
2687,1549,4236
2683,1553,4236
2677,1559,4236
2657,1579,4236
2617,1619,4236
2609,1627,4236
2579,1657,4236
2543,1693,4236
2539,1697,4236
2503,1733,4236
2477,1759,4236
2459,1777,4236
2447,1789,4236
2389,1847,4236
2357,1879,4236
2347,1889,4236
2287,1949,4236
2243,1993,4236
2239,1997,4236
2237,1999,4236
2207,2029,4236
2153,2083,4236
2137,2099,4236
4231,7,4238
4219,19,4238
4201,37,4238
4177,61,4238
4159,79,4238
4129,109,4238
4111,127,4238
4099,139,4238
4057,181,4238
4027,211,4238
3967,271,4238
3931,307,4238
3907,331,4238
3889,349,4238
3739,499,4238
3697,541,4238
3691,547,4238
3637,601,4238
3631,607,4238
3607,631,4238
3547,691,4238
3529,709,4238
3511,727,4238
3499,739,4238
3469,769,4238
3361,877,4238
3331,907,4238
3319,919,4238
3301,937,4238
3271,967,4238
3229,1009,4238
3217,1021,4238
3187,1051,4238
3169,1069,4238
3121,1117,4238
3109,1129,4238
3067,1171,4238
3037,1201,4238
3001,1237,4238
2917,1321,4238
2857,1381,4238
2791,1447,4238
2767,1471,4238
2749,1489,4238
2707,1531,4238
2689,1549,4238
2671,1567,4238
2659,1579,4238
2617,1621,4238
2539,1699,4238
2437,1801,4238
2377,1861,4238
2371,1867,4238
2287,1951,4238
2251,1987,4238
2239,1999,4238
2221,2017,4238
4229,11,4240
4217,23,4240
4211,29,4240
4157,83,4240
4139,101,4240
4133,107,4240
4127,113,4240
4091,149,4240
4073,167,4240
4049,191,4240
4013,227,4240
4007,233,4240
4001,239,4240
3989,251,4240
3947,293,4240
3929,311,4240
3923,317,4240
3881,359,4240
3851,389,4240
3821,419,4240
3797,443,4240
3779,461,4240
3761,479,4240
3719,521,4240
3677,563,4240
3671,569,4240
3623,617,4240
3593,647,4240
3581,659,4240
3557,683,4240
3539,701,4240
3467,773,4240
3413,827,4240
3359,881,4240
3329,911,4240
3299,941,4240
3257,983,4240
3221,1019,4240
3209,1031,4240
3191,1049,4240
3137,1103,4240
3089,1151,4240
3023,1217,4240
3011,1229,4240
2963,1277,4240
2957,1283,4240
2939,1301,4240
2879,1361,4240
2801,1439,4240
2789,1451,4240
2753,1487,4240
2741,1499,4240
2729,1511,4240
2687,1553,4240
2657,1583,4240
2633,1607,4240
2621,1619,4240
2543,1697,4240
2531,1709,4240
2417,1823,4240
2393,1847,4240
2351,1889,4240
2339,1901,4240
2333,1907,4240
2309,1931,4240
2267,1973,4240
2243,1997,4240
2237,2003,4240
2213,2027,4240
2153,2087,4240
2141,2099,4240
2129,2111,4240
4231,11,4242
4229,13,4242
4219,23,4242
4211,31,4242
4201,41,4242
4159,83,4242
4153,89,4242
4139,103,4242
4133,109,4242
4129,113,4242
4111,131,4242
4093,149,4242
4091,151,4242
4079,163,4242
4051,191,4242
4049,193,4242
4019,223,4242
4013,229,4242
4003,239,4242
4001,241,4242
3931,311,4242
3929,313,4242
3911,331,4242
3889,353,4242
3863,379,4242
3853,389,4242
3833,409,4242
3823,419,4242
3821,421,4242
3803,439,4242
3793,449,4242
3779,463,4242
3739,503,4242
3733,509,4242
3719,523,4242
3701,541,4242
3673,569,4242
3671,571,4242
3643,599,4242
3623,619,4242
3583,659,4242
3581,661,4242
3559,683,4242
3541,701,4242
3533,709,4242
3499,743,4242
3491,751,4242
3469,773,4242
3433,809,4242
3413,829,4242
3389,853,4242
3361,881,4242
3359,883,4242
3331,911,4242
3323,919,4242
3313,929,4242
3301,941,4242
3271,971,4242
3259,983,4242
3251,991,4242
3229,1013,4242
3221,1021,4242
3209,1033,4242
3203,1039,4242
3191,1051,4242
3181,1061,4242
3119,1123,4242
3089,1153,4242
3079,1163,4242
3061,1181,4242
3049,1193,4242
3041,1201,4242
3019,1223,4242
3011,1231,4242
2963,1279,4242
2953,1289,4242
2939,1303,4242
2861,1381,4242
2843,1399,4242
2833,1409,4242
2819,1423,4242
2803,1439,4242
2791,1451,4242
2789,1453,4242
2753,1489,4242
2749,1493,4242
2731,1511,4242
2719,1523,4242
2711,1531,4242
2699,1543,4242
2693,1549,4242
2689,1553,4242
2683,1559,4242
2671,1571,4242
2663,1579,4242
2659,1583,4242
2633,1609,4242
2621,1621,4242
2579,1663,4242
2549,1693,4242
2543,1699,4242
2521,1721,4242
2459,1783,4242
2441,1801,4242
2411,1831,4242
2381,1861,4242
2371,1871,4242
2341,1901,4242
2311,1931,4242
2309,1933,4242
2293,1949,4242
2269,1973,4242
2243,1999,4242
2239,2003,4242
2213,2029,4242
2203,2039,4242
2179,2063,4242
2161,2081,4242
2153,2089,4242
2143,2099,4242
2131,2111,4242
2129,2113,4242
4241,3,4244
4231,13,4244
4201,43,4244
4177,67,4244
4093,151,4244
4051,193,4244
4021,223,4244
4003,241,4244
3967,277,4244
3931,313,4244
3907,337,4244
3877,367,4244
3847,397,4244
3823,421,4244
3697,547,4244
3673,571,4244
3643,601,4244
3637,607,4244
3631,613,4244
3613,631,4244
3583,661,4244
3571,673,4244
3517,727,4244
3511,733,4244
3457,787,4244
3433,811,4244
3391,853,4244
3361,883,4244
3307,937,4244
3253,991,4244
3181,1063,4244
3121,1123,4244
2953,1291,4244
2917,1327,4244
2797,1447,4244
2791,1453,4244
2713,1531,4244
2677,1567,4244
2647,1597,4244
2617,1627,4244
2551,1693,4244
2521,1723,4244
2503,1741,4244
2467,1777,4244
2383,1861,4244
2377,1867,4244
2371,1873,4244
2311,1933,4244
2293,1951,4244
2251,1993,4244
2161,2083,4244
2131,2113,4244
4243,3,4246
4241,5,4246
4229,17,4246
4217,29,4246
4157,89,4246
4139,107,4246
4133,113,4246
4079,167,4246
4073,173,4246
4049,197,4246
4019,227,4246
4013,233,4246
4007,239,4246
3989,257,4246
3929,317,4246
3863,383,4246
3803,443,4246
3797,449,4246
3779,467,4246
3767,479,4246
3677,569,4246
3659,587,4246
3593,653,4246
3527,719,4246
3449,797,4246
3407,839,4246
3389,857,4246
3359,887,4246
3299,947,4246
3137,1109,4246
3083,1163,4246
3023,1223,4246
2969,1277,4246
2963,1283,4246
2957,1289,4246
2939,1307,4246
2927,1319,4246
2879,1367,4246
2837,1409,4246
2819,1427,4246
2753,1493,4246
2693,1553,4246
2687,1559,4246
2663,1583,4246
2633,1613,4246
2609,1637,4246
2579,1667,4246
2549,1697,4246
2459,1787,4246
2423,1823,4246
2399,1847,4246
2357,1889,4246
2339,1907,4246
2333,1913,4246
2297,1949,4246
2273,1973,4246
2267,1979,4246
2243,2003,4246
2207,2039,4246
4243,5,4248
4241,7,4248
4231,17,4248
4229,19,4248
4219,29,4248
4217,31,4248
4211,37,4248
4201,47,4248
4177,71,4248
4159,89,4248
4139,109,4248
4111,137,4248
4099,149,4248
4091,157,4248
4057,191,4248
4051,197,4248
4049,199,4248
4021,227,4248
4019,229,4248
4007,241,4248
3967,281,4248
3931,317,4248
3917,331,4248
3911,337,4248
3889,359,4248
3881,367,4248
3851,397,4248
3847,401,4248
3769,479,4248
3761,487,4248
3739,509,4248
3727,521,4248
3701,547,4248
3691,557,4248
3677,571,4248
3671,577,4248
3631,617,4248
3617,631,4248
3607,641,4248
3571,677,4248
3557,691,4248
3547,701,4248
3539,709,4248
3529,719,4248
3491,757,4248
3461,787,4248
3391,857,4248
3389,859,4248
3371,877,4248
3361,887,4248
3329,919,4248
3319,929,4248
3307,941,4248
3301,947,4248
3271,977,4248
3257,991,4248
3251,997,4248
3229,1019,4248
3217,1031,4248
3209,1039,4248
3187,1061,4248
3119,1129,4248
3067,1181,4248
3061,1187,4248
3019,1229,4248
3011,1237,4248
2999,1249,4248
2971,1277,4248
2969,1279,4248
2957,1291,4248
2927,1321,4248
2887,1361,4248
2819,1429,4248
2801,1447,4248
2797,1451,4248
2789,1459,4248
2777,1471,4248
2767,1481,4248
2749,1499,4248
2699,1549,4248
2689,1559,4248
2677,1571,4248
2647,1601,4248
2621,1627,4248
2591,1657,4248
2579,1669,4248
2551,1697,4248
2549,1699,4248
2539,1709,4248
2459,1789,4248
2447,1801,4248
2437,1811,4248
2417,1831,4248
2381,1867,4248
2377,1871,4248
2371,1877,4248
2347,1901,4248
2341,1907,4248
2297,1951,4248
2269,1979,4248
2251,1997,4248
2237,2011,4248
2221,2027,4248
2179,2069,4248
2161,2087,4248
2137,2111,4248
4243,7,4250
4231,19,4250
4219,31,4250
4177,73,4250
4153,97,4250
4111,139,4250
4099,151,4250
4093,157,4250
4057,193,4250
4051,199,4250
4027,223,4250
4021,229,4250
3967,283,4250
3943,307,4250
3919,331,4250
3877,373,4250
3853,397,4250
3793,457,4250
3727,523,4250
3709,541,4250
3673,577,4250
3643,607,4250
3637,613,4250
3631,619,4250
3607,643,4250
3559,691,4250
3541,709,4250
3517,733,4250
3511,739,4250
3499,751,4250
3463,787,4250
3391,859,4250
3373,877,4250
3343,907,4250
3331,919,4250
3313,937,4250
3259,991,4250
3253,997,4250
3229,1021,4250
3217,1033,4250
3187,1063,4250
3181,1069,4250
3163,1087,4250
3121,1129,4250
3079,1171,4250
3049,1201,4250
3037,1213,4250
3019,1231,4250
3001,1249,4250
2971,1279,4250
2953,1297,4250
2851,1399,4250
2803,1447,4250
2797,1453,4250
2791,1459,4250
2767,1483,4250
2719,1531,4250
2707,1543,4250
2683,1567,4250
2671,1579,4250
2593,1657,4250
2557,1693,4250
2551,1699,4250
2503,1747,4250
2473,1777,4250
2467,1783,4250
2389,1861,4250
2383,1867,4250
2377,1873,4250
2371,1879,4250
2251,1999,4250
2239,2011,4250
2221,2029,4250
2161,2089,4250
2137,2113,4250
4241,11,4252
4229,23,4252
4211,41,4252
4139,113,4252
4079,173,4252
4073,179,4252
4019,233,4252
4013,239,4252
4001,251,4252
3989,263,4252
3863,389,4252
3851,401,4252
3833,419,4252
3821,431,4252
3803,449,4252
3761,491,4252
3659,593,4252
3593,659,4252
3533,719,4252
3491,761,4252
3413,839,4252
3389,863,4252
3371,881,4252
3323,929,4252
3299,953,4252
3221,1031,4252
3203,1049,4252
3191,1061,4252
3089,1163,4252
3023,1229,4252
2969,1283,4252
2963,1289,4252
2879,1373,4252
2843,1409,4252
2819,1433,4252
2801,1451,4252
2753,1499,4252
2741,1511,4252
2729,1523,4252
2699,1553,4252
2693,1559,4252
2633,1619,4252
2543,1709,4252
2531,1721,4252
2441,1811,4252
2381,1871,4252
2351,1901,4252
2339,1913,4252
2273,1979,4252
2213,2039,4252
2153,2099,4252
2141,2111,4252
4243,11,4254
4241,13,4254
4231,23,4254
4217,37,4254
4211,43,4254
4201,53,4254
4157,97,4254
4153,101,4254
4127,127,4254
4091,163,4254
4073,181,4254
4057,197,4254
4027,227,4254
4021,233,4254
4013,241,4254
4003,251,4254
3947,307,4254
3943,311,4254
3923,331,4254
3917,337,4254
3907,347,4254
3881,373,4254
3853,401,4254
3833,421,4254
3823,431,4254
3821,433,4254
3797,457,4254
3793,461,4254
3767,487,4254
3733,521,4254
3697,557,4254
3691,563,4254
3677,577,4254
3637,617,4254
3623,631,4254
3613,641,4254
3607,647,4254
3593,661,4254
3581,673,4254
3571,683,4254
3527,727,4254
3511,743,4254
3467,787,4254
3457,797,4254
3433,821,4254
3391,863,4254
3373,881,4254
3371,883,4254
3347,907,4254
3343,911,4254
3313,941,4254
3307,947,4254
3301,953,4254
3271,983,4254
3257,997,4254
3221,1033,4254
3203,1051,4254
3191,1063,4254
3167,1087,4254
3163,1091,4254
3137,1117,4254
3083,1171,4254
3067,1187,4254
3061,1193,4254
3041,1213,4254
3037,1217,4254
3023,1231,4254
2971,1283,4254
2963,1291,4254
2957,1297,4254
2953,1301,4254
2927,1327,4254
2887,1367,4254
2803,1451,4254
2801,1453,4254
2767,1487,4254
2731,1523,4254
2711,1543,4254
2687,1567,4254
2683,1571,4254
2671,1583,4254
2657,1597,4254
2647,1607,4254
2633,1621,4254
2617,1637,4254
2591,1663,4254
2557,1697,4254
2531,1723,4254
2521,1733,4254
2477,1777,4254
2467,1787,4254
2423,1831,4254
2393,1861,4254
2383,1871,4254
2381,1873,4254
2377,1877,4254
2347,1907,4254
2341,1913,4254
2281,1973,4254
2267,1987,4254
2251,2003,4254
2243,2011,4254
2237,2017,4254
2143,2111,4254
2141,2113,4254
4253,3,4256
4243,13,4256
4219,37,4256
4177,79,4256
4159,97,4256
4153,103,4256
4129,127,4256
4099,157,4256
4093,163,4256
4057,199,4256
4027,229,4256
3943,313,4256
3919,337,4256
3907,349,4256
3889,367,4256
3877,379,4256
3847,409,4256
3823,433,4256
3793,463,4256
3769,487,4256
3733,523,4256
3709,547,4256
3643,613,4256
3637,619,4256
3613,643,4256
3583,673,4256
3547,709,4256
3529,727,4256
3517,739,4256
3499,757,4256
3469,787,4256
3433,823,4256
3373,883,4256
3319,937,4256
3259,997,4256
3217,1039,4256
3187,1069,4256
3169,1087,4256
3163,1093,4256
3019,1237,4256
2953,1303,4256
2857,1399,4256
2833,1423,4256
2803,1453,4256
2797,1459,4256
2767,1489,4256
2713,1543,4256
2707,1549,4256
2689,1567,4256
2677,1579,4256
2659,1597,4256
2647,1609,4256
2593,1663,4256
2557,1699,4256
2503,1753,4256
2473,1783,4256
2467,1789,4256
2389,1867,4256
2383,1873,4256
2377,1879,4256
2269,1987,4256
2239,2017,4256
2203,2053,4256
2143,2113,4256
4253,5,4258
4241,17,4258
4229,29,4258
4217,41,4258
4211,47,4258
4157,101,4258
4127,131,4258
4091,167,4258
4079,179,4258
4019,239,4258
4007,251,4258
4001,257,4258
3989,269,4258
3947,311,4258
3911,347,4258
3797,461,4258
3779,479,4258
3767,491,4258
3701,557,4258
3671,587,4258
3659,599,4258
3617,641,4258
3581,677,4258
3557,701,4258
3539,719,4258
3461,797,4258
3449,809,4258
3371,887,4258
3347,911,4258
3329,929,4258
3209,1049,4258
3167,1091,4258
3041,1217,4258
2999,1259,4258
2969,1289,4258
2957,1301,4258
2939,1319,4258
2897,1361,4258
2819,1439,4258
2777,1481,4258
2699,1559,4258
2687,1571,4258
2657,1601,4258
2621,1637,4258
2591,1667,4258
2549,1709,4258
2447,1811,4258
2411,1847,4258
2381,1877,4258
2357,1901,4258
2351,1907,4258
2309,1949,4258
2129,2129,4258
4253,7,4260
4243,17,4260
4241,19,4260
4231,29,4260
4229,31,4260
4219,41,4260
4217,43,4260
4201,59,4260
4177,83,4260
4159,101,4260
4157,103,4260
4153,107,4260
4133,127,4260
4129,131,4260
4111,149,4260
4093,167,4260
4079,181,4260
4049,211,4260
4027,233,4260
4021,239,4260
4019,241,4260
4003,257,4260
3989,271,4260
3967,293,4260
3947,313,4260
3943,317,4260
3929,331,4260
3923,337,4260
3911,349,4260
3907,353,4260
3881,379,4260
3877,383,4260
3863,397,4260
3851,409,4260
3821,439,4260
3803,457,4260
3797,463,4260
3793,467,4260
3769,491,4260
3761,499,4260
3739,521,4260
3719,541,4260
3697,563,4260
3691,569,4260
3673,587,4260
3659,601,4260
3643,617,4260
3617,643,4260
3613,647,4260
3607,653,4260
3583,677,4260
3559,701,4260
3541,719,4260
3533,727,4260
3527,733,4260
3517,743,4260
3499,761,4260
3491,769,4260
3463,797,4260
3449,811,4260
3433,827,4260
3407,853,4260
3373,887,4260
3331,929,4260
3323,937,4260
3319,941,4260
3313,947,4260
3307,953,4260
3251,1009,4260
3229,1031,4260
3221,1039,4260
3209,1051,4260
3191,1069,4260
3169,1091,4260
3167,1093,4260
3163,1097,4260
3137,1123,4260
3109,1151,4260
3089,1171,4260
3079,1181,4260
3067,1193,4260
3037,1223,4260
3023,1237,4260
3011,1249,4260
3001,1259,4260
2971,1289,4260
2969,1291,4260
2963,1297,4260
2957,1303,4260
2953,1307,4260
2939,1321,4260
2887,1373,4260
2879,1381,4260
2861,1399,4260
2851,1409,4260
2837,1423,4260
2833,1427,4260
2801,1459,4260
2789,1471,4260
2777,1483,4260
2767,1493,4260
2749,1511,4260
2729,1531,4260
2711,1549,4260
2707,1553,4260
2693,1567,4260
2689,1571,4260
2677,1583,4260
2663,1597,4260
2659,1601,4260
2647,1613,4260
2633,1627,4260
2593,1667,4260
2591,1669,4260
2551,1709,4260
2539,1721,4260
2477,1783,4260
2473,1787,4260
2459,1801,4260
2437,1823,4260
2399,1861,4260
2393,1867,4260
2389,1871,4260
2383,1877,4260
2381,1879,4260
2371,1889,4260
2347,1913,4260
2311,1949,4260
2309,1951,4260
2287,1973,4260
2281,1979,4260
2273,1987,4260
2267,1993,4260
2243,2017,4260
2221,2039,4260
2207,2053,4260
2179,2081,4260
2161,2099,4260
2131,2129,4260
4259,3,4262
4243,19,4262
4231,31,4262
4219,43,4262
4201,61,4262
4159,103,4262
4153,109,4262
4111,151,4262
4099,163,4262
4051,211,4262
4021,241,4262
3931,331,4262
3889,373,4262
3853,409,4262
3823,439,4262
3739,523,4262
3691,571,4262
3643,619,4262
3631,631,4262
3571,691,4262
3529,733,4262
3511,751,4262
3433,829,4262
3343,919,4262
3271,991,4262
3253,1009,4262
3229,1033,4262
3169,1093,4262
3109,1153,4262
3061,1201,4262
3049,1213,4262
2971,1291,4262
2833,1429,4262
2803,1459,4262
2791,1471,4262
2731,1531,4262
2719,1543,4262
2713,1549,4262
2683,1579,4262
2593,1669,4262
2539,1723,4262
2521,1741,4262
2503,1759,4262
2473,1789,4262
2389,1873,4262
2383,1879,4262
2311,1951,4262
2269,1993,4262
2251,2011,4262
2179,2083,4262
2131,2131,4262
4261,3,4264
4259,5,4264
4253,11,4264
4241,23,4264
4217,47,4264
4211,53,4264
4157,107,4264
4133,131,4264
4127,137,4264
4091,173,4264
4073,191,4264
4013,251,4264
4007,257,4264
4001,263,4264
3947,317,4264
3917,347,4264
3911,353,4264
3881,383,4264
3863,401,4264
3833,431,4264
3821,443,4264
3803,461,4264
3797,467,4264
3761,503,4264
3701,563,4264
3677,587,4264
3671,593,4264
3623,641,4264
3617,647,4264
3581,683,4264
3491,773,4264
3467,797,4264
3407,857,4264
3323,941,4264
3251,1013,4264
3203,1061,4264
3167,1097,4264
3083,1181,4264
3041,1223,4264
2963,1301,4264
2957,1307,4264
2903,1361,4264
2897,1367,4264
2837,1427,4264
2777,1487,4264
2753,1511,4264
2741,1523,4264
2711,1553,4264
2693,1571,4264
2663,1601,4264
2657,1607,4264
2543,1721,4264
2531,1733,4264
2477,1787,4264
2441,1823,4264
2417,1847,4264
2393,1871,4264
2357,1907,4264
2351,1913,4264
2333,1931,4264
2267,1997,4264
2237,2027,4264
2153,2111,4264
4261,5,4266
4259,7,4266
4253,13,4266
4243,23,4266
4229,37,4266
4219,47,4266
4177,89,4266
4159,107,4266
4157,109,4266
4153,113,4266
4139,127,4266
4129,137,4266
4127,139,4266
4099,167,4266
4093,173,4266
4073,193,4266
4027,239,4266
4003,263,4266
3989,277,4266
3929,337,4266
3919,347,4266
3917,349,4266
3907,359,4266
3877,389,4266
3847,419,4266
3833,433,4266
3823,443,4266
3803,463,4266
3779,487,4266
3767,499,4266
3719,547,4266
3709,557,4266
3697,569,4266
3673,593,4266
3659,607,4266
3623,643,4266
3613,653,4266
3607,659,4266
3593,673,4266
3583,683,4266
3557,709,4266
3547,719,4266
3539,727,4266
3533,733,4266
3527,739,4266
3469,797,4266
3457,809,4266
3413,853,4266
3407,859,4266
3389,877,4266
3359,907,4266
3347,919,4266
3329,937,4266
3319,947,4266
3313,953,4266
3299,967,4266
3257,1009,4266
3253,1013,4266
3217,1049,4266
3203,1063,4266
3169,1097,4266
3163,1103,4266
3137,1129,4266
3079,1187,4266
3049,1217,4266
3037,1229,4266
2969,1297,4266
2963,1303,4266
2939,1327,4266
2857,1409,4266
2843,1423,4266
2837,1429,4266
2833,1433,4266
2819,1447,4266
2777,1489,4266
2767,1499,4266
2713,1553,4266
2707,1559,4266
2699,1567,4266
2687,1579,4266
2683,1583,4266
2659,1607,4266
2657,1609,4266
2647,1619,4266
2609,1657,4266
2557,1709,4266
2543,1723,4266
2477,1789,4266
2399,1867,4266
2393,1873,4266
2389,1877,4266
2377,1889,4266
2333,1933,4266
2293,1973,4266
2287,1979,4266
2273,1993,4266
2269,1997,4266
2267,1999,4266
2239,2027,4266
2237,2029,4266
2213,2053,4266
2203,2063,4266
2179,2087,4266
2153,2113,4266
2137,2129,4266
4261,7,4268
4231,37,4268
4201,67,4268
4159,109,4268
4129,139,4268
4111,157,4268
4057,211,4268
4027,241,4268
3931,337,4268
3919,349,4268
3889,379,4268
3847,421,4268
3769,499,4268
3727,541,4268
3697,571,4268
3691,577,4268
3637,631,4268
3607,661,4268
3559,709,4268
3541,727,4268
3529,739,4268
3517,751,4268
3511,757,4268
3499,769,4268
3457,811,4268
3391,877,4268
3361,907,4268
3331,937,4268
3301,967,4268
3271,997,4268
3259,1009,4268
3229,1039,4268
3217,1051,4268
3181,1087,4268
3067,1201,4268
3037,1231,4268
3019,1249,4268
2971,1297,4268
2887,1381,4268
2797,1471,4268
2719,1549,4268
2689,1579,4268
2671,1597,4268
2659,1609,4268
2647,1621,4268
2521,1747,4268
2467,1801,4268
2437,1831,4268
2389,1879,4268
2281,1987,4268
2269,1999,4268
2251,2017,4268
2239,2029,4268
2179,2089,4268
2137,2131,4268
4259,11,4270
4253,17,4270
4241,29,4270
4229,41,4270
4217,53,4270
4211,59,4270
4157,113,4270
4139,131,4270
4133,137,4270
4091,179,4270
4079,191,4270
4073,197,4270
4019,251,4270
4013,257,4270
4007,263,4270
4001,269,4270
3989,281,4270
3923,347,4270
3917,353,4270
3911,359,4270
3881,389,4270
3851,419,4270
3821,449,4270
3803,467,4270
3779,491,4270
3767,503,4270
3761,509,4270
3701,569,4270
3677,593,4270
3671,599,4270
3623,647,4270
3617,653,4270
3593,677,4270
3527,743,4270
3461,809,4270
3449,821,4270
3413,857,4270
3407,863,4270
3389,881,4270
3359,911,4270
3329,941,4270
3323,947,4270
3299,971,4270
3257,1013,4270
3251,1019,4270
3221,1049,4270
3209,1061,4270
3167,1103,4270
3119,1151,4270
3089,1181,4270
3083,1187,4270
3041,1229,4270
3011,1259,4270
2969,1301,4270
2963,1307,4270
2909,1361,4270
2903,1367,4270
2897,1373,4270
2861,1409,4270
2843,1427,4270
2837,1433,4270
2819,1451,4270
2789,1481,4270
2777,1493,4270
2711,1559,4270
2699,1571,4270
2687,1583,4270
2663,1607,4270
2657,1613,4270
2633,1637,4270
2549,1721,4270
2459,1811,4270
2447,1823,4270
2423,1847,4270
2399,1871,4270
2393,1877,4270
2381,1889,4270
2357,1913,4270
2339,1931,4270
2297,1973,4270
2273,1997,4270
2267,2003,4270
2243,2027,4270
2207,2063,4270
2141,2129,4270
4261,11,4272
4259,13,4272
4253,19,4272
4243,29,4272
4241,31,4272
4231,41,4272
4229,43,4272
4219,53,4272
4211,61,4272
4201,71,4272
4159,113,4272
4133,139,4272
4099,173,4272
4093,179,4272
4091,181,4272
4079,193,4272
4073,199,4272
4049,223,4272
4021,251,4272
4003,269,4272
4001,271,4272
3989,283,4272
3923,349,4272
3919,353,4272
3889,383,4272
3863,409,4272
3853,419,4272
3851,421,4272
3833,439,4272
3823,449,4272
3793,479,4272
3769,503,4272
3709,563,4272
3701,571,4272
3673,599,4272
3671,601,4272
3659,613,4272
3631,641,4272
3613,659,4272
3581,691,4272
3571,701,4272
3539,733,4272
3533,739,4272
3529,743,4272
3511,761,4272
3499,773,4272
3463,809,4272
3461,811,4272
3449,823,4272
3433,839,4272
3413,859,4272
3391,881,4272
3389,883,4272
3361,911,4272
3343,929,4272
3331,941,4272
3319,953,4272
3301,971,4272
3259,1013,4272
3253,1019,4272
3251,1021,4272
3221,1051,4272
3209,1063,4272
3203,1069,4272
3181,1091,4272
3169,1103,4272
3163,1109,4272
3121,1151,4272
3119,1153,4272
3109,1163,4272
3079,1193,4272
3049,1223,4272
3041,1231,4272
3023,1249,4272
2971,1301,4272
2969,1303,4272
2953,1319,4272
2843,1429,4272
2833,1439,4272
2819,1453,4272
2801,1471,4272
2791,1481,4272
2789,1483,4272
2749,1523,4272
2741,1531,4272
2729,1543,4272
2719,1553,4272
2713,1559,4272
2693,1579,4272
2689,1583,4272
2671,1601,4272
2663,1609,4272
2659,1613,4272
2609,1663,4272
2579,1693,4272
2551,1721,4272
2549,1723,4272
2539,1733,4272
2531,1741,4272
2441,1831,4272
2411,1861,4272
2399,1873,4272
2393,1879,4272
2383,1889,4272
2371,1901,4272
2341,1931,4272
2339,1933,4272
2293,1979,4272
2273,1999,4272
2269,2003,4272
2243,2029,4272
2203,2069,4272
2161,2111,4272
2143,2129,4272
2141,2131,4272
4271,3,4274
4261,13,4274
4243,31,4274
4231,43,4274
4201,73,4274
4177,97,4274
4111,163,4274
4093,181,4274
4051,223,4274
4003,271,4274
3967,307,4274
3943,331,4274
3907,367,4274
3877,397,4274
3853,421,4274
3733,541,4274
3727,547,4274
3697,577,4274
3673,601,4274
3643,631,4274
3631,643,4274
3613,661,4274
3583,691,4274
3547,727,4274
3541,733,4274
3517,757,4274
3463,811,4274
3391,883,4274
3307,967,4274
3253,1021,4274
3187,1087,4274
3181,1093,4274
3121,1153,4274
3061,1213,4274
3037,1237,4274
2971,1303,4274
2953,1321,4274
2851,1423,4274
2803,1471,4274
2791,1483,4274
2731,1543,4274
2707,1567,4274
2677,1597,4274
2647,1627,4274
2617,1657,4274
2551,1723,4274
2521,1753,4274
2473,1801,4274
2341,1933,4274
2287,1987,4274
2281,1993,4274
2221,2053,4274
2161,2113,4274
2143,2131,4274
2137,2137,4274
4273,3,4276
4271,5,4276
4259,17,4276
4253,23,4276
4229,47,4276
4217,59,4276
4139,137,4276
4127,149,4276
4079,197,4276
4049,227,4276
4019,257,4276
4013,263,4276
4007,269,4276
3929,347,4276
3923,353,4276
3917,359,4276
3833,443,4276
3797,479,4276
3767,509,4276
3719,557,4276
3677,599,4276
3659,617,4276
3623,653,4276
3617,659,4276
3593,683,4276
3557,719,4276
3533,743,4276
3467,809,4276
3449,827,4276
3413,863,4276
3389,887,4276
3347,929,4276
3329,947,4276
3323,953,4276
3299,977,4276
3257,1019,4276
3167,1109,4276
3089,1187,4276
3083,1193,4276
2999,1277,4276
2969,1307,4276
2957,1319,4276
2909,1367,4276
2903,1373,4276
2843,1433,4276
2837,1439,4276
2789,1487,4276
2777,1499,4276
2753,1523,4276
2693,1583,4276
2663,1613,4276
2657,1619,4276
2609,1667,4276
2579,1697,4276
2543,1733,4276
2399,1877,4276
2297,1979,4276
2273,2003,4276
2237,2039,4276
2213,2063,4276
2207,2069,4276
4273,5,4278
4271,7,4278
4261,17,4278
4259,19,4278
4241,37,4278
4231,47,4278
4219,59,4278
4217,61,4278
4211,67,4278
4177,101,4278
4139,139,4278
4129,149,4278
4127,151,4278
4111,167,4278
4099,179,4278
4079,199,4278
4051,227,4278
4049,229,4278
4027,251,4278
4021,257,4278
4007,271,4278
4001,277,4278
3967,311,4278
3947,331,4278
3931,347,4278
3929,349,4278
3919,359,4278
3911,367,4278
3889,389,4278
3881,397,4278
3877,401,4278
3847,431,4278
3821,457,4278
3779,499,4278
3769,509,4278
3709,569,4278
3701,577,4278
3691,587,4278
3677,601,4278
3671,607,4278
3659,619,4278
3637,641,4278
3631,647,4278
3617,661,4278
3559,719,4278
3539,739,4278
3527,751,4278
3517,761,4278
3491,787,4278
3469,809,4278
3467,811,4278
3457,821,4278
3449,829,4278
3391,887,4278
3371,907,4278
3359,919,4278
3331,947,4278
3307,971,4278
3301,977,4278
3259,1019,4278
3257,1021,4278
3229,1049,4278
3217,1061,4278
3209,1069,4278
3191,1087,4278
3187,1091,4278
3181,1097,4278
3169,1109,4278
3061,1217,4278
3049,1229,4278
3041,1237,4278
3019,1259,4278
3001,1277,4278
2999,1279,4278
2971,1307,4278
2957,1321,4278
2917,1361,4278
2897,1381,4278
2879,1399,4278
2851,1427,4278
2819,1459,4278
2797,1481,4278
2791,1487,4278
2789,1489,4278
2767,1511,4278
2729,1549,4278
2719,1559,4278
2711,1567,4278
2707,1571,4278
2699,1579,4278
2677,1601,4278
2671,1607,4278
2659,1619,4278
2657,1621,4278
2621,1657,4278
2609,1669,4278
2579,1699,4278
2557,1721,4278
2531,1747,4278
2477,1801,4278
2467,1811,4278
2447,1831,4278
2417,1861,4278
2411,1867,4278
2399,1879,4278
2389,1889,4278
2377,1901,4278
2371,1907,4278
2347,1931,4278
2281,1997,4278
2267,2011,4278
2251,2027,4278
2239,2039,4278
2179,2099,4278
2141,2137,4278
4273,7,4280
4261,19,4280
4243,37,4280
4219,61,4280
4201,79,4280
4177,103,4280
4153,127,4280
4129,151,4280
4099,181,4280
4057,223,4280
4051,229,4280
4003,277,4280
3967,313,4280
3943,337,4280
3931,349,4280
3907,373,4280
3847,433,4280
3823,457,4280
3793,487,4280
3739,541,4280
3733,547,4280
3709,571,4280
3673,607,4280
3637,643,4280
3607,673,4280
3571,709,4280
3547,733,4280
3541,739,4280
3529,751,4280
3511,769,4280
3469,811,4280
3457,823,4280
3373,907,4280
3361,919,4280
3343,937,4280
3313,967,4280
3271,1009,4280
3259,1021,4280
3229,1051,4280
3217,1063,4280
3187,1093,4280
3163,1117,4280
3109,1171,4280
3079,1201,4280
3067,1213,4280
3049,1231,4280
3001,1279,4280
2953,1327,4280
2857,1423,4280
2851,1429,4280
2833,1447,4280
2797,1483,4280
2791,1489,4280
2749,1531,4280
2731,1549,4280
2713,1567,4280
2683,1597,4280
2671,1609,4280
2659,1621,4280
2617,1663,4280
2557,1723,4280
2539,1741,4280
2521,1759,4280
2503,1777,4280
2347,1933,4280
2293,1987,4280
2287,1993,4280
2281,1999,4280
2269,2011,4280
2251,2029,4280
2143,2137,4280
4271,11,4282
4259,23,4282
4253,29,4282
4241,41,4282
4229,53,4282
4211,71,4282
4133,149,4282
4091,191,4282
4049,233,4282
4019,263,4282
4013,269,4282
4001,281,4282
3989,293,4282
3929,353,4282
3923,359,4282
3881,401,4282
3863,419,4282
3851,431,4282
3833,449,4282
3821,461,4282
3803,479,4282
3779,503,4282
3761,521,4282
3719,563,4282
3623,659,4282
3581,701,4282
3539,743,4282
3461,821,4282
3371,911,4282
3329,953,4282
3299,983,4282
3251,1031,4282
3221,1061,4282
3191,1091,4282
3119,1163,4282
3089,1193,4282
3023,1259,4282
2999,1283,4282
2963,1319,4282
2909,1373,4282
2843,1439,4282
2801,1481,4282
2789,1493,4282
2729,1553,4282
2711,1571,4282
2699,1583,4282
2663,1619,4282
2549,1733,4282
2459,1823,4282
2411,1871,4282
2393,1889,4282
2381,1901,4282
2351,1931,4282
2333,1949,4282
2309,1973,4282
2243,2039,4282
2213,2069,4282
2153,2129,4282
2141,2141,4282
4273,11,4284
4271,13,4284
4261,23,4284
4253,31,4284
4243,41,4284
4241,43,4284
4231,53,4284
4217,67,4284
4211,73,4284
4201,83,4284
4177,107,4284
4157,127,4284
4153,131,4284
4133,151,4284
4127,157,4284
4111,173,4284
4093,191,4284
4091,193,4284
4073,211,4284
4057,227,4284
4051,233,4284
4027,257,4284
4021,263,4284
4013,271,4284
4007,277,4284
4003,281,4284
4001,283,4284
3967,317,4284
3947,337,4284
3931,353,4284
3917,367,4284
3911,373,4284
3863,421,4284
3853,431,4284
3851,433,4284
3823,461,4284
3821,463,4284
3797,487,4284
3793,491,4284
3761,523,4284
3727,557,4284
3697,587,4284
3691,593,4284
3677,607,4284
3671,613,4284
3643,641,4284
3637,647,4284
3631,653,4284
3623,661,4284
3607,677,4284
3593,691,4284
3583,701,4284
3557,727,4284
3541,743,4284
3533,751,4284
3527,757,4284
3511,773,4284
3463,821,4284
3461,823,4284
3457,827,4284
3407,877,4284
3373,911,4284
3347,937,4284
3343,941,4284
3331,953,4284
3313,971,4284
3307,977,4284
3301,983,4284
3271,1013,4284
3253,1031,4284
3251,1033,4284
3221,1063,4284
3191,1093,4284
3187,1097,4284
3181,1103,4284
3167,1117,4284
3121,1163,4284
3083,1201,4284
3067,1217,4284
3061,1223,4284
3001,1283,4284
2963,1321,4284
2957,1327,4284
2917,1367,4284
2903,1381,4284
2861,1423,4284
2857,1427,4284
2851,1433,4284
2837,1447,4284
2833,1451,4284
2803,1481,4284
2801,1483,4284
2797,1487,4284
2791,1493,4284
2753,1531,4284
2741,1543,4284
2731,1553,4284
2713,1571,4284
2687,1597,4284
2683,1601,4284
2677,1607,4284
2671,1613,4284
2663,1621,4284
2657,1627,4284
2647,1637,4284
2621,1663,4284
2617,1667,4284
2591,1693,4284
2551,1733,4284
2543,1741,4284
2531,1753,4284
2473,1811,4284
2437,1847,4284
2423,1861,4284
2417,1867,4284
2411,1873,4284
2383,1901,4284
2377,1907,4284
2371,1913,4284
2351,1933,4284
2333,1951,4284
2311,1973,4284
2297,1987,4284
2287,1997,4284
2281,2003,4284
2273,2011,4284
2267,2017,4284
2221,2063,4284
2203,2081,4284
2153,2131,4284
2143,2141,4284
4283,3,4286
4273,13,4286
4243,43,4286
4219,67,4286
4177,109,4286
4159,127,4286
4129,157,4286
4093,193,4286
4057,229,4286
4003,283,4286
3919,367,4286
3907,379,4286
3889,397,4286
3877,409,4286
3853,433,4286
3847,439,4286
3823,463,4286
3739,547,4286
3709,577,4286
3673,613,4286
3643,643,4286
3613,673,4286
3559,727,4286
3547,739,4286
3529,757,4286
3517,769,4286
3499,787,4286
3463,823,4286
3457,829,4286
3433,853,4286
3319,967,4286
3253,1033,4286
3217,1069,4286
3169,1117,4286
3163,1123,4286
3049,1237,4286
3037,1249,4286
2887,1399,4286
2857,1429,4286
2833,1453,4286
2803,1483,4286
2797,1489,4286
2719,1567,4286
2707,1579,4286
2689,1597,4286
2677,1609,4286
2659,1627,4286
2617,1669,4286
2593,1693,4286
2539,1747,4286
2503,1783,4286
2293,1993,4286
2287,1999,4286
2269,2017,4286
2203,2083,4286
2143,2143,4286
4283,5,4288
4271,17,4288
4259,29,4288
4241,47,4288
4229,59,4288
4217,71,4288
4157,131,4288
4139,149,4288
4091,197,4288
4049,239,4288
4019,269,4288
4007,281,4288
3929,359,4288
3821,467,4288
3797,491,4288
3779,509,4288
3767,521,4288
3719,569,4288
3701,587,4288
3671,617,4288
3527,761,4288
3491,797,4288
3467,821,4288
3461,827,4288
3449,839,4288
3407,881,4288
3359,929,4288
3347,941,4288
3257,1031,4288
3191,1097,4288
3137,1151,4288
3011,1277,4288
2999,1289,4288
2969,1319,4288
2927,1361,4288
2879,1409,4288
2861,1427,4288
2837,1451,4288
2801,1487,4288
2789,1499,4288
2777,1511,4288
2729,1559,4288
2687,1601,4288
2621,1667,4288
2591,1697,4288
2579,1709,4288
2477,1811,4288
2441,1847,4288
2417,1871,4288
2411,1877,4288
2399,1889,4288
2381,1907,4288
2357,1931,4288
2339,1949,4288
2309,1979,4288
2207,2081,4288
4283,7,4290
4273,17,4290
4271,19,4290
4261,29,4290
4259,31,4290
4253,37,4290
4243,47,4290
4231,59,4290
4229,61,4290
4219,71,4290
4217,73,4290
4211,79,4290
4201,89,4290
4177,113,4290
4159,131,4290
4153,137,4290
4139,151,4290
4133,157,4290
4127,163,4290
4111,179,4290
4099,191,4290
4093,197,4290
4091,199,4290
4079,211,4290
4057,233,4290
4051,239,4290
4049,241,4290
4027,263,4290
4021,269,4290
4019,271,4290
4013,277,4290
4007,283,4290
3943,347,4290
3931,359,4290
3923,367,4290
3917,373,4290
3911,379,4290
3907,383,4290
3889,401,4290
3881,409,4290
3851,439,4290
3847,443,4290
3833,457,4290
3823,467,4290
3803,487,4290
3769,521,4290
3767,523,4290
3733,557,4290
3727,563,4290
3719,571,4290
3697,593,4290
3691,599,4290
3677,613,4290
3673,617,4290
3671,619,4290
3659,631,4290
3643,647,4290
3637,653,4290
3631,659,4290
3617,673,4290
3613,677,4290
3607,683,4290
3581,709,4290
3571,719,4290
3557,733,4290
3547,743,4290
3539,751,4290
3533,757,4290
3529,761,4290
3517,773,4290
3469,821,4290
3467,823,4290
3463,827,4290
3461,829,4290
3433,857,4290
3413,877,4290
3407,883,4290
3371,919,4290
3361,929,4290
3343,947,4290
3323,967,4290
3319,971,4290
3313,977,4290
3307,983,4290
3299,991,4290
3271,1019,4290
3259,1031,4290
3257,1033,4290
3251,1039,4290
3229,1061,4290
3221,1069,4290
3203,1087,4290
3187,1103,4290
3181,1109,4290
3167,1123,4290
3137,1153,4290
3119,1171,4290
3109,1181,4290
3089,1201,4290
3067,1223,4290
3061,1229,4290
3041,1249,4290
3011,1279,4290
3001,1289,4290
2999,1291,4290
2971,1319,4290
2969,1321,4290
2963,1327,4290
2917,1373,4290
2909,1381,4290
2861,1429,4290
2857,1433,4290
2851,1439,4290
2843,1447,4290
2837,1453,4290
2819,1471,4290
2803,1487,4290
2801,1489,4290
2797,1493,4290
2791,1499,4290
2767,1523,4290
2741,1549,4290
2731,1559,4290
2719,1571,4290
2711,1579,4290
2707,1583,4290
2693,1597,4290
2689,1601,4290
2683,1607,4290
2677,1613,4290
2671,1619,4290
2663,1627,4290
2633,1657,4290
2621,1669,4290
2593,1697,4290
2591,1699,4290
2557,1733,4290
2549,1741,4290
2543,1747,4290
2531,1759,4290
2503,1787,4290
2467,1823,4290
2459,1831,4290
2423,1867,4290
2417,1873,4290
2411,1879,4290
2389,1901,4290
2383,1907,4290
2377,1913,4290
2357,1933,4290
2341,1949,4290
2339,1951,4290
2311,1979,4290
2297,1993,4290
2293,1997,4290
2287,2003,4290
2273,2017,4290
2251,2039,4290
2237,2053,4290
2221,2069,4290
2207,2083,4290
2203,2087,4290
2179,2111,4290
2161,2129,4290
2153,2137,4290
4289,3,4292
4273,19,4292
4261,31,4292
4231,61,4292
4219,73,4292
4153,139,4292
4129,163,4292
4111,181,4292
4099,193,4292
4093,199,4292
4051,241,4292
4021,271,4292
3943,349,4292
3919,373,4292
3853,439,4292
3793,499,4292
3769,523,4292
3691,601,4292
3673,619,4292
3631,661,4292
3583,709,4292
3559,733,4292
3541,751,4292
3469,823,4292
3463,829,4292
3433,859,4292
3373,919,4292
3301,991,4292
3271,1021,4292
3259,1033,4292
3253,1039,4292
3229,1063,4292
3169,1123,4292
3163,1129,4292
3121,1171,4292
3079,1213,4292
3061,1231,4292
3001,1291,4292
2971,1321,4292
2833,1459,4292
2803,1489,4292
2749,1543,4292
2713,1579,4292
2683,1609,4292
2671,1621,4292
2593,1699,4292
2551,1741,4292
2539,1753,4292
2503,1789,4292
2341,1951,4292
2293,1999,4292
2281,2011,4292
2239,2053,4292
2203,2089,4292
2179,2113,4292
2161,2131,4292
4289,5,4294
4283,11,4294
4271,23,4294
4253,41,4294
4241,53,4294
4211,83,4294
4157,137,4294
4127,167,4294
4013,281,4294
4001,293,4294
3947,347,4294
3911,383,4294
3863,431,4294
3851,443,4294
3833,461,4294
3803,491,4294
3701,593,4294
3677,617,4294
3617,677,4294
3593,701,4294
3533,761,4294
3467,827,4294
3413,881,4294
3407,887,4294
3347,947,4294
3323,971,4294
3203,1091,4294
3191,1103,4294
3011,1283,4294
2927,1367,4294
2861,1433,4294
2843,1451,4294
2801,1493,4294
2741,1553,4294
2711,1583,4294
2693,1601,4294
2687,1607,4294
2657,1637,4294
2447,1847,4294
2423,1871,4294
2417,1877,4294
2393,1901,4294
2381,1913,4294
2297,1997,4294
2267,2027,4294
2213,2081,4294
2207,2087,4294
2153,2141,4294
4289,7,4296
4283,13,4296
4273,23,4296
4259,37,4296
4253,43,4296
4243,53,4296
4229,67,4296
4217,79,4296
4159,137,4296
4157,139,4296
4139,157,4296
4133,163,4296
4129,167,4296
4099,197,4296
4073,223,4296
4057,239,4296
4027,269,4296
4019,277,4296
4013,283,4296
4003,293,4296
3989,307,4296
3947,349,4296
3943,353,4296
3929,367,4296
3923,373,4296
3917,379,4296
3907,389,4296
3877,419,4296
3863,433,4296
3853,443,4296
3847,449,4296
3833,463,4296
3797,499,4296
3793,503,4296
3739,557,4296
3733,563,4296
3727,569,4296
3719,577,4296
3709,587,4296
3697,599,4296
3677,619,4296
3643,653,4296
3637,659,4296
3623,673,4296
3613,683,4296
3557,739,4296
3539,757,4296
3527,769,4296
3499,797,4296
3469,827,4296
3467,829,4296
3457,839,4296
3433,863,4296
3413,883,4296
3389,907,4296
3359,937,4296
3343,953,4296
3329,967,4296
3319,977,4296
3313,983,4296
3299,997,4296
3257,1039,4296
3209,1087,4296
3203,1093,4296
3187,1109,4296
3167,1129,4296
3109,1187,4296
3083,1213,4296
3079,1217,4296
3067,1229,4296
3037,1259,4296
3019,1277,4296
2999,1297,4296
2969,1327,4296
2897,1399,4296
2887,1409,4296
2857,1439,4296
2843,1453,4296
2837,1459,4296
2803,1493,4296
2797,1499,4296
2753,1543,4296
2729,1567,4296
2713,1583,4296
2699,1597,4296
2689,1607,4296
2687,1609,4296
2683,1613,4296
2677,1619,4296
2659,1637,4296
2633,1663,4296
2549,1747,4296
2543,1753,4296
2473,1823,4296
2423,1873,4296
2417,1879,4296
2389,1907,4296
2383,1913,4296
2347,1949,4296
2309,1987,4296
2297,1999,4296
2293,2003,4296
2269,2027,4296
2267,2029,4296
2243,2053,4296
2213,2083,4296
2207,2089,4296
2153,2143,4296
4261,37,4298
4231,67,4298
4219,79,4298
4201,97,4298
4159,139,4298
4099,199,4298
4057,241,4298
4027,271,4298
4021,277,4298
3967,331,4298
3931,367,4298
3919,379,4298
3889,409,4298
3877,421,4298
3727,571,4298
3697,601,4298
3691,607,4298
3637,661,4298
3607,691,4298
3571,727,4298
3559,739,4298
3547,751,4298
3541,757,4298
3529,769,4298
3511,787,4298
3469,829,4298
3391,907,4298
3361,937,4298
3331,967,4298
3307,991,4298
3301,997,4298
3259,1039,4298
3229,1069,4298
3181,1117,4298
3169,1129,4298
3067,1231,4298
3061,1237,4298
3049,1249,4298
3019,1279,4298
3001,1297,4298
2971,1327,4298
2917,1381,4298
2851,1447,4298
2767,1531,4298
2749,1549,4298
2731,1567,4298
2719,1579,4298
2689,1609,4298
2677,1621,4298
2671,1627,4298
2557,1741,4298
2551,1747,4298
2539,1759,4298
2521,1777,4298
2467,1831,4298
2437,1861,4298
2347,1951,4298
2311,1987,4298
2287,2011,4298
2281,2017,4298
2269,2029,4298
2161,2137,4298
4297,3,4300
4289,11,4300
4283,17,4300
4271,29,4300
4259,41,4300
4253,47,4300
4241,59,4300
4229,71,4300
4217,83,4300
4211,89,4300
4133,167,4300
4127,173,4300
4073,227,4300
4049,251,4300
4019,281,4300
4007,293,4300
3989,311,4300
3947,353,4300
3917,383,4300
3911,389,4300
3881,419,4300
3851,449,4300
3833,467,4300
3821,479,4300
3797,503,4300
3779,521,4300
3701,599,4300
3659,641,4300
3623,677,4300
3617,683,4300
3581,719,4300
3557,743,4300
3539,761,4300
3527,773,4300
3491,809,4300
3461,839,4300
3413,887,4300
3389,911,4300
3371,929,4300
3359,941,4300
3347,953,4300
3329,971,4300
3323,977,4300
3251,1049,4300
3209,1091,4300
3203,1097,4300
3191,1109,4300
3137,1163,4300
3119,1181,4300
3083,1217,4300
3041,1259,4300
3023,1277,4300
3011,1289,4300
2999,1301,4300
2939,1361,4300
2927,1373,4300
2861,1439,4300
2819,1481,4300
2801,1499,4300
2789,1511,4300
2777,1523,4300
2741,1559,4300
2729,1571,4300
2699,1601,4300
2693,1607,4300
2687,1613,4300
2663,1637,4300
2633,1667,4300
2591,1709,4300
2579,1721,4300
2477,1823,4300
2423,1877,4300
2411,1889,4300
2399,1901,4300
2393,1907,4300
2351,1949,4300
2297,2003,4300
2273,2027,4300
2237,2063,4300
2213,2087,4300
4297,5,4302
4289,13,4302
4283,19,4302
4273,29,4302
4271,31,4302
4261,41,4302
4259,43,4302
4243,59,4302
4241,61,4302
4231,71,4302
4229,73,4302
4219,83,4302
4201,101,4302
4153,149,4302
4139,163,4302
4129,173,4302
4111,191,4302
4091,211,4302
4079,223,4302
4073,229,4302
4051,251,4302
4021,281,4302
4019,283,4302
3989,313,4302
3943,359,4302
3929,373,4302
3923,379,4302
3919,383,4302
3881,421,4302
3863,439,4302
3853,449,4302
3823,479,4302
3803,499,4302
3793,509,4302
3779,523,4302
3761,541,4302
3739,563,4302
3733,569,4302
3709,593,4302
3701,601,4302
3671,631,4302
3659,643,4302
3643,659,4302
3593,709,4302
3583,719,4302
3559,743,4302
3541,761,4302
3533,769,4302
3529,773,4302
3491,811,4302
3463,839,4302
3449,853,4302
3391,911,4302
3373,929,4302
3361,941,4302
3331,971,4302
3319,983,4302
3271,1031,4302
3253,1049,4302
3251,1051,4302
3209,1093,4302
3121,1181,4302
3109,1193,4302
3089,1213,4302
3079,1223,4302
3023,1279,4302
3019,1283,4302
3011,1291,4302
3001,1301,4302
2999,1303,4302
2903,1399,4302
2879,1423,4302
2851,1451,4302
2843,1459,4302
2819,1483,4302
2803,1499,4302
2791,1511,4302
2753,1549,4302
2749,1553,4302
2731,1571,4302
2719,1583,4302
2693,1609,4302
2689,1613,4302
2683,1619,4302
2633,1669,4302
2609,1693,4302
2593,1709,4302
2579,1723,4302
2549,1753,4302
2543,1759,4302
2441,1861,4302
2423,1879,4302
2389,1913,4302
2371,1931,4302
2351,1951,4302
2309,1993,4302
2273,2029,4302
2239,2063,4302
2221,2081,4302
2213,2089,4302
2203,2099,4302
2161,2141,4302
4297,7,4304
4273,31,4304
4261,43,4304
4243,61,4304
4231,73,4304
4201,103,4304
4177,127,4304
4153,151,4304
4111,193,4304
4093,211,4304
4027,277,4304
4021,283,4304
3967,337,4304
3931,373,4304
3907,397,4304
3847,457,4304
3733,571,4304
3727,577,4304
3697,607,4304
3691,613,4304
3673,631,4304
3643,661,4304
3631,673,4304
3613,691,4304
3571,733,4304
3547,757,4304
3517,787,4304
3313,991,4304
3307,997,4304
3271,1033,4304
3253,1051,4304
3217,1087,4304
3187,1117,4304
3181,1123,4304
3067,1237,4304
3001,1303,4304
2857,1447,4304
2851,1453,4304
2833,1471,4304
2707,1597,4304
2683,1621,4304
2677,1627,4304
2647,1657,4304
2557,1747,4304
2551,1753,4304
2521,1783,4304
2503,1801,4304
2473,1831,4304
2437,1867,4304
2371,1933,4304
2311,1993,4304
2293,2011,4304
2287,2017,4304
2251,2053,4304
2221,2083,4304
2161,2143,4304
4289,17,4306
4283,23,4306
4259,47,4306
4253,53,4306
4217,89,4306
4157,149,4306
4139,167,4306
4133,173,4306
4127,179,4306
4079,227,4306
4073,233,4306
4049,257,4306
4013,293,4306
3989,317,4306
3947,359,4306
3923,383,4306
3917,389,4306
3863,443,4306
3803,503,4306
3797,509,4306
3719,587,4306
3659,647,4306
3623,683,4306
3533,773,4306
3467,839,4306
3449,857,4306
3359,947,4306
3329,977,4306
3323,983,4306
3257,1049,4306
3209,1097,4306
3203,1103,4306
3119,1187,4306
3089,1217,4306
3083,1223,4306
3023,1283,4306
2999,1307,4306
2939,1367,4306
2897,1409,4306
2879,1427,4306
2819,1487,4306
2753,1553,4306
2699,1607,4306
2693,1613,4306
2687,1619,4306
2609,1697,4306
2459,1847,4306
2417,1889,4306
2399,1907,4306
2393,1913,4306
2357,1949,4306
2333,1973,4306
2309,1997,4306
2267,2039,4306
2243,2063,4306
2237,2069,4306
2207,2099,4306
2153,2153,4306
4297,11,4308
4289,19,4308
4271,37,4308
4261,47,4308
4241,67,4308
4229,79,4308
4219,89,4308
4211,97,4308
4201,107,4308
4177,131,4308
4159,149,4308
4157,151,4308
4129,179,4308
4127,181,4308
4111,197,4308
4079,229,4308
4057,251,4308
4051,257,4308
4027,281,4308
4001,307,4308
3929,379,4308
3919,389,4308
3911,397,4308
3907,401,4308
3889,419,4308
3877,431,4308
3851,457,4308
3847,461,4308
3821,487,4308
3767,541,4308
3761,547,4308
3739,569,4308
3709,599,4308
3701,607,4308
3691,617,4308
3677,631,4308
3631,677,4308
3617,691,4308
3607,701,4308
3581,727,4308
3557,751,4308
3547,761,4308
3539,769,4308
3511,797,4308
3499,809,4308
3469,839,4308
3449,859,4308
3389,919,4308
3371,937,4308
3361,947,4308
3331,977,4308
3299,1009,4308
3259,1049,4308
3257,1051,4308
3221,1087,4308
3217,1091,4308
3191,1117,4308
3137,1171,4308
3121,1187,4308
3079,1229,4308
3049,1259,4308
3019,1289,4308
3011,1297,4308
3001,1307,4308
2927,1381,4308
2909,1399,4308
2879,1429,4308
2861,1447,4308
2857,1451,4308
2837,1471,4308
2819,1489,4308
2797,1511,4308
2777,1531,4308
2749,1559,4308
2741,1567,4308
2729,1579,4308
2711,1597,4308
2707,1601,4308
2699,1609,4308
2689,1619,4308
2687,1621,4308
2671,1637,4308
2609,1699,4308
2549,1759,4308
2531,1777,4308
2521,1787,4308
2477,1831,4308
2447,1861,4308
2441,1867,4308
2437,1871,4308
2377,1931,4308
2357,1951,4308
2311,1997,4308
2309,1999,4308
2297,2011,4308
2281,2027,4308
2269,2039,4308
2239,2069,4308
2221,2087,4308
2179,2129,4308
4297,13,4310
4273,37,4310
4243,67,4310
4231,79,4310
4201,109,4310
4159,151,4310
4153,157,4310
4129,181,4310
4111,199,4310
4099,211,4310
4027,283,4310
4003,307,4310
3943,367,4310
3931,379,4310
3889,421,4310
3877,433,4310
3853,457,4310
3847,463,4310
3823,487,4310
3769,541,4310
3739,571,4310
3733,577,4310
3709,601,4310
3697,613,4310
3691,619,4310
3637,673,4310
3583,727,4310
3571,739,4310
3559,751,4310
3541,769,4310
3499,811,4310
3457,853,4310
3433,877,4310
3391,919,4310
3373,937,4310
3343,967,4310
3319,991,4310
3313,997,4310
3301,1009,4310
3271,1039,4310
3259,1051,4310
3217,1093,4310
3187,1123,4310
3181,1129,4310
3109,1201,4310
3079,1231,4310
3061,1249,4310
3019,1291,4310
2887,1423,4310
2857,1453,4310
2851,1459,4310
2767,1543,4310
2731,1579,4310
2713,1597,4310
2689,1621,4310
2683,1627,4310
2647,1663,4310
2617,1693,4310
2557,1753,4310
2551,1759,4310
2521,1789,4310
2437,1873,4310
2377,1933,4310
2311,1999,4310
2293,2017,4310
2281,2029,4310
2221,2089,4310
2179,2131,4310
4289,23,4312
4283,29,4312
4271,41,4312
4259,53,4312
4253,59,4312
4241,71,4312
4229,83,4312
4211,101,4312
4139,173,4312
4133,179,4312
4079,233,4312
4073,239,4312
4049,263,4312
4019,293,4312
4001,311,4312
3929,383,4312
3923,389,4312
3911,401,4312
3881,431,4312
3863,449,4312
3851,461,4312
3833,479,4312
3821,491,4312
3803,509,4312
3719,593,4312
3671,641,4312
3659,653,4312
3593,719,4312
3539,773,4312
3491,821,4312
3449,863,4312
3371,941,4312
3359,953,4312
3329,983,4312
3299,1013,4312
3251,1061,4312
3221,1091,4312
3209,1103,4312
3203,1109,4312
3119,1193,4312
3089,1223,4312
3083,1229,4312
3023,1289,4312
3011,1301,4312
2939,1373,4312
2903,1409,4312
2879,1433,4312
2861,1451,4312
2819,1493,4312
2801,1511,4312
2789,1523,4312
2753,1559,4312
2741,1571,4312
2729,1583,4312
2711,1601,4312
2699,1613,4312
2693,1619,4312
2591,1721,4312
2579,1733,4312
2441,1871,4312
2423,1889,4312
2411,1901,4312
2399,1913,4312
2381,1931,4312
2339,1973,4312
2333,1979,4312
2309,2003,4312
2273,2039,4312
2243,2069,4312
2213,2099,4312
4297,17,4314
4283,31,4314
4273,41,4314
4271,43,4314
4261,53,4314
4253,61,4314
4243,71,4314
4241,73,4314
4231,83,4314
4217,97,4314
4211,103,4314
4201,113,4314
4177,137,4314
4157,157,4314
4133,181,4314
4091,223,4314
4073,241,4314
4057,257,4314
4051,263,4314
4021,293,4314
4007,307,4314
4003,311,4314
4001,313,4314
3967,347,4314
3947,367,4314
3931,383,4314
3917,397,4314
3881,433,4314
3853,461,4314
3851,463,4314
3847,467,4314
3823,491,4314
3793,521,4314
3767,547,4314
3727,587,4314
3701,613,4314
3697,617,4314
3673,641,4314
3671,643,4314
3637,677,4314
3631,683,4314
3623,691,4314
3613,701,4314
3581,733,4314
3571,743,4314
3557,757,4314
3541,773,4314
3527,787,4314
3517,797,4314
3491,823,4314
3461,853,4314
3457,857,4314
3433,881,4314
3407,907,4314
3373,941,4314
3361,953,4314
3347,967,4314
3343,971,4314
3331,983,4314
3323,991,4314
3301,1013,4314
3253,1061,4314
3251,1063,4314
3221,1093,4314
3217,1097,4314
3191,1123,4314
3163,1151,4314
3121,1193,4314
3083,1231,4314
3037,1277,4314
3023,1291,4314
3011,1303,4314
2953,1361,4314
2887,1427,4314
2861,1453,4314
2843,1471,4314
2833,1481,4314
2803,1511,4314
2791,1523,4314
2731,1583,4314
2713,1601,4314
2707,1607,4314
2693,1621,4314
2687,1627,4314
2677,1637,4314
2657,1657,4314
2647,1667,4314
2621,1693,4314
2617,1697,4314
2593,1721,4314
2591,1723,4314
2531,1783,4314
2503,1811,4314
2467,1847,4314
2447,1867,4314
2441,1873,4314
2437,1877,4314
2383,1931,4314
2381,1933,4314
2341,1973,4314
2311,2003,4314
2297,2017,4314
2287,2027,4314
2251,2063,4314
2203,2111,4314
2161,2153,4314
4297,19,4316
4273,43,4316
4243,73,4316
4219,97,4316
4177,139,4316
4159,157,4316
4153,163,4316
4093,223,4316
4003,313,4316
3967,349,4316
3943,373,4316
3919,397,4316
3907,409,4316
3877,439,4316
3853,463,4316
3793,523,4316
3769,547,4316
3739,577,4316
3709,607,4316
3697,619,4316
3673,643,4316
3643,673,4316
3607,709,4316
3583,733,4316
3559,757,4316
3547,769,4316
3529,787,4316
3463,853,4316
3457,859,4316
3433,883,4316
3319,997,4316
3307,1009,4316
3253,1063,4316
3229,1087,4316
3187,1129,4316
3163,1153,4316
3079,1237,4316
3067,1249,4316
3037,1279,4316
3019,1297,4316
2917,1399,4316
2887,1429,4316
2857,1459,4316
2833,1483,4316
2767,1549,4316
2749,1567,4316
2719,1597,4316
2707,1609,4316
2689,1627,4316
2659,1657,4316
2647,1669,4316
2617,1699,4316
2593,1723,4316
2557,1759,4316
2539,1777,4316
2437,1879,4316
2383,1933,4316
2287,2029,4316
2203,2113,4316
2179,2137,4316
4289,29,4318
4271,47,4318
4259,59,4318
4229,89,4318
4217,101,4318
4211,107,4318
4139,179,4318
4127,191,4318
4091,227,4318
4079,239,4318
4049,269,4318
4007,311,4318
4001,317,4318
3929,389,4318
3917,401,4318
3851,467,4318
3797,521,4318
3761,557,4318
3719,599,4318
3701,617,4318
3677,641,4318
3671,647,4318
3659,659,4318
3617,701,4318
3557,761,4318
3491,827,4318
3461,857,4318
3407,911,4318
3389,929,4318
3371,947,4318
3347,971,4318
3299,1019,4318
3257,1061,4318
3221,1097,4318
3209,1109,4318
3167,1151,4318
3137,1181,4318
3089,1229,4318
3041,1277,4318
3011,1307,4318
2999,1319,4318
2957,1361,4318
2909,1409,4318
2879,1439,4318
2837,1481,4318
2819,1499,4318
2711,1607,4318
2699,1619,4318
2621,1697,4318
2609,1709,4318
2531,1787,4318
2447,1871,4318
2441,1877,4318
2417,1901,4318
2411,1907,4318
2339,1979,4318
2237,2081,4318
2207,2111,4318
4297,23,4320
4289,31,4320
4283,37,4320
4273,47,4320
4261,59,4320
4259,61,4320
4253,67,4320
4241,79,4320
4231,89,4320
4219,101,4320
4217,103,4320
4211,109,4320
4157,163,4320
4153,167,4320
4139,181,4320
4129,191,4320
4127,193,4320
4093,227,4320
4091,229,4320
4079,241,4320
4057,263,4320
4051,269,4320
4049,271,4320
4027,293,4320
4013,307,4320
4007,313,4320
4003,317,4320
3989,331,4320
3967,353,4320
3947,373,4320
3931,389,4320
3923,397,4320
3919,401,4320
3911,409,4320
3889,431,4320
3881,439,4320
3877,443,4320
3863,457,4320
3853,467,4320
3833,487,4320
3821,499,4320
3797,523,4320
3779,541,4320
3733,587,4320
3727,593,4320
3719,601,4320
3701,619,4320
3677,643,4320
3673,647,4320
3659,661,4320
3643,677,4320
3637,683,4320
3593,727,4320
3581,739,4320
3559,761,4320
3547,773,4320
3533,787,4320
3511,809,4320
3499,821,4320
3491,829,4320
3467,853,4320
3463,857,4320
3461,859,4320
3457,863,4320
3433,887,4320
3413,907,4320
3391,929,4320
3373,947,4320
3343,977,4320
3329,991,4320
3323,997,4320
3307,1013,4320
3301,1019,4320
3299,1021,4320
3271,1049,4320
3259,1061,4320
3257,1063,4320
3251,1069,4320
3229,1091,4320
3217,1103,4320
3203,1117,4320
3191,1129,4320
3169,1151,4320
3167,1153,4320
3119,1201,4320
3089,1231,4320
3083,1237,4320
3061,1259,4320
3041,1279,4320
3037,1283,4320
3023,1297,4320
3019,1301,4320
3001,1319,4320
2999,1321,4320
2953,1367,4320
2939,1381,4320
2897,1423,4320
2887,1433,4320
2861,1459,4320
2837,1483,4320
2833,1487,4320
2797,1523,4320
2789,1531,4320
2777,1543,4320
2767,1553,4320
2753,1567,4320
2749,1571,4320
2741,1579,4320
2719,1601,4320
2713,1607,4320
2711,1609,4320
2707,1613,4320
2699,1621,4320
2693,1627,4320
2683,1637,4320
2663,1657,4320
2657,1663,4320
2621,1699,4320
2579,1741,4320
2543,1777,4320
2531,1789,4320
2473,1847,4320
2459,1861,4320
2447,1873,4320
2441,1879,4320
2389,1931,4320
2371,1949,4320
2347,1973,4320
2341,1979,4320
2333,1987,4320
2309,2011,4320
2293,2027,4320
2281,2039,4320
2267,2053,4320
2251,2069,4320
2239,2081,4320
2237,2083,4320
2221,2099,4320
2207,2113,4320
2179,2141,4320
4261,61,4322
4243,79,4322
4219,103,4322
4159,163,4322
4129,193,4322
4111,211,4322
4099,223,4322
4093,229,4322
4051,271,4322
3943,379,4322
3889,433,4322
3823,499,4322
3709,613,4322
3691,631,4322
3631,691,4322
3613,709,4322
3583,739,4322
3571,751,4322
3511,811,4322
3499,823,4322
3469,853,4322
3463,859,4322
3331,991,4322
3313,1009,4322
3301,1021,4322
3271,1051,4322
3259,1063,4322
3253,1069,4322
3229,1093,4322
3169,1153,4322
3121,1201,4322
3109,1213,4322
3019,1303,4322
3001,1321,4322
2851,1471,4322
2833,1489,4322
2791,1531,4322
2713,1609,4322
2659,1663,4322
2539,1783,4322
2521,1801,4322
2389,1933,4322
2371,1951,4322
2311,2011,4322
2293,2029,4322
2269,2053,4322
2239,2083,4322
2179,2143,4322
2161,2161,4322
4283,41,4324
4271,53,4324
4253,71,4324
4241,83,4324
4217,107,4324
4211,113,4324
4157,167,4324
4133,191,4324
4127,197,4324
4091,233,4324
4073,251,4324
4013,311,4324
4007,317,4324
3923,401,4324
3881,443,4324
3863,461,4324
3833,491,4324
3821,503,4324
3803,521,4324
3767,557,4324
3761,563,4324
3677,647,4324
3671,653,4324
3623,701,4324
3581,743,4324
3527,797,4324
3467,857,4324
3461,863,4324
3413,911,4324
3371,953,4324
3347,977,4324
3221,1103,4324
3137,1187,4324
3041,1283,4324
3023,1301,4324
2963,1361,4324
2957,1367,4324
2897,1427,4324
2843,1481,4324
2837,1487,4324
2801,1523,4324
2753,1571,4324
2741,1583,4324
2711,1613,4324
2687,1637,4324
2657,1667,4324
2591,1733,4324
2477,1847,4324
2447,1877,4324
2423,1901,4324
2417,1907,4324
2411,1913,4324
2393,1931,4324
2351,1973,4324
2297,2027,4324
2243,2081,4324
2237,2087,4324
2213,2111,4324
4297,29,4326
4289,37,4326
4283,43,4326
4273,53,4326
4259,67,4326
4253,73,4326
4243,83,4326
4229,97,4326
4219,107,4326
4217,109,4326
4177,149,4326
4159,167,4326
4153,173,4326
4133,193,4326
4129,197,4326
4127,199,4326
4099,227,4326
4093,233,4326
4057,269,4326
4049,277,4326
4019,307,4326
4013,313,4326
3989,337,4326
3967,359,4326
3947,379,4326
3943,383,4326
3929,397,4326
3917,409,4326
3907,419,4326
3877,449,4326
3863,463,4326
3847,479,4326
3823,503,4326
3803,523,4326
3779,547,4326
3769,557,4326
3739,587,4326
3733,593,4326
3727,599,4326
3719,607,4326
3709,617,4326
3673,653,4326
3643,683,4326
3617,709,4326
3607,719,4326
3593,733,4326
3583,743,4326
3557,769,4326
3539,787,4326
3529,797,4326
3517,809,4326
3499,827,4326
3469,857,4326
3467,859,4326
3463,863,4326
3449,877,4326
3407,919,4326
3389,937,4326
3373,953,4326
3359,967,4326
3343,983,4326
3329,997,4326
3313,1013,4326
3307,1019,4326
3257,1069,4326
3229,1097,4326
3217,1109,4326
3209,1117,4326
3203,1123,4326
3163,1163,4326
3109,1217,4326
3089,1237,4326
3067,1259,4326
3049,1277,4326
3037,1289,4326
3023,1303,4326
3019,1307,4326
2999,1327,4326
2953,1373,4326
2927,1399,4326
2917,1409,4326
2903,1423,4326
2897,1429,4326
2887,1439,4326
2879,1447,4326
2843,1483,4326
2837,1489,4326
2833,1493,4326
2803,1523,4326
2777,1549,4326
2767,1559,4326
2729,1597,4326
2719,1607,4326
2713,1613,4326
2707,1619,4326
2699,1627,4326
2689,1637,4326
2663,1663,4326
2659,1667,4326
2657,1669,4326
2633,1693,4326
2617,1709,4326
2593,1733,4326
2579,1747,4326
2549,1777,4326
2543,1783,4326
2539,1787,4326
2503,1823,4326
2459,1867,4326
2447,1879,4326
2437,1889,4326
2393,1933,4326
2377,1949,4326
2347,1979,4326
2339,1987,4326
2333,1993,4326
2309,2017,4326
2297,2029,4326
2287,2039,4326
2273,2053,4326
2243,2083,4326
2239,2087,4326
2237,2089,4326
2213,2113,4326
4297,31,4328
4261,67,4328
4231,97,4328
4219,109,4328
4201,127,4328
4177,151,4328
4129,199,4328
4099,229,4328
4057,271,4328
4051,277,4328
4021,307,4328
3931,397,4328
3919,409,4328
3907,421,4328
3889,439,4328
3727,601,4328
3709,619,4328
3697,631,4328
3637,691,4328
3571,757,4328
3559,769,4328
3541,787,4328
3517,811,4328
3499,829,4328
3469,859,4328
3391,937,4328
3361,967,4328
3331,997,4328
3319,1009,4328
3307,1021,4328
3259,1069,4328
3079,1249,4328
3049,1279,4328
3037,1291,4328
3001,1327,4328
2857,1471,4328
2797,1531,4328
2749,1579,4328
2731,1597,4328
2719,1609,4328
2707,1621,4328
2671,1657,4328
2659,1669,4328
2551,1777,4328
2539,1789,4328
2467,1861,4328
2377,1951,4328
2341,1987,4328
2311,2017,4328
2239,2089,4328
4327,3,4330
4289,41,4330
4283,47,4330
4271,59,4330
4259,71,4330
4241,89,4330
4229,101,4330
4217,113,4330
4157,173,4330
4139,191,4330
4133,197,4330
4091,239,4330
4079,251,4330
4073,257,4330
4049,281,4330
4019,311,4330
4013,317,4330
3947,383,4330
3929,401,4330
3911,419,4330
3881,449,4330
3863,467,4330
3851,479,4330
3821,509,4330
3767,563,4330
3761,569,4330
3677,653,4330
3671,659,4330
3557,773,4330
3533,797,4330
3491,839,4330
3467,863,4330
3449,881,4330
3389,941,4330
3359,971,4330
3347,983,4330
3299,1031,4330
3221,1109,4330
3167,1163,4330
3137,1193,4330
3041,1289,4330
3023,1307,4330
3011,1319,4330
2969,1361,4330
2963,1367,4330
2957,1373,4330
2903,1427,4330
2897,1433,4330
2879,1451,4330
2843,1487,4330
2837,1493,4330
2819,1511,4330
2777,1553,4330
2729,1601,4330
2711,1619,4330
2693,1637,4330
2663,1667,4330
2633,1697,4330
2621,1709,4330
2609,1721,4330
2543,1787,4330
2459,1871,4330
2441,1889,4330
2423,1907,4330
2417,1913,4330
2399,1931,4330
2381,1949,4330
2357,1973,4330
2351,1979,4330
2333,1997,4330
2267,2063,4330
2243,2087,4330
4327,5,4332
4289,43,4332
4273,59,4332
4271,61,4332
4261,71,4332
4259,73,4332
4253,79,4332
4243,89,4332
4231,101,4332
4229,103,4332
4219,113,4332
4201,131,4332
4159,173,4332
4153,179,4332
4139,193,4332
4133,199,4332
4099,233,4332
4093,239,4332
4091,241,4332
4051,281,4332
4049,283,4332
4021,311,4332
4019,313,4332
4001,331,4332
3943,389,4332
3931,401,4332
3923,409,4332
3911,421,4332
3889,443,4332
3853,479,4332
3833,499,4332
3823,509,4332
3769,563,4332
3761,571,4332
3739,593,4332
3733,599,4332
3719,613,4332
3701,631,4332
3691,641,4332
3673,659,4332
3671,661,4332
3659,673,4332
3631,701,4332
3623,709,4332
3613,719,4332
3593,739,4332
3581,751,4332
3571,761,4332
3559,773,4332
3511,821,4332
3469,863,4332
3449,883,4332
3413,919,4332
3391,941,4332
3361,971,4332
3323,1009,4332
3319,1013,4332
3313,1019,4332
3301,1031,4332
3299,1033,4332
3271,1061,4332
3229,1103,4332
3209,1123,4332
3203,1129,4332
3181,1151,4332
3169,1163,4332
3119,1213,4332
3109,1223,4332
3083,1249,4332
3049,1283,4332
3041,1291,4332
3011,1321,4332
2971,1361,4332
2909,1423,4332
2903,1429,4332
2879,1453,4332
2861,1471,4332
2851,1481,4332
2843,1489,4332
2833,1499,4332
2801,1531,4332
2789,1543,4332
2753,1579,4332
2749,1583,4332
2731,1601,4332
2719,1613,4332
2713,1619,4332
2711,1621,4332
2663,1669,4332
2633,1699,4332
2609,1723,4332
2591,1741,4332
2579,1753,4332
2549,1783,4332
2543,1789,4332
2531,1801,4332
2521,1811,4332
2459,1873,4332
2399,1933,4332
2383,1949,4332
2381,1951,4332
2339,1993,4332
2333,1999,4332
2293,2039,4332
2269,2063,4332
2251,2081,4332
2243,2089,4332
2221,2111,4332
2203,2129,4332
2179,2153,4332
4327,7,4334
4297,37,4334
4273,61,4334
4261,73,4334
4231,103,4334
4177,157,4334
4153,181,4334
4111,223,4334
4093,241,4334
4057,277,4334
4051,283,4334
4027,307,4334
4021,313,4334
4003,331,4334
3967,367,4334
3877,457,4334
3847,487,4334
3793,541,4334
3733,601,4334
3727,607,4334
3691,643,4334
3673,661,4334
3643,691,4334
3607,727,4334
3583,751,4334
3547,787,4334
3511,823,4334
3457,877,4334
3343,991,4334
3313,1021,4334
3301,1033,4334
3271,1063,4334
3217,1117,4334
3181,1153,4334
3163,1171,4334
3121,1213,4334
3037,1297,4334
2953,1381,4334
2887,1447,4334
2851,1483,4334
2803,1531,4334
2791,1543,4334
2767,1567,4334
2713,1621,4334
2707,1627,4334
2677,1657,4334
2671,1663,4334
2593,1741,4334
2557,1777,4334
2551,1783,4334
2503,1831,4334
2473,1861,4334
2467,1867,4334
2383,1951,4334
2347,1987,4334
2341,1993,4334
2281,2053,4334
2251,2083,4334
2221,2113,4334
2203,2131,4334
4289,47,4336
4283,53,4336
4253,83,4336
4229,107,4336
4157,179,4336
4139,197,4336
4079,257,4336
4073,263,4336
4019,317,4336
3989,347,4336
3947,389,4336
3917,419,4336
3833,503,4336
3779,557,4336
3767,569,4336
3719,617,4336
3677,659,4336
3659,677,4336
3617,719,4336
3593,743,4336
3539,797,4336
3527,809,4336
3449,887,4336
3407,929,4336
3389,947,4336
3359,977,4336
3323,1013,4336
3119,1217,4336
2969,1367,4336
2963,1373,4336
2927,1409,4336
2909,1427,4336
2903,1433,4336
2897,1439,4336
2843,1493,4336
2837,1499,4336
2777,1559,4336
2753,1583,4336
2729,1607,4336
2699,1637,4336
2549,1787,4336
2459,1877,4336
2447,1889,4336
2423,1913,4336
2357,1979,4336
2339,1997,4336
2333,2003,4336
2309,2027,4336
2297,2039,4336
2273,2063,4336
2267,2069,4336
2237,2099,4336
2207,2129,4336
4327,11,4338
4297,41,4338
4271,67,4338
4259,79,4338
4241,97,4338
4231,107,4338
4229,109,4338
4211,127,4338
4201,137,4338
4159,179,4338
4157,181,4338
4139,199,4338
4127,211,4338
4111,227,4338
4099,239,4338
4057,281,4338
4027,311,4338
4021,317,4338
4007,331,4338
4001,337,4338
3989,349,4338
3929,409,4338
3919,419,4338
3917,421,4338
3907,431,4338
3889,449,4338
3881,457,4338
3877,461,4338
3851,487,4338
3847,491,4338
3797,541,4338
3769,569,4338
3767,571,4338
3761,577,4338
3739,599,4338
3719,619,4338
3697,641,4338
3691,647,4338
3677,661,4338
3637,701,4338
3581,757,4338
3541,797,4338
3529,809,4338
3527,811,4338
3517,821,4338
3511,827,4338
3499,839,4338
3461,877,4338
3457,881,4338
3391,947,4338
3371,967,4338
3361,977,4338
3347,991,4338
3329,1009,4338
3319,1019,4338
3307,1031,4338
3299,1039,4338
3251,1087,4338
3229,1109,4338
3221,1117,4338
3209,1129,4338
3187,1151,4338
3167,1171,4338
3137,1201,4338
3121,1217,4338
3109,1229,4338
3089,1249,4338
3079,1259,4338
3061,1277,4338
3049,1289,4338
3041,1297,4338
3037,1301,4338
3019,1319,4338
3011,1327,4338
2971,1367,4338
2957,1381,4338
2939,1399,4338
2909,1429,4338
2887,1451,4338
2879,1459,4338
2857,1481,4338
2851,1487,4338
2789,1549,4338
2767,1571,4338
2741,1597,4338
2731,1607,4338
2729,1609,4338
2719,1619,4338
2711,1627,4338
2671,1667,4338
2617,1721,4338
2591,1747,4338
2579,1759,4338
2551,1787,4338
2549,1789,4338
2477,1861,4338
2467,1871,4338
2459,1879,4338
2437,1901,4338
2389,1949,4338
2351,1987,4338
2341,1997,4338
2339,1999,4338
2311,2027,4338
2309,2029,4338
2269,2069,4338
2251,2087,4338
2239,2099,4338
2207,2131,4338
4337,3,4340
4327,13,4340
4297,43,4340
4273,67,4340
4261,79,4340
4243,97,4340
4231,109,4340
4201,139,4340
4177,163,4340
4159,181,4340
4129,211,4340
4111,229,4340
4099,241,4340
4057,283,4340
4027,313,4340
4003,337,4340
3967,373,4340
3943,397,4340
3931,409,4340
3919,421,4340
3907,433,4340
3877,463,4340
3853,487,4340
3793,547,4340
3769,571,4340
3739,601,4340
3733,607,4340
3727,613,4340
3709,631,4340
3697,643,4340
3631,709,4340
3613,727,4340
3607,733,4340
3583,757,4340
3571,769,4340
3529,811,4340
3517,823,4340
3511,829,4340
3463,877,4340
3457,883,4340
3433,907,4340
3373,967,4340
3343,997,4340
3331,1009,4340
3319,1021,4340
3307,1033,4340
3301,1039,4340
3271,1069,4340
3253,1087,4340
3217,1123,4340
3187,1153,4340
3169,1171,4340
3109,1231,4340
3061,1279,4340
3049,1291,4340
3037,1303,4340
3019,1321,4340
2917,1423,4340
2887,1453,4340
2857,1483,4340
2851,1489,4340
2797,1543,4340
2791,1549,4340
2731,1609,4340
2719,1621,4340
2713,1627,4340
2683,1657,4340
2677,1663,4340
2671,1669,4340
2647,1693,4340
2617,1723,4340
2593,1747,4340
2557,1783,4340
2551,1789,4340
2539,1801,4340
2473,1867,4340
2467,1873,4340
2389,1951,4340
2347,1993,4340
2341,1999,4340
2311,2029,4340
2287,2053,4340
2251,2089,4340
2203,2137,4340
2179,2161,4340
4339,3,4342
4337,5,4342
4289,53,4342
4283,59,4342
4271,71,4342
4259,83,4342
4253,89,4342
4241,101,4342
4229,113,4342
4211,131,4342
4091,251,4342
4079,263,4342
4073,269,4342
4049,293,4342
3989,353,4342
3923,419,4342
3911,431,4342
3881,461,4342
3863,479,4342
3851,491,4342
3833,509,4342
3821,521,4342
3779,563,4342
3701,641,4342
3659,683,4342
3623,719,4342
3581,761,4342
3533,809,4342
3461,881,4342
3413,929,4342
3389,953,4342
3371,971,4342
3359,983,4342
3329,1013,4342
3323,1019,4342
3251,1091,4342
3191,1151,4342
3119,1223,4342
3083,1259,4342
3041,1301,4342
3023,1319,4342
2969,1373,4342
2909,1433,4342
2903,1439,4342
2861,1481,4342
2843,1499,4342
2819,1523,4342
2789,1553,4342
2741,1601,4342
2729,1613,4342
2633,1709,4342
2621,1721,4342
2609,1733,4342
2531,1811,4342
2441,1901,4342
2411,1931,4342
2393,1949,4342
2339,2003,4342
2273,2069,4342
2243,2099,4342
2213,2129,4342
4339,5,4344
4337,7,4344
4327,17,4344
4297,47,4344
4283,61,4344
4273,71,4344
4271,73,4344
4261,83,4344
4243,101,4344
4241,103,4344
4231,113,4344
4217,127,4344
4177,167,4344
4153,191,4344
4133,211,4344
4111,233,4344
4093,251,4344
4073,271,4344
4051,293,4344
4027,317,4344
4013,331,4344
4007,337,4344
3947,397,4344
3943,401,4344
3923,421,4344
3911,433,4344
3881,463,4344
3877,467,4344
3853,491,4344
3823,521,4344
3821,523,4344
3803,541,4344
3797,547,4344
3767,577,4344
3727,617,4344
3701,643,4344
3697,647,4344
3691,653,4344
3671,673,4344
3643,701,4344
3617,727,4344
3593,751,4344
3583,761,4344
3571,773,4344
3557,787,4344
3547,797,4344
3533,811,4344
3517,827,4344
3491,853,4344
3467,877,4344
3463,881,4344
3461,883,4344
3457,887,4344
3433,911,4344
3407,937,4344
3391,953,4344
3373,971,4344
3361,983,4344
3347,997,4344
3331,1013,4344
3323,1021,4344
3313,1031,4344
3257,1087,4344
3253,1091,4344
3251,1093,4344
3221,1123,4344
3191,1153,4344
3181,1163,4344
3163,1181,4344
3121,1223,4344
3067,1277,4344
3061,1283,4344
3041,1303,4344
3037,1307,4344
3023,1321,4344
2971,1373,4344
2963,1381,4344
2917,1427,4344
2897,1447,4344
2861,1483,4344
2857,1487,4344
2851,1493,4344
2833,1511,4344
2801,1543,4344
2791,1553,4344
2777,1567,4344
2731,1613,4344
2707,1637,4344
2687,1657,4344
2677,1667,4344
2647,1697,4344
2621,1723,4344
2591,1753,4344
2557,1787,4344
2543,1801,4344
2521,1823,4344
2477,1867,4344
2473,1871,4344
2467,1877,4344
2437,1907,4344
2411,1933,4344
2393,1951,4344
2371,1973,4344
2357,1987,4344
2351,1993,4344
2347,1997,4344
2341,2003,4344
2333,2011,4344
2281,2063,4344
2213,2131,4344
2207,2137,4344
2203,2141,4344
4339,7,4346
4327,19,4346
4273,73,4346
4243,103,4346
4219,127,4346
4153,193,4346
3967,379,4346
3907,439,4346
3889,457,4346
3847,499,4346
3823,523,4346
3769,577,4346
3739,607,4346
3733,613,4346
3727,619,4346
3673,673,4346
3637,709,4346
3613,733,4346
3607,739,4346
3559,787,4346
3517,829,4346
3469,877,4346
3463,883,4346
3313,1033,4346
3307,1039,4346
3259,1087,4346
3253,1093,4346
3229,1117,4346
3217,1129,4346
3109,1237,4346
3067,1279,4346
3049,1297,4346
3019,1327,4346
2917,1429,4346
2887,1459,4346
2857,1489,4346
2803,1543,4346
2797,1549,4346
2767,1579,4346
2749,1597,4346
2719,1627,4346
2689,1657,4346
2683,1663,4346
2677,1669,4346
2647,1699,4346
2593,1753,4346
2557,1789,4346
2473,1873,4346
2467,1879,4346
2347,1999,4346
2293,2053,4346
2203,2143,4346
4337,11,4348
4289,59,4348
4259,89,4348
4241,107,4348
4217,131,4348
4211,137,4348
4157,191,4348
4091,257,4348
4079,269,4348
4001,347,4348
3989,359,4348
3947,401,4348
3929,419,4348
3917,431,4348
3881,467,4348
3779,569,4348
3761,587,4348
3701,647,4348
3671,677,4348
3539,809,4348
3527,821,4348
3491,857,4348
3467,881,4348
3461,887,4348
3407,941,4348
3371,977,4348
3329,1019,4348
3299,1049,4348
3257,1091,4348
3251,1097,4348
3167,1181,4348
3119,1229,4348
3089,1259,4348
3041,1307,4348
2939,1409,4348
2909,1439,4348
2897,1451,4348
2861,1487,4348
2837,1511,4348
2789,1559,4348
2777,1571,4348
2741,1607,4348
2729,1619,4348
2711,1637,4348
2477,1871,4348
2459,1889,4348
2447,1901,4348
2441,1907,4348
2417,1931,4348
2399,1949,4348
2351,1997,4348
2309,2039,4348
2267,2081,4348
2237,2111,4348
2207,2141,4348
4339,11,4350
4337,13,4350
4327,23,4350
4297,53,4350
4289,61,4350
4283,67,4350
4271,79,4350
4261,89,4350
4253,97,4350
4243,107,4350
4241,109,4350
4219,131,4350
4211,139,4350
4201,149,4350
4177,173,4350
4159,191,4350
4157,193,4350
4153,197,4350
4139,211,4350
4127,223,4350
4111,239,4350
4099,251,4350
4093,257,4350
4079,271,4350
4073,277,4350
4057,293,4350
4019,331,4350
4013,337,4350
4003,347,4350
4001,349,4350
3967,383,4350
3931,419,4350
3929,421,4350
3919,431,4350
3917,433,4350
3911,439,4350
3907,443,4350
3889,461,4350
3863,487,4350
3851,499,4350
3847,503,4350
3803,547,4350
3793,557,4350
3779,571,4350
3733,617,4350
3719,631,4350
3709,641,4350
3697,653,4350
3691,659,4350
3677,673,4350
3673,677,4350
3659,691,4350
3631,719,4350
3623,727,4350
3617,733,4350
3607,743,4350
3593,757,4350
3581,769,4350
3541,809,4350
3539,811,4350
3529,821,4350
3527,823,4350
3511,839,4350
3491,859,4350
3469,881,4350
3467,883,4350
3463,887,4350
3413,937,4350
3373,977,4350
3359,991,4350
3331,1019,4350
3329,1021,4350
3319,1031,4350
3301,1049,4350
3299,1051,4350
3259,1091,4350
3257,1093,4350
3253,1097,4350
3221,1129,4350
3187,1163,4350
3169,1181,4350
3163,1187,4350
3137,1213,4350
3121,1229,4350
3119,1231,4350
3067,1283,4350
3061,1289,4350
3049,1301,4350
3023,1327,4350
2969,1381,4350
2927,1423,4350
2917,1433,4350
2903,1447,4350
2897,1453,4350
2879,1471,4350
2861,1489,4350
2857,1493,4350
2851,1499,4350
2819,1531,4350
2801,1549,4350
2797,1553,4350
2791,1559,4350
2767,1583,4350
2753,1597,4350
2749,1601,4350
2741,1609,4350
2731,1619,4350
2729,1621,4350
2713,1637,4350
2693,1657,4350
2687,1663,4350
2683,1667,4350
2657,1693,4350
2617,1733,4350
2609,1741,4350
2591,1759,4350
2549,1801,4350
2539,1811,4350
2503,1847,4350
2477,1873,4350
2473,1877,4350
2437,1913,4350
2417,1933,4350
2399,1951,4350
2377,1973,4350
2371,1979,4350
2357,1993,4350
2351,1999,4350
2347,2003,4350
2339,2011,4350
2333,2017,4350
2311,2039,4350
2297,2053,4350
2287,2063,4350
2281,2069,4350
2269,2081,4350
2267,2083,4350
2251,2099,4350
2239,2111,4350
2237,2113,4350
2221,2129,4350
2213,2137,4350
2207,2143,4350
4349,3,4352
4339,13,4352
4273,79,4352
4243,109,4352
4201,151,4352
4159,193,4352
4153,199,4352
4129,223,4352
4111,241,4352
4021,331,4352
4003,349,4352
3943,409,4352
3931,421,4352
3919,433,4352
3889,463,4352
3853,499,4352
3739,613,4352
3733,619,4352
3709,643,4352
3691,661,4352
3643,709,4352
3613,739,4352
3583,769,4352
3541,811,4352
3529,823,4352
3499,853,4352
3469,883,4352
3433,919,4352
3361,991,4352
3343,1009,4352
3331,1021,4352
3319,1033,4352
3313,1039,4352
3301,1051,4352
3259,1093,4352
3229,1123,4352
3181,1171,4352
3121,1231,4352
3061,1291,4352
3049,1303,4352
2971,1381,4352
2953,1399,4352
2803,1549,4352
2731,1621,4352
2689,1663,4352
2683,1669,4352
2659,1693,4352
2593,1759,4352
2551,1801,4352
2521,1831,4352
2473,1879,4352
2341,2011,4352
2269,2083,4352
2239,2113,4352
2221,2131,4352
4349,5,4354
4337,17,4354
4283,71,4354
4271,83,4354
4253,101,4354
4241,113,4354
4217,137,4354
4157,197,4354
4127,227,4354
4091,263,4354
4073,281,4354
4007,347,4354
4001,353,4354
3923,431,4354
3911,443,4354
3863,491,4354
3851,503,4354
3833,521,4354
3797,557,4354
3767,587,4354
3761,593,4354
3701,653,4354
3677,677,4354
3671,683,4354
3593,761,4354
3581,773,4354
3557,797,4354
3533,821,4354
3527,827,4354
3491,863,4354
3467,887,4354
3413,941,4354
3407,947,4354
3371,983,4354
3323,1031,4354
3257,1097,4354
3251,1103,4354
3203,1151,4354
3191,1163,4354
3167,1187,4354
3137,1217,4354
2927,1427,4354
2903,1451,4354
2861,1493,4354
2843,1511,4354
2801,1553,4354
2753,1601,4354
2741,1613,4354
2687,1667,4354
2657,1697,4354
2633,1721,4354
2621,1733,4354
2543,1811,4354
2531,1823,4354
2477,1877,4354
2447,1907,4354
2441,1913,4354
2423,1931,4354
2381,1973,4354
2357,1997,4354
2351,2003,4354
2273,2081,4354
2267,2087,4354
2243,2111,4354
2213,2141,4354
4349,7,4356
4339,17,4356
4337,19,4356
4327,29,4356
4297,59,4356
4289,67,4356
4283,73,4356
4273,83,4356
4259,97,4356
4253,103,4356
4243,113,4356
4229,127,4356
4219,137,4356
4217,139,4356
4177,179,4356
4159,197,4356
4157,199,4356
4133,223,4356
4129,227,4356
4127,229,4356
4099,257,4356
4093,263,4356
4079,277,4356
4073,283,4356
4049,307,4356
4019,337,4356
4007,349,4356
4003,353,4356
3989,367,4356
3967,389,4356
3947,409,4356
3923,433,4356
3917,439,4356
3907,449,4356
3889,467,4356
3877,479,4356
3853,503,4356
3847,509,4356
3833,523,4356
3793,563,4356
3779,577,4356
3769,587,4356
3739,617,4356
3709,647,4356
3697,659,4356
3673,683,4356
3637,719,4356
3623,733,4356
3617,739,4356
3613,743,4356
3583,773,4356
3559,797,4356
3547,809,4356
3533,823,4356
3529,827,4356
3527,829,4356
3517,839,4356
3499,857,4356
3469,887,4356
3449,907,4356
3389,967,4356
3373,983,4356
3359,997,4356
3347,1009,4356
3343,1013,4356
3323,1033,4356
3307,1049,4356
3259,1097,4356
3253,1103,4356
3203,1153,4356
3169,1187,4356
3163,1193,4356
3119,1237,4356
3079,1277,4356
3067,1289,4356
3049,1307,4356
3037,1319,4356
2957,1399,4356
2927,1429,4356
2917,1439,4356
2909,1447,4356
2903,1453,4356
2897,1459,4356
2857,1499,4356
2833,1523,4356
2803,1553,4356
2797,1559,4356
2789,1567,4356
2777,1579,4356
2749,1607,4356
2729,1627,4356
2719,1637,4356
2699,1657,4356
2693,1663,4356
2689,1667,4356
2687,1669,4356
2663,1693,4356
2659,1697,4356
2657,1699,4356
2647,1709,4356
2633,1723,4356
2609,1747,4356
2579,1777,4356
2477,1879,4356
2467,1889,4356
2423,1933,4356
2383,1973,4356
2377,1979,4356
2357,1999,4356
2339,2017,4356
2293,2063,4356
2287,2069,4356
2273,2083,4356
2269,2087,4356
2267,2089,4356
2243,2113,4356
2213,2143,4356
2203,2153,4356
4339,19,4358
4327,31,4358
4297,61,4358
4261,97,4358
4231,127,4358
4219,139,4358
4201,157,4358
4177,181,4358
4159,199,4358
4129,229,4358
4051,307,4358
4027,331,4358
4021,337,4358
3919,439,4358
3739,619,4358
3727,631,4358
3697,661,4358
3631,727,4358
3607,751,4358
3571,787,4358
3547,811,4358
3529,829,4358
3499,859,4358
3391,967,4358
3361,997,4358
3319,1039,4358
3307,1051,4358
3271,1087,4358
3229,1129,4358
3187,1171,4358
3121,1237,4358
3109,1249,4358
3079,1279,4358
3067,1291,4358
3061,1297,4358
3037,1321,4358
2887,1471,4358
2791,1567,4358
2749,1609,4358
2731,1627,4358
2689,1669,4358
2659,1699,4358
2617,1741,4358
2557,1801,4358
2371,1987,4358
2347,2011,4358
2341,2017,4358
2269,2089,4358
2221,2137,4358
2179,2179,4358
4357,3,4360
4349,11,4360
4337,23,4360
4289,71,4360
4271,89,4360
4259,101,4360
4253,107,4360
4229,131,4360
4211,149,4360
4133,227,4360
4127,233,4360
4091,269,4360
4079,281,4360
4049,311,4360
4013,347,4360
4007,353,4360
4001,359,4360
3929,431,4360
3917,443,4360
3911,449,4360
3881,479,4360
3851,509,4360
3803,557,4360
3797,563,4360
3767,593,4360
3761,599,4360
3719,641,4360
3701,659,4360
3677,683,4360
3659,701,4360
3617,743,4360
3539,821,4360
3533,827,4360
3449,911,4360
3413,947,4360
3407,953,4360
3389,971,4360
3347,1013,4360
3329,1031,4360
3299,1061,4360
3257,1103,4360
3251,1109,4360
3209,1151,4360
3167,1193,4360
3137,1223,4360
3083,1277,4360
3041,1319,4360
2999,1361,4360
2927,1433,4360
2909,1451,4360
2879,1481,4360
2861,1499,4360
2837,1523,4360
2801,1559,4360
2789,1571,4360
2777,1583,4360
2753,1607,4360
2741,1619,4360
2693,1667,4360
2663,1697,4360
2549,1811,4360
2459,1901,4360
2447,1913,4360
2411,1949,4360
2381,1979,4360
2357,2003,4360
2333,2027,4360
2297,2063,4360
2273,2087,4360
2207,2153,4360
4357,5,4362
4349,13,4362
4339,23,4362
4289,73,4362
4283,79,4362
4273,89,4362
4261,101,4362
4259,103,4362
4253,109,4362
4231,131,4362
4211,151,4362
4139,223,4362
4133,229,4362
4129,233,4362
4111,251,4362
4099,263,4362
4093,269,4362
4091,271,4362
4079,283,4362
4051,311,4362
4049,313,4362
4013,349,4362
4003,359,4362
3989,373,4362
3943,419,4362
3931,431,4362
3929,433,4362
3923,439,4362
3919,443,4362
3863,499,4362
3853,509,4362
3821,541,4362
3793,569,4362
3769,593,4362
3761,601,4362
3719,643,4362
3709,653,4362
3701,661,4362
3671,691,4362
3643,719,4362
3623,739,4362
3593,769,4362
3541,821,4362
3539,823,4362
3533,829,4362
3499,863,4362
3433,929,4362
3391,971,4362
3371,991,4362
3343,1019,4362
3331,1031,4362
3329,1033,4362
3323,1039,4362
3313,1049,4362
3301,1061,4362
3299,1063,4362
3271,1091,4362
3259,1103,4362
3253,1109,4362
3209,1153,4362
3191,1171,4362
3181,1181,4362
3169,1193,4362
3083,1279,4362
3079,1283,4362
3061,1301,4362
3041,1321,4362
3001,1361,4362
2963,1399,4362
2953,1409,4362
2939,1423,4362
2909,1453,4362
2903,1459,4362
2879,1483,4362
2851,1511,4362
2819,1543,4362
2803,1559,4362
2791,1571,4362
2753,1609,4362
2749,1613,4362
2741,1621,4362
2699,1663,4362
2693,1669,4362
2663,1699,4362
2621,1741,4362
2609,1753,4362
2579,1783,4362
2551,1811,4362
2539,1823,4362
2531,1831,4362
2473,1889,4362
2411,1951,4362
2389,1973,4362
2383,1979,4362
2351,2011,4362
2333,2029,4362
2309,2053,4362
2293,2069,4362
2281,2081,4362
2273,2089,4362
2251,2111,4362
2221,2141,4362
4357,7,4364
4327,37,4364
4297,67,4364
4261,103,4364
4201,163,4364
4153,211,4364
4093,271,4364
4057,307,4364
4051,313,4364
4027,337,4364
3967,397,4364
3943,421,4364
3931,433,4364
3907,457,4364
3877,487,4364
3823,541,4364
3793,571,4364
3733,631,4364
3691,673,4364
3673,691,4364
3637,727,4364
3631,733,4364
3613,751,4364
3607,757,4364
3541,823,4364
3511,853,4364
3457,907,4364
3373,991,4364
3343,1021,4364
3331,1033,4364
3313,1051,4364
3301,1063,4364
3271,1093,4364
3163,1201,4364
3067,1297,4364
3061,1303,4364
3037,1327,4364
2917,1447,4364
2833,1531,4364
2797,1567,4364
2767,1597,4364
2707,1657,4364
2671,1693,4364
2617,1747,4364
2503,1861,4364
2377,1987,4364
2371,1993,4364
2347,2017,4364
2311,2053,4364
2281,2083,4364
2251,2113,4364
2221,2143,4364
2203,2161,4364
4363,3,4366
4349,17,4366
4337,29,4366
4283,83,4366
4259,107,4366
4253,113,4366
4229,137,4366
4217,149,4366
4139,227,4366
4133,233,4366
4127,239,4366
4073,293,4366
4049,317,4366
4019,347,4366
4013,353,4366
4007,359,4366
3947,419,4366
3923,443,4366
3917,449,4366
3863,503,4366
3803,563,4366
3797,569,4366
3779,587,4366
3767,599,4366
3719,647,4366
3623,743,4366
3593,773,4366
3557,809,4366
3539,827,4366
3527,839,4366
3413,953,4366
3389,977,4366
3347,1019,4366
3257,1109,4366
3203,1163,4366
3137,1229,4366
3089,1277,4366
3083,1283,4366
2999,1367,4366
2957,1409,4366
2939,1427,4366
2927,1439,4366
2879,1487,4366
2843,1523,4366
2753,1613,4366
2729,1637,4366
2699,1667,4366
2657,1709,4366
2633,1733,4366
2579,1787,4366
2543,1823,4366
2477,1889,4366
2459,1907,4366
2417,1949,4366
2393,1973,4366
2339,2027,4366
2297,2069,4366
2267,2099,4366
2237,2129,4366
2213,2153,4366
4363,5,4368
4357,11,4368
4349,19,4368
4339,29,4368
4337,31,4368
4327,41,4368
4297,71,4368
4289,79,4368
4271,97,4368
4261,107,4368
4259,109,4368
4241,127,4368
4231,137,4368
4229,139,4368
4219,149,4368
4217,151,4368
4211,157,4368
4201,167,4368
4177,191,4368
4157,211,4368
4139,229,4368
4129,239,4368
4127,241,4368
4111,257,4368
4099,269,4368
4091,277,4368
4057,311,4368
4051,317,4368
4021,347,4368
4019,349,4368
4001,367,4368
3989,379,4368
3967,401,4368
3947,421,4368
3929,439,4368
3919,449,4368
3911,457,4368
3907,461,4368
3889,479,4368
3881,487,4368
3877,491,4368
3847,521,4368
3821,547,4368
3797,571,4368
3769,599,4368
3767,601,4368
3761,607,4368
3727,641,4368
3709,659,4368
3691,677,4368
3677,691,4368
3659,709,4368
3617,751,4368
3607,761,4368
3581,787,4368
3571,797,4368
3559,809,4368
3557,811,4368
3547,821,4368
3541,827,4368
3539,829,4368
3529,839,4368
3511,857,4368
3491,877,4368
3461,907,4368
3457,911,4368
3449,919,4368
3391,977,4368
3371,997,4368
3359,1009,4368
3347,1021,4368
3329,1039,4368
3319,1049,4368
3307,1061,4368
3299,1069,4368
3271,1097,4368
3259,1109,4368
3251,1117,4368
3217,1151,4368
3187,1181,4368
3181,1187,4368
3167,1201,4368
3137,1231,4368
3119,1249,4368
3109,1259,4368
3089,1279,4368
3079,1289,4368
3067,1301,4368
3061,1307,4368
3049,1319,4368
3041,1327,4368
3001,1367,4368
2969,1399,4368
2939,1429,4368
2917,1451,4368
2909,1459,4368
2897,1471,4368
2887,1481,4368
2879,1489,4368
2857,1511,4368
2837,1531,4368
2819,1549,4368
2801,1567,4368
2797,1571,4368
2789,1579,4368
2767,1601,4368
2749,1619,4368
2741,1627,4368
2731,1637,4368
2711,1657,4368
2699,1669,4368
2671,1697,4368
2659,1709,4368
2647,1721,4368
2621,1747,4368
2609,1759,4368
2591,1777,4368
2579,1789,4368
2557,1811,4368
2521,1847,4368
2467,1901,4368
2437,1931,4368
2417,1951,4368
2389,1979,4368
2381,1987,4368
2371,1997,4368
2357,2011,4368
2351,2017,4368
2341,2027,4368
2339,2029,4368
2287,2081,4368
2281,2087,4368
2269,2099,4368
2239,2129,4368
2237,2131,4368
2207,2161,4368
4363,7,4370
4357,13,4370
4339,31,4370
4327,43,4370
4297,73,4370
4273,97,4370
4261,109,4370
4243,127,4370
4231,139,4370
4219,151,4370
4177,193,4370
4159,211,4370
4129,241,4370
4099,271,4370
4093,277,4370
4057,313,4370
4021,349,4370
4003,367,4370
3931,439,4370
3907,463,4370
3847,523,4370
3823,547,4370
3793,577,4370
3769,601,4370
3739,631,4370
3727,643,4370
3709,661,4370
3697,673,4370
3643,727,4370
3637,733,4370
3631,739,4370
3613,757,4370
3583,787,4370
3559,811,4370
3547,823,4370
3541,829,4370
3517,853,4370
3511,859,4370
3463,907,4370
3433,937,4370
3373,997,4370
3361,1009,4370
3331,1039,4370
3319,1051,4370
3307,1063,4370
3301,1069,4370
3253,1117,4370
3217,1153,4370
3169,1201,4370
3121,1249,4370
3079,1291,4370
3067,1303,4370
3049,1321,4370
2971,1399,4370
2917,1453,4370
2887,1483,4370
2803,1567,4370
2791,1579,4370
2749,1621,4370
2713,1657,4370
2707,1663,4370
2677,1693,4370
2671,1699,4370
2647,1723,4370
2617,1753,4370
2593,1777,4370
2539,1831,4370
2503,1867,4370
2437,1933,4370
2383,1987,4370
2377,1993,4370
2371,1999,4370
2341,2029,4370
2287,2083,4370
2281,2089,4370
2239,2131,4370
4349,23,4372
4289,83,4372
4283,89,4372
4271,101,4372
4259,113,4372
4241,131,4372
4139,233,4372
4133,239,4372
4091,281,4372
4079,293,4372
4019,353,4372
4013,359,4372
3989,383,4372
3929,443,4372
3923,449,4372
3911,461,4372
3881,491,4372
3863,509,4372
3851,521,4372
3803,569,4372
3779,593,4372
3719,653,4372
3671,701,4372
3533,839,4372
3491,881,4372
3461,911,4372
3389,983,4372
3359,1013,4372
3323,1049,4372
3221,1151,4372
3209,1163,4372
3191,1181,4372
3089,1283,4372
3083,1289,4372
3011,1361,4372
2999,1373,4372
2963,1409,4372
2939,1433,4372
2879,1493,4372
2861,1511,4372
2819,1553,4372
2801,1571,4372
2789,1583,4372
2753,1619,4372
2663,1709,4372
2549,1823,4372
2459,1913,4372
2441,1931,4372
2423,1949,4372
2399,1973,4372
2393,1979,4372
2333,2039,4372
2309,2063,4372
2273,2099,4372
2243,2129,4372
4363,11,4374
4357,17,4374
4337,37,4374
4327,47,4374
4273,101,4374
4271,103,4374
4261,113,4374
4243,131,4374
4217,157,4374
4211,163,4374
4201,173,4374
4177,197,4374
4133,241,4374
4111,263,4374
4093,281,4374
4091,283,4374
4057,317,4374
4027,347,4374
4021,353,4374
4007,367,4374
4001,373,4374
3943,431,4374
3931,443,4374
3917,457,4374
3911,463,4374
3907,467,4374
3853,521,4374
3851,523,4374
3833,541,4374
3803,571,4374
3797,577,4374
3767,607,4374
3761,613,4374
3733,641,4374
3727,647,4374
3701,673,4374
3697,677,4374
3691,683,4374
3673,701,4374
3631,743,4374
3623,751,4374
3617,757,4374
3613,761,4374
3547,827,4374
3517,857,4374
3511,863,4374
3491,883,4374
3467,907,4374
3463,911,4374
3433,941,4374
3407,967,4374
3391,983,4374
3361,1013,4374
3343,1031,4374
3323,1051,4374
3313,1061,4374
3271,1103,4374
3257,1117,4374
3251,1123,4374
3221,1153,4374
3203,1171,4374
3187,1187,4374
3181,1193,4374
3137,1237,4374
3083,1291,4374
3067,1307,4374
3001,1373,4374
2927,1447,4374
2903,1471,4374
2887,1487,4374
2851,1523,4374
2843,1531,4374
2803,1571,4374
2791,1583,4374
2777,1597,4374
2767,1607,4374
2753,1621,4374
2711,1663,4374
2707,1667,4374
2677,1697,4374
2633,1741,4374
2621,1753,4374
2591,1783,4374
2551,1823,4374
2543,1831,4374
2503,1871,4374
2473,1901,4374
2467,1907,4374
2441,1933,4374
2423,1951,4374
2381,1993,4374
2377,1997,4374
2371,2003,4374
2357,2017,4374
2347,2027,4374
2311,2063,4374
2293,2081,4374
2287,2087,4374
2243,2131,4374
2237,2137,4374
2221,2153,4374
2213,2161,4374
4373,3,4376
4363,13,4376
4357,19,4376
4339,37,4376
4297,79,4376
4273,103,4376
4219,157,4376
4177,199,4376
4153,223,4376
4099,277,4376
4093,283,4376
4027,349,4376
4003,373,4376
3967,409,4376
3943,433,4376
3919,457,4376
3889,487,4376
3877,499,4376
3853,523,4376
3769,607,4376
3733,643,4376
3643,733,4376
3637,739,4376
3607,769,4376
3547,829,4376
3517,859,4376
3499,877,4376
3469,907,4376
3457,919,4376
3343,1033,4376
3313,1063,4376
3307,1069,4376
3259,1117,4376
3253,1123,4376
3163,1213,4376
3079,1297,4376
3049,1327,4376
2953,1423,4376
2917,1459,4376
2887,1489,4376
2833,1543,4376
2797,1579,4376
2767,1609,4376
2749,1627,4376
2719,1657,4376
2713,1663,4376
2707,1669,4376
2683,1693,4376
2677,1699,4376
2617,1759,4376
2593,1783,4376
2503,1873,4376
2389,1987,4376
2383,1993,4376
2377,1999,4376
2347,2029,4376
2293,2083,4376
2287,2089,4376
2239,2137,4376
4373,5,4378
4349,29,4378
4337,41,4378
4289,89,4378
4271,107,4378
4241,137,4378
4229,149,4378
4211,167,4378
4139,239,4378
4127,251,4378
4019,359,4378
3989,389,4378
3947,431,4378
3929,449,4378
3917,461,4378
3911,467,4378
3821,557,4378
3779,599,4378
3761,617,4378
3719,659,4378
3701,677,4378
3677,701,4378
3659,719,4378
3617,761,4378
3581,797,4378
3557,821,4378
3539,839,4378
3491,887,4378
3467,911,4378
3449,929,4378
3407,971,4378
3359,1019,4378
3347,1031,4378
3329,1049,4378
3191,1187,4378
3119,1259,4378
3089,1289,4378
3011,1367,4378
2969,1409,4378
2939,1439,4378
2927,1451,4378
2897,1481,4378
2879,1499,4378
2819,1559,4378
2777,1601,4378
2741,1637,4378
2711,1667,4378
2657,1721,4378
2591,1787,4378
2531,1847,4378
2477,1901,4378
2447,1931,4378
2399,1979,4378
2381,1997,4378
2351,2027,4378
2339,2039,4378
2309,2069,4378
2297,2081,4378
2267,2111,4378
2237,2141,4378
4373,7,4380
4363,17,4380
4357,23,4380
4349,31,4380
4339,41,4380
4337,43,4380
4327,53,4380
4297,83,4380
4283,97,4380
4273,107,4380
4271,109,4380
4253,127,4380
4243,137,4380
4241,139,4380
4231,149,4380
4229,151,4380
4217,163,4380
4201,179,4380
4157,223,4380
4153,227,4380
4139,241,4380
4129,251,4380
4111,269,4380
4099,281,4380
4073,307,4380
4049,331,4380
4027,353,4380
4021,359,4380
4013,367,4380
4007,373,4380
4001,379,4380
3947,433,4380
3931,449,4380
3923,457,4380
3919,461,4380
3917,463,4380
3889,491,4380
3881,499,4380
3877,503,4380
3833,547,4380
3823,557,4380
3803,577,4380
3793,587,4380
3779,601,4380
3767,613,4380
3761,619,4380
3739,641,4380
3733,647,4380
3727,653,4380
3719,661,4380
3697,683,4380
3671,709,4380
3637,743,4380
3623,757,4380
3607,773,4380
3593,787,4380
3583,797,4380
3571,809,4380
3559,821,4380
3557,823,4380
3541,839,4380
3527,853,4380
3517,863,4380
3499,881,4380
3469,911,4380
3461,919,4380
3433,947,4380
3413,967,4380
3389,991,4380
3371,1009,4380
3361,1019,4380
3359,1021,4380
3347,1033,4380
3331,1049,4380
3329,1051,4380
3319,1061,4380
3271,1109,4380
3257,1123,4380
3251,1129,4380
3229,1151,4380
3217,1163,4380
3209,1171,4380
3187,1193,4380
3167,1213,4380
3163,1217,4380
3121,1259,4380
3089,1291,4380
3083,1297,4380
3079,1301,4380
3061,1319,4380
3019,1361,4380
2999,1381,4380
2971,1409,4380
2957,1423,4380
2953,1427,4380
2927,1453,4380
2909,1471,4380
2897,1483,4380
2887,1493,4380
2857,1523,4380
2837,1543,4380
2801,1579,4380
2797,1583,4380
2767,1613,4380
2753,1627,4380
2713,1667,4380
2711,1669,4380
2687,1693,4380
2683,1697,4380
2671,1709,4380
2659,1721,4380
2657,1723,4380
2647,1733,4380
2633,1747,4380
2621,1759,4380
2593,1787,4380
2591,1789,4380
2579,1801,4380
2557,1823,4380
2549,1831,4380
2503,1877,4380
2473,1907,4380
2467,1913,4380
2447,1933,4380
2393,1987,4380
2383,1997,4380
2381,1999,4380
2377,2003,4380
2351,2029,4380
2341,2039,4380
2311,2069,4380
2297,2083,4380
2293,2087,4380
2281,2099,4380
2269,2111,4380
2267,2113,4380
2251,2129,4380
2243,2137,4380
2239,2141,4380
2237,2143,4380
4363,19,4382
4339,43,4382
4273,109,4382
4243,139,4382
4231,151,4382
4219,163,4382
4201,181,4382
4159,223,4382
4153,229,4382
4111,271,4382
4099,283,4382
4051,331,4382
4003,379,4382
3943,439,4382
3919,463,4382
3769,613,4382
3739,643,4382
3709,673,4382
3691,691,4382
3673,709,4382
3643,739,4382
3631,751,4382
3613,769,4382
3571,811,4382
3559,823,4382
3529,853,4382
3499,883,4382
3463,919,4382
3391,991,4382
3373,1009,4382
3361,1021,4382
3343,1039,4382
3331,1051,4382
3319,1063,4382
3313,1069,4382
3259,1123,4382
3253,1129,4382
3229,1153,4382
3181,1201,4382
3169,1213,4382
3079,1303,4382
3061,1321,4382
3001,1381,4382
2953,1429,4382
2851,1531,4382
2833,1549,4382
2803,1579,4382
2719,1663,4382
2713,1669,4382
2689,1693,4382
2683,1699,4382
2659,1723,4382
2593,1789,4382
2551,1831,4382
2521,1861,4382
2503,1879,4382
2389,1993,4382
2383,1999,4382
2371,2011,4382
2293,2089,4382
2269,2113,4382
2251,2131,4382
2239,2143,4382
2221,2161,4382
2203,2179,4382
4373,11,4384
4337,47,4384
4283,101,4384
4271,113,4384
4253,131,4384
4217,167,4384
4211,173,4384
4157,227,4384
4133,251,4384
4127,257,4384
4091,293,4384
4073,311,4384
4001,383,4384
3923,461,4384
3917,467,4384
3881,503,4384
3863,521,4384
3821,563,4384
3797,587,4384
3767,617,4384
3701,683,4384
3623,761,4384
3557,827,4384
3527,857,4384
3413,971,4384
3407,977,4384
3371,1013,4384
3323,1061,4384
3221,1163,4384
3203,1181,4384
3191,1193,4384
3167,1217,4384
3083,1301,4384
3023,1361,4384
3011,1373,4384
2957,1427,4384
2903,1481,4384
2897,1487,4384
2861,1523,4384
2801,1583,4384
2777,1607,4384
2687,1697,4384
2663,1721,4384
2477,1907,4384
2411,1973,4384
2381,2003,4384
2357,2027,4384
2297,2087,4384
2273,2111,4384
2243,2141,4384
4373,13,4386
4363,23,4386
4357,29,4386
4349,37,4386
4339,47,4386
4327,59,4386
4297,89,4386
4289,97,4386
4283,103,4386
4273,113,4386
4259,127,4386
4229,157,4386
4219,167,4386
4159,227,4386
4157,229,4386
4153,233,4386
4129,257,4386
4093,293,4386
4079,307,4386
4073,313,4386
4049,337,4386
4027,359,4386
4019,367,4386
4013,373,4386
4007,379,4386
4003,383,4386
3989,397,4386
3967,419,4386
3947,439,4386
3943,443,4386
3929,457,4386
3923,463,4386
3919,467,4386
3907,479,4386
3877,509,4386
3863,523,4386
3823,563,4386
3793,593,4386
3779,607,4386
3769,617,4386
3767,619,4386
3739,647,4386
3733,653,4386
3727,659,4386
3709,677,4386
3677,709,4386
3659,727,4386
3643,743,4386
3617,769,4386
3613,773,4386
3559,827,4386
3557,829,4386
3547,839,4386
3533,853,4386
3529,857,4386
3527,859,4386
3499,887,4386
3467,919,4386
3457,929,4386
3449,937,4386
3433,953,4386
3389,997,4386
3373,1013,4386
3347,1039,4386
3323,1063,4386
3299,1087,4386
3257,1129,4386
3169,1217,4386
3163,1223,4386
3137,1249,4386
3109,1277,4386
3089,1297,4386
3083,1303,4386
3079,1307,4386
3067,1319,4386
3019,1367,4386
2963,1423,4386
2957,1429,4386
2953,1433,4386
2939,1447,4386
2927,1459,4386
2903,1483,4386
2897,1489,4386
2887,1499,4386
2843,1543,4386
2837,1549,4386
2833,1553,4386
2819,1567,4386
2803,1583,4386
2789,1597,4386
2777,1609,4386
2767,1619,4386
2749,1637,4386
2729,1657,4386
2719,1667,4386
2693,1693,4386
2689,1697,4386
2687,1699,4386
2677,1709,4386
2663,1723,4386
2633,1753,4386
2609,1777,4386
2539,1847,4386
2473,1913,4386
2437,1949,4386
2399,1987,4386
2393,1993,4386
2389,1997,4386
2383,2003,4386
2357,2029,4386
2347,2039,4386
2333,2053,4386
2297,2089,4386
2287,2099,4386
2273,2113,4386
2243,2143,4386
2207,2179,4386
4357,31,4388
4327,61,4388
4261,127,4388
4231,157,4388
4177,211,4388
4159,229,4388
4111,277,4388
4057,331,4388
4051,337,4388
4021,367,4388
3967,421,4388
3931,457,4388
3889,499,4388
3847,541,4388
3769,619,4388
3727,661,4388
3697,691,4388
3637,751,4388
3631,757,4388
3559,829,4388
3529,859,4388
3511,877,4388
3469,919,4388
3391,997,4388
3319,1069,4388
3301,1087,4388
3271,1117,4388
3259,1129,4388
3217,1171,4388
3187,1201,4388
3109,1279,4388
3067,1321,4388
3061,1327,4388
2917,1471,4388
2857,1531,4388
2791,1597,4388
2767,1621,4388
2731,1657,4388
2719,1669,4388
2689,1699,4388
2647,1741,4388
2557,1831,4388
2521,1867,4388
2437,1951,4388
2389,1999,4388
2377,2011,4388
2371,2017,4388
2251,2137,4388
4373,17,4390
4349,41,4390
4337,53,4390
4289,101,4390
4283,107,4390
4259,131,4390
4253,137,4390
4241,149,4390
4217,173,4390
4211,179,4390
4157,233,4390
4139,251,4390
4133,257,4390
4127,263,4390
4079,311,4390
4073,317,4390
4007,383,4390
4001,389,4390
3989,401,4390
3947,443,4390
3929,461,4390
3923,467,4390
3911,479,4390
3881,509,4390
3833,557,4390
3821,569,4390
3803,587,4390
3797,593,4390
3671,719,4390
3617,773,4390
3593,797,4390
3581,809,4390
3533,857,4390
3527,863,4390
3461,929,4390
3449,941,4390
3413,977,4390
3407,983,4390
3371,1019,4390
3359,1031,4390
3329,1061,4390
3299,1091,4390
3209,1181,4390
3203,1187,4390
3167,1223,4390
3089,1301,4390
3083,1307,4390
3023,1367,4390
2963,1427,4390
2957,1433,4390
2939,1451,4390
2909,1481,4390
2903,1487,4390
2897,1493,4390
2879,1511,4390
2837,1553,4390
2819,1571,4390
2789,1601,4390
2777,1613,4390
2753,1637,4390
2693,1697,4390
2657,1733,4390
2579,1811,4390
2543,1847,4390
2477,1913,4390
2459,1931,4390
2441,1949,4390
2417,1973,4390
2411,1979,4390
2393,1997,4390
2351,2039,4390
2309,2081,4390
2237,2153,4390
4373,19,4392
4363,29,4392
4349,43,4392
4339,53,4392
4289,103,4392
4283,109,4392
4261,131,4392
4253,139,4392
4243,149,4392
4241,151,4392
4229,163,4392
4219,173,4392
4211,181,4392
4201,191,4392
4159,233,4392
4153,239,4392
4129,263,4392
4111,281,4392
4099,293,4392
4079,313,4392
4019,373,4392
4013,379,4392
4003,389,4392
3943,449,4392
3931,461,4392
3929,463,4392
3889,503,4392
3851,541,4392
3823,569,4392
3821,571,4392
3793,599,4392
3779,613,4392
3761,631,4392
3739,653,4392
3733,659,4392
3719,673,4392
3709,683,4392
3701,691,4392
3691,701,4392
3673,719,4392
3659,733,4392
3631,761,4392
3623,769,4392
3583,809,4392
3581,811,4392
3571,821,4392
3539,853,4392
3533,859,4392
3529,863,4392
3511,881,4392
3463,929,4392
3373,1019,4392
3371,1021,4392
3361,1031,4392
3359,1033,4392
3343,1049,4392
3331,1061,4392
3329,1063,4392
3323,1069,4392
3301,1091,4392
3299,1093,4392
3229,1163,4392
3221,1171,4392
3191,1201,4392
3169,1223,4392
3163,1229,4392
3109,1283,4392
3089,1303,4392
3019,1373,4392
3011,1381,4392
2969,1423,4392
2963,1429,4392
2953,1439,4392
2939,1453,4392
2909,1483,4392
2903,1489,4392
2861,1531,4392
2843,1549,4392
2833,1559,4392
2791,1601,4392
2729,1663,4392
2699,1693,4392
2693,1699,4392
2683,1709,4392
2671,1721,4392
2659,1733,4392
2633,1759,4392
2609,1783,4392
2591,1801,4392
2531,1861,4392
2521,1871,4392
2503,1889,4392
2459,1933,4392
2441,1951,4392
2399,1993,4392
2393,1999,4392
2389,2003,4392
2381,2011,4392
2339,2053,4392
2311,2081,4392
2309,2083,4392
2293,2099,4392
2281,2111,4392
2251,2141,4392
2239,2153,4392
2213,2179,4392
4391,3,4394
4363,31,4394
4357,37,4394
4327,67,4394
4297,97,4394
4243,151,4394
4231,163,4394
4201,193,4394
4153,241,4394
4111,283,4394
4057,337,4394
4027,367,4394
4021,373,4394
3931,463,4394
3907,487,4394
3853,541,4394
3847,547,4394
3823,571,4394
3793,601,4394
3733,661,4394
3643,751,4394
3637,757,4394
3607,787,4394
3583,811,4394
3571,823,4394
3541,853,4394
3517,877,4394
3511,883,4394
3457,937,4394
3373,1021,4394
3361,1033,4394
3343,1051,4394
3331,1063,4394
3307,1087,4394
3301,1093,4394
3271,1123,4394
3181,1213,4394
3163,1231,4394
3067,1327,4394
2971,1423,4394
2851,1543,4394
2797,1597,4394
2767,1627,4394
2731,1663,4394
2671,1723,4394
2647,1747,4394
2617,1777,4394
2593,1801,4394
2521,1873,4394
2383,2011,4394
2377,2017,4394
2341,2053,4394
2311,2083,4394
2281,2113,4394
2251,2143,4394
4391,5,4396
4373,23,4396
4349,47,4396
4337,59,4396
4289,107,4396
4283,113,4396
4259,137,4396
4229,167,4396
4217,179,4396
4157,239,4396
4139,257,4396
4133,263,4396
4127,269,4396
4079,317,4396
4049,347,4396
4013,383,4396
4007,389,4396
3947,449,4396
3929,467,4396
3917,479,4396
3833,563,4396
3803,593,4396
3797,599,4396
3779,617,4396
3719,677,4396
3677,719,4396
3623,773,4396
3557,839,4396
3539,857,4396
3533,863,4396
3467,929,4396
3449,947,4396
3413,983,4396
3347,1049,4396
3299,1097,4396
3209,1187,4396
3203,1193,4396
3167,1229,4396
3137,1259,4396
3119,1277,4396
3089,1307,4396
3023,1373,4396
2969,1427,4396
2963,1433,4396
2957,1439,4396
2909,1487,4396
2903,1493,4396
2897,1499,4396
2843,1553,4396
2837,1559,4396
2789,1607,4396
2777,1619,4396
2729,1667,4396
2699,1697,4396
2687,1709,4396
2663,1733,4396
2609,1787,4396
2549,1847,4396
2447,1949,4396
2423,1973,4396
2417,1979,4396
2399,1997,4396
2393,2003,4396
2357,2039,4396
2333,2063,4396
2309,2087,4396
2297,2099,4396
2267,2129,4396
2243,2153,4396
4391,7,4398
4357,41,4398
4339,59,4398
4337,61,4398
4327,71,4398
4297,101,4398
4289,109,4398
4271,127,4398
4261,137,4398
4259,139,4398
4241,157,4398
4231,167,4398
4219,179,4398
4217,181,4398
4201,197,4398
4159,239,4398
4157,241,4398
4129,269,4398
4127,271,4398
4091,307,4398
4051,347,4398
4049,349,4398
4019,379,4398
4001,397,4398
3989,409,4398
3967,431,4398
3931,467,4398
3919,479,4398
3911,487,4398
3907,491,4398
3889,509,4398
3877,521,4398
3851,547,4398
3821,577,4398
3797,601,4398
3779,619,4398
3767,631,4398
3739,659,4398
3697,701,4398
3671,727,4398
3659,739,4398
3637,761,4398
3571,827,4398
3559,839,4398
3541,857,4398
3539,859,4398
3517,881,4398
3511,887,4398
3491,907,4398
3469,929,4398
3461,937,4398
3457,941,4398
3407,991,4398
3389,1009,4398
3359,1039,4398
3347,1051,4398
3329,1069,4398
3307,1091,4398
3301,1097,4398
3217,1181,4398
3181,1217,4398
3169,1229,4398
3167,1231,4398
3121,1277,4398
3119,1279,4398
3109,1289,4398
3079,1319,4398
3037,1361,4398
2999,1399,4398
2971,1427,4398
2969,1429,4398
2939,1459,4398
2927,1471,4398
2917,1481,4398
2909,1489,4398
2887,1511,4398
2819,1579,4398
2801,1597,4398
2797,1601,4398
2791,1607,4398
2789,1609,4398
2777,1621,4398
2741,1657,4398
2731,1667,4398
2729,1669,4398
2699,1699,4398
2689,1709,4398
2677,1721,4398
2657,1741,4398
2621,1777,4398
2609,1789,4398
2551,1847,4398
2531,1867,4398
2521,1877,4398
2467,1931,4398
2447,1951,4398
2411,1987,4398
2399,1999,4398
2381,2017,4398
2371,2027,4398
2311,2087,4398
2309,2089,4398
2287,2111,4398
2269,2129,4398
2267,2131,4398
2237,2161,4398
4397,3,4400
4363,37,4400
4357,43,4400
4339,61,4400
4327,73,4400
4297,103,4400
4273,127,4400
4261,139,4400
4243,157,4400
4219,181,4400
4201,199,4400
4177,223,4400
4159,241,4400
4129,271,4400
4093,307,4400
4051,349,4400
4027,373,4400
4021,379,4400
4003,397,4400
3967,433,4400
3943,457,4400
3877,523,4400
3853,547,4400
3823,577,4400
3793,607,4400
3769,631,4400
3739,661,4400
3727,673,4400
3709,691,4400
3691,709,4400
3673,727,4400
3643,757,4400
3631,769,4400
3613,787,4400
3571,829,4400
3547,853,4400
3541,859,4400
3517,883,4400
3463,937,4400
3433,967,4400
3391,1009,4400
3361,1039,4400
3331,1069,4400
3313,1087,4400
3307,1093,4400
3271,1129,4400
3229,1171,4400
3187,1213,4400
3169,1231,4400
3163,1237,4400
3121,1279,4400
3109,1291,4400
3079,1321,4400
3019,1381,4400
3001,1399,4400
2971,1429,4400
2953,1447,4400
2917,1483,4400
2857,1543,4400
2851,1549,4400
2833,1567,4400
2803,1597,4400
2791,1609,4400
2731,1669,4400
2707,1693,4400
2677,1723,4400
2659,1741,4400
2647,1753,4400
2617,1783,4400
2539,1861,4400
2521,1879,4400
2467,1933,4400
2389,2011,4400
2383,2017,4400
2371,2029,4400
2347,2053,4400
2311,2089,4400
2287,2113,4400
2269,2131,4400
2239,2161,4400
2221,2179,4400
4397,5,4402
4391,11,4402
4373,29,4402
4349,53,4402
4289,113,4402
4271,131,4402
4253,149,4402
4229,173,4402
4211,191,4402
4139,263,4402
4133,269,4402
4091,311,4402
4049,353,4402
4019,383,4402
4013,389,4402
4001,401,4402
3923,479,4402
3911,491,4402
3881,521,4402
3833,569,4402
3803,599,4402
3761,641,4402
3719,683,4402
3701,701,4402
3659,743,4402
3593,809,4402
3581,821,4402
3539,863,4402
3491,911,4402
3461,941,4402
3449,953,4402
3389,1013,4402
3371,1031,4402
3299,1103,4402
3251,1151,4402
3221,1181,4402
3209,1193,4402
3119,1283,4402
3083,1319,4402
3041,1361,4402
2969,1433,4402
2963,1439,4402
2909,1493,4402
2903,1499,4402
2879,1523,4402
2843,1559,4402
2819,1583,4402
2801,1601,4402
2789,1613,4402
2693,1709,4402
2591,1811,4402
2579,1823,4402
2531,1871,4402
2423,1979,4402
2399,2003,4402
2339,2063,4402
2333,2069,4402
2273,2129,4402
4397,7,4404
4391,13,4404
4373,31,4404
4363,41,4404
4357,47,4404
4337,67,4404
4297,107,4404
4273,131,4404
4253,151,4404
4241,163,4404
4231,173,4404
4211,193,4404
4177,227,4404
4153,251,4404
4133,271,4404
4127,277,4404
4111,293,4404
4093,311,4404
4091,313,4404
4073,331,4404
4057,347,4404
4051,353,4404
4021,383,4404
4007,397,4404
4003,401,4404
3947,457,4404
3943,461,4404
3917,487,4404
3881,523,4404
3863,541,4404
3847,557,4404
3833,571,4404
3803,601,4404
3797,607,4404
3761,643,4404
3727,677,4404
3677,727,4404
3671,733,4404
3643,761,4404
3631,773,4404
3617,787,4404
3607,797,4404
3593,811,4404
3583,821,4404
3581,823,4404
3547,857,4404
3541,863,4404
3527,877,4404
3517,887,4404
3467,937,4404
3463,941,4404
3457,947,4404
3433,971,4404
3413,991,4404
3407,997,4404
3391,1013,4404
3373,1031,4404
3371,1033,4404
3343,1061,4404
3313,1091,4404
3307,1097,4404
3301,1103,4404
3253,1151,4404
3251,1153,4404
3217,1187,4404
3203,1201,4404
3191,1213,4404
3187,1217,4404
3181,1223,4404
3167,1237,4404
3121,1283,4404
3083,1321,4404
3037,1367,4404
3023,1381,4404
2971,1433,4404
2957,1447,4404
2953,1451,4404
2917,1487,4404
2861,1543,4404
2851,1553,4404
2837,1567,4404
2833,1571,4404
2803,1601,4404
2797,1607,4404
2791,1613,4404
2777,1627,4404
2767,1637,4404
2741,1663,4404
2711,1693,4404
2707,1697,4404
2683,1721,4404
2671,1733,4404
2663,1741,4404
2657,1747,4404
2621,1783,4404
2617,1787,4404
2593,1811,4404
2557,1847,4404
2543,1861,4404
2531,1873,4404
2503,1901,4404
2473,1931,4404
2417,1987,4404
2411,1993,4404
2393,2011,4404
2377,2027,4404
2351,2053,4404
2341,2063,4404
2293,2111,4404
2273,2131,4404
2267,2137,4404
2251,2153,4404
2243,2161,4404
4363,43,4406
4339,67,4406
4327,79,4406
4297,109,4406
4243,163,4406
4177,229,4406
4129,277,4406
4099,307,4406
4093,313,4406
4057,349,4406
4027,379,4406
3967,439,4406
3943,463,4406
3919,487,4406
3907,499,4406
3793,613,4406
3733,673,4406
3697,709,4406
3673,733,4406
3637,769,4406
3583,823,4406
3547,859,4406
3529,877,4406
3499,907,4406
3469,937,4406
3373,1033,4406
3343,1063,4406
3319,1087,4406
3313,1093,4406
3253,1153,4406
3169,1237,4406
3109,1297,4406
3079,1327,4406
2953,1453,4406
2917,1489,4406
2857,1549,4406
2797,1609,4406
2749,1657,4406
2713,1693,4406
2707,1699,4406
2683,1723,4406
2659,1747,4406
2647,1759,4406
2617,1789,4406
2539,1867,4406
2473,1933,4406
2389,2017,4406
2377,2029,4406
2293,2113,4406
2269,2137,4406
2203,2203,4406
4397,11,4408
4391,17,4408
4349,59,4408
4337,71,4408
4271,137,4408
4259,149,4408
4241,167,4408
4229,179,4408
4217,191,4408
4211,197,4408
4157,251,4408
4139,269,4408
4127,281,4408
4091,317,4408
4049,359,4408
4019,389,4408
4007,401,4408
3989,419,4408
3947,461,4408
3929,479,4408
3917,491,4408
3851,557,4408
3821,587,4408
3767,641,4408
3761,647,4408
3581,827,4408
3527,881,4408
3467,941,4408
3461,947,4408
3389,1019,4408
3359,1049,4408
3347,1061,4408
3299,1109,4408
3257,1151,4408
3221,1187,4408
3191,1217,4408
3119,1289,4408
3089,1319,4408
3041,1367,4408
2999,1409,4408
2969,1439,4408
2957,1451,4408
2927,1481,4408
2909,1499,4408
2897,1511,4408
2837,1571,4408
2801,1607,4408
2789,1619,4408
2741,1667,4408
2711,1697,4408
2699,1709,4408
2687,1721,4408
2621,1787,4408
2531,1877,4408
2477,1931,4408
2459,1949,4408
2411,1997,4408
2381,2027,4408
2339,2069,4408
2309,2099,4408
2297,2111,4408
2267,2141,4408
4397,13,4410
4391,19,4410
4373,37,4410
4363,47,4410
4357,53,4410
4349,61,4410
4339,71,4410
4337,73,4410
4327,83,4410
4297,113,4410
4283,127,4410
4273,137,4410
4271,139,4410
4261,149,4410
4259,151,4410
4253,157,4410
4243,167,4410
4231,179,4410
4229,181,4410
4219,191,4410
4217,193,4410
4211,199,4410
4177,233,4410
4159,251,4410
4153,257,4410
4139,271,4410
4133,277,4410
4129,281,4410
4127,283,4410
4099,311,4410
4093,317,4410
4079,331,4410
4073,337,4410
4057,353,4410
4051,359,4410
4027,383,4410
4021,389,4410
4013,397,4410
4001,409,4410
3989,421,4410
3967,443,4410
3947,463,4410
3943,467,4410
3931,479,4410
3923,487,4410
3919,491,4410
3911,499,4410
3907,503,4410
3889,521,4410
3863,547,4410
3853,557,4410
3847,563,4410
3833,577,4410
3823,587,4410
3803,607,4410
3797,613,4410
3793,617,4410
3779,631,4410
3769,641,4410
3767,643,4410
3733,677,4410
3727,683,4410
3719,691,4410
3709,701,4410
3701,709,4410
3691,719,4410
3677,733,4410
3671,739,4410
3659,751,4410
3637,773,4410
3623,787,4410
3613,797,4410
3583,827,4410
3581,829,4410
3571,839,4410
3557,853,4410
3547,863,4410
3533,877,4410
3529,881,4410
3527,883,4410
3499,911,4410
3491,919,4410
3469,941,4410
3463,947,4410
3457,953,4410
3433,977,4410
3413,997,4410
3391,1019,4410
3389,1021,4410
3371,1039,4410
3361,1049,4410
3359,1051,4410
3347,1063,4410
3323,1087,4410
3319,1091,4410
3313,1097,4410
3307,1103,4410
3301,1109,4410
3259,1151,4410
3257,1153,4410
3229,1181,4410
3217,1193,4410
3209,1201,4410
3187,1223,4410
3181,1229,4410
3121,1289,4410
3119,1291,4410
3109,1301,4410
3089,1321,4410
3083,1327,4410
3049,1361,4410
3037,1373,4410
3011,1399,4410
3001,1409,4410
2971,1439,4410
2963,1447,4410
2957,1453,4410
2939,1471,4410
2927,1483,4410
2917,1493,4410
2887,1523,4410
2879,1531,4410
2861,1549,4410
2857,1553,4410
2851,1559,4410
2843,1567,4410
2803,1607,4410
2801,1609,4410
2797,1613,4410
2791,1619,4410
2789,1621,4410
2753,1657,4410
2741,1669,4410
2713,1697,4410
2711,1699,4410
2689,1721,4410
2687,1723,4410
2677,1733,4410
2663,1747,4410
2657,1753,4410
2633,1777,4410
2621,1789,4410
2609,1801,4410
2579,1831,4410
2549,1861,4410
2543,1867,4410
2539,1871,4410
2531,1879,4410
2521,1889,4410
2503,1907,4410
2477,1933,4410
2459,1951,4410
2437,1973,4410
2423,1987,4410
2417,1993,4410
2411,1999,4410
2399,2011,4410
2393,2017,4410
2383,2027,4410
2381,2029,4410
2371,2039,4410
2357,2053,4410
2347,2063,4410
2341,2069,4410
2311,2099,4410
2297,2113,4410
2281,2129,4410
2273,2137,4410
2269,2141,4410
2267,2143,4410
2207,2203,4410
4409,3,4412
4339,73,4412
4273,139,4412
4261,151,4412
4231,181,4412
4219,193,4412
4201,211,4412
4129,283,4412
4099,313,4412
4003,409,4412
3889,523,4412
3793,619,4412
3769,643,4412
3739,673,4412
3673,739,4412
3643,769,4412
3583,829,4412
3559,853,4412
3529,883,4412
3391,1021,4412
3373,1039,4412
3361,1051,4412
3343,1069,4412
3319,1093,4412
3259,1153,4412
3181,1231,4412
3163,1249,4412
3121,1291,4412
3109,1303,4412
2953,1459,4412
2833,1579,4412
2803,1609,4412
2791,1621,4412
2749,1663,4412
2719,1693,4412
2713,1699,4412
2689,1723,4412
2671,1741,4412
2659,1753,4412
2551,1861,4412
2539,1873,4412
2383,2029,4412
2281,2131,4412
2269,2143,4412
2251,2161,4412
4409,5,4414
4397,17,4414
4391,23,4414
4373,41,4414
4283,131,4414
4241,173,4414
4217,197,4414
4157,257,4414
4133,281,4414
4013,401,4414
3947,467,4414
3923,491,4414
3911,503,4414
3851,563,4414
3821,593,4414
3797,617,4414
3767,647,4414
3761,653,4414
3671,743,4414
3617,797,4414
3593,821,4414
3557,857,4414
3533,881,4414
3527,887,4414
3467,947,4414
3461,953,4414
3323,1091,4414
3251,1163,4414
3221,1193,4414
3191,1223,4414
3137,1277,4414
3041,1373,4414
2963,1451,4414
2927,1487,4414
2903,1511,4414
2861,1553,4414
2843,1571,4414
2801,1613,4414
2777,1637,4414
2693,1721,4414
2591,1823,4414
2543,1871,4414
2441,1973,4414
2417,1997,4414
2411,2003,4414
2351,2063,4414
2333,2081,4414
2273,2141,4414
2207,2207,4414
4409,7,4416
4397,19,4416
4373,43,4416
4363,53,4416
4357,59,4416
4349,67,4416
4337,79,4416
4327,89,4416
4289,127,4416
4259,157,4416
4253,163,4416
4243,173,4416
4219,197,4416
4217,199,4416
4177,239,4416
4159,257,4416
4153,263,4416
4139,277,4416
4133,283,4416
4099,317,4416
4079,337,4416
4057,359,4416
4049,367,4416
4027,389,4416
4019,397,4416
4007,409,4416
3967,449,4416
3929,487,4416
3917,499,4416
3907,509,4416
3853,563,4416
3847,569,4416
3823,593,4416
3803,613,4416
3797,619,4416
3769,647,4416
3739,677,4416
3733,683,4416
3697,719,4416
3677,739,4416
3673,743,4416
3659,757,4416
3643,773,4416
3607,809,4416
3593,823,4416
3559,857,4416
3557,859,4416
3539,877,4416
3533,883,4416
3529,887,4416
3469,947,4416
3463,953,4416
3449,967,4416
3433,983,4416
3407,1009,4416
3347,1069,4416
3329,1087,4416
3323,1093,4416
3319,1097,4416
3313,1103,4416
3307,1109,4416
3299,1117,4416
3253,1163,4416
3229,1187,4416
3203,1213,4416
3187,1229,4416
3167,1249,4416
3137,1279,4416
3119,1297,4416
3109,1307,4416
3089,1327,4416
3049,1367,4416
2969,1447,4416
2963,1453,4416
2957,1459,4416
2927,1489,4416
2917,1499,4416
2857,1559,4416
2837,1579,4416
2833,1583,4416
2819,1597,4416
2803,1613,4416
2797,1619,4416
2789,1627,4416
2753,1663,4416
2749,1667,4416
2719,1697,4416
2707,1709,4416
2693,1723,4416
2683,1733,4416
2663,1753,4416
2657,1759,4416
2633,1783,4416
2593,1823,4416
2549,1867,4416
2543,1873,4416
2539,1877,4416
2503,1913,4416
2467,1949,4416
2437,1979,4416
2423,1993,4416
2417,1999,4416
2399,2017,4416
2389,2027,4416
2377,2039,4416
2347,2069,4416
2333,2083,4416
2287,2129,4416
2273,2143,4416
2237,2179,4416
2213,2203,4416
4357,61,4418
4339,79,4418
4261,157,4418
4219,199,4418
4177,241,4418
4111,307,4418
4051,367,4418
4021,397,4418
3931,487,4418
3919,499,4418
3877,541,4418
3847,571,4418
3727,691,4418
3709,709,4418
3691,727,4418
3631,787,4418
3607,811,4418
3559,859,4418
3541,877,4418
3511,907,4418
3499,919,4418
3331,1087,4418
3301,1117,4418
3217,1201,4418
3187,1231,4418
3181,1237,4418
3169,1249,4418
3121,1297,4418
3037,1381,4418
3019,1399,4418
2971,1447,4418
2887,1531,4418
2851,1567,4418
2797,1621,4418
2791,1627,4418
2749,1669,4418
2719,1699,4418
2677,1741,4418
2671,1747,4418
2659,1759,4418
2617,1801,4418
2557,1861,4418
2551,1867,4418
2539,1879,4418
2467,1951,4418
2389,2029,4418
2287,2131,4418
2281,2137,4418
2239,2179,4418
4409,11,4420
4397,23,4420
4391,29,4420
4373,47,4420
4349,71,4420
4337,83,4420
4289,131,4420
4283,137,4420
4271,149,4420
4253,167,4420
4241,179,4420
4229,191,4420
4157,263,4420
4139,281,4420
4127,293,4420
4073,347,4420
4019,401,4420
4001,419,4420
3989,431,4420
3929,491,4420
3917,503,4420
3911,509,4420
3863,557,4420
3851,569,4420
3833,587,4420
3821,599,4420
3803,617,4420
3779,641,4420
3767,653,4420
3761,659,4420
3719,701,4420
3701,719,4420
3677,743,4420
3659,761,4420
3623,797,4420
3593,827,4420
3581,839,4420
3557,863,4420
3539,881,4420
3533,887,4420
3491,929,4420
3467,953,4420
3449,971,4420
3407,1013,4420
3389,1031,4420
3371,1049,4420
3359,1061,4420
3329,1091,4420
3323,1097,4420
3257,1163,4420
3203,1217,4420
3191,1229,4420
3137,1283,4420
3119,1301,4420
3011,1409,4420
2969,1451,4420
2939,1481,4420
2927,1493,4420
2909,1511,4420
2897,1523,4420
2861,1559,4420
2837,1583,4420
2819,1601,4420
2801,1619,4420
2753,1667,4420
2711,1709,4420
2699,1721,4420
2687,1733,4420
2633,1787,4420
2609,1811,4420
2549,1871,4420
2543,1877,4420
2531,1889,4420
2447,1973,4420
2441,1979,4420
2423,1997,4420
2417,2003,4420
2393,2027,4420
2381,2039,4420
2357,2063,4420
2351,2069,4420
2339,2081,4420
2333,2087,4420
2309,2111,4420
2267,2153,4420
2213,2207,4420
4409,13,4422
4391,31,4422
4363,59,4422
4349,73,4422
4339,83,4422
4283,139,4422
4273,149,4422
4271,151,4422
4259,163,4422
4243,179,4422
4241,181,4422
4231,191,4422
4229,193,4422
4211,211,4422
4159,263,4422
4153,269,4422
4139,283,4422
4129,293,4422
4111,311,4422
4091,331,4422
4073,349,4422
4049,373,4422
4021,401,4422
4013,409,4422
4003,419,4422
4001,421,4422
3989,433,4422
3943,479,4422
3931,491,4422
3923,499,4422
3919,503,4422
3881,541,4422
3853,569,4422
3851,571,4422
3823,599,4422
3821,601,4422
3803,619,4422
3779,643,4422
3769,653,4422
3761,661,4422
3739,683,4422
3671,751,4422
3613,809,4422
3593,829,4422
3583,839,4422
3559,863,4422
3541,881,4422
3539,883,4422
3511,911,4422
3469,953,4422
3413,1009,4422
3391,1031,4422
3389,1033,4422
3373,1049,4422
3371,1051,4422
3361,1061,4422
3359,1063,4422
3331,1091,4422
3329,1093,4422
3319,1103,4422
3313,1109,4422
3299,1123,4422
3271,1151,4422
3259,1163,4422
3251,1171,4422
3229,1193,4422
3221,1201,4422
3209,1213,4422
3191,1231,4422
3163,1259,4422
3121,1301,4422
3119,1303,4422
3061,1361,4422
3049,1373,4422
3041,1381,4422
3023,1399,4422
2999,1423,4422
2971,1451,4422
2969,1453,4422
2963,1459,4422
2939,1483,4422
2879,1543,4422
2851,1571,4422
2843,1579,4422
2803,1619,4422
2801,1621,4422
2753,1669,4422
2729,1693,4422
2713,1709,4422
2699,1723,4422
2689,1733,4422
2663,1759,4422
2633,1789,4422
2621,1801,4422
2591,1831,4422
2551,1871,4422
2549,1873,4422
2543,1879,4422
2521,1901,4422
2473,1949,4422
2423,1999,4422
2411,2011,4422
2393,2029,4422
2383,2039,4422
2341,2081,4422
2339,2083,4422
2333,2089,4422
2311,2111,4422
2309,2113,4422
2293,2129,4422
2281,2141,4422
2269,2153,4422
2243,2179,4422
4421,3,4424
4363,61,4424
4357,67,4424
4327,97,4424
4297,127,4424
4273,151,4424
4261,163,4424
4243,181,4424
4231,193,4424
4201,223,4424
4153,271,4424
4111,313,4424
4093,331,4424
4057,367,4424
4051,373,4424
4027,397,4424
4003,421,4424
3967,457,4424
3877,547,4424
3853,571,4424
3847,577,4424
3823,601,4424
3793,631,4424
3733,691,4424
3697,727,4424
3691,733,4424
3673,751,4424
3637,787,4424
3613,811,4424
3571,853,4424
3547,877,4424
3541,883,4424
3517,907,4424
3457,967,4424
3433,991,4424
3391,1033,4424
3373,1051,4424
3361,1063,4424
3331,1093,4424
3307,1117,4424
3301,1123,4424
3271,1153,4424
3253,1171,4424
3187,1237,4424
3121,1303,4424
3001,1423,4424
2971,1453,4424
2953,1471,4424
2857,1567,4424
2803,1621,4424
2797,1627,4424
2767,1657,4424
2731,1693,4424
2683,1741,4424
2677,1747,4424
2671,1753,4424
2647,1777,4424
2593,1831,4424
2557,1867,4424
2551,1873,4424
2473,1951,4424
2437,1987,4424
2371,2053,4424
2341,2083,4424
2311,2113,4424
2293,2131,4424
2287,2137,4424
2281,2143,4424
2221,2203,4424
4423,3,4426
4421,5,4426
4409,17,4426
4397,29,4426
4373,53,4426
4337,89,4426
4289,137,4426
4259,167,4426
4253,173,4426
4229,197,4426
4157,269,4426
4133,293,4426
4079,347,4426
4073,353,4426
4007,419,4426
3947,479,4426
3923,503,4426
3917,509,4426
3863,563,4426
3833,593,4426
3779,647,4426
3767,659,4426
3617,809,4426
3539,887,4426
3449,977,4426
3413,1013,4426
3407,1019,4426
3329,1097,4426
3323,1103,4426
3209,1217,4426
3203,1223,4426
3167,1259,4426
3137,1289,4426
3119,1307,4426
2999,1427,4426
2939,1487,4426
2927,1499,4426
2903,1523,4426
2843,1583,4426
2819,1607,4426
2789,1637,4426
2729,1697,4426
2693,1733,4426
2579,1847,4426
2549,1877,4426
2477,1949,4426
2447,1979,4426
2423,2003,4426
2399,2027,4426
2357,2069,4426
2339,2087,4426
2297,2129,4426
2273,2153,4426
2213,2213,4426
4423,5,4428
4421,7,4428
4409,19,4428
4397,31,4428
4391,37,4428
4357,71,4428
4349,79,4428
4339,89,4428
4327,101,4428
4297,131,4428
4289,139,4428
4271,157,4428
4261,167,4428
4231,197,4428
4229,199,4428
4217,211,4428
4201,227,4428
4177,251,4428
4159,269,4428
4157,271,4428
4111,317,4428
4091,337,4428
4079,349,4428
4049,379,4428
4027,401,4428
4019,409,4428
4007,421,4428
3989,439,4428
3967,461,4428
3929,499,4428
3919,509,4428
3907,521,4428
3881,547,4428
3851,577,4428
3821,607,4428
3797,631,4428
3769,659,4428
3767,661,4428
3727,701,4428
3719,709,4428
3709,719,4428
3701,727,4428
3677,751,4428
3671,757,4428
3659,769,4428
3631,797,4428
3617,811,4428
3607,821,4428
3571,857,4428
3547,881,4428
3541,887,4428
3517,911,4428
3499,929,4428
3491,937,4428
3461,967,4428
3457,971,4428
3407,1021,4428
3389,1039,4428
3359,1069,4428
3331,1097,4428
3319,1109,4428
3299,1129,4428
3257,1171,4428
3191,1237,4428
3169,1259,4428
3137,1291,4428
3121,1307,4428
3109,1319,4428
3067,1361,4428
3061,1367,4428
3019,1409,4428
3001,1427,4428
2999,1429,4428
2969,1459,4428
2957,1471,4428
2939,1489,4428
2917,1511,4428
2897,1531,4428
2879,1549,4428
2861,1567,4428
2857,1571,4428
2819,1609,4428
2801,1627,4428
2791,1637,4428
2731,1697,4428
2729,1699,4428
2719,1709,4428
2707,1721,4428
2687,1741,4428
2617,1811,4428
2557,1871,4428
2551,1877,4428
2549,1879,4428
2539,1889,4428
2521,1907,4428
2477,1951,4428
2441,1987,4428
2417,2011,4428
2411,2017,4428
2399,2029,4428
2389,2039,4428
2347,2081,4428
2341,2087,4428
2339,2089,4428
2297,2131,4428
2287,2141,4428
2267,2161,4428
2221,2207,4428
4423,7,4430
4363,67,4430
4357,73,4430
4327,103,4430
4273,157,4430
4231,199,4430
4219,211,4430
4201,229,4430
4159,271,4430
4153,277,4430
4099,331,4430
4093,337,4430
4057,373,4430
4051,379,4430
4021,409,4430
3967,463,4430
3943,487,4430
3931,499,4430
3907,523,4430
3889,541,4430
3853,577,4430
3823,607,4430
3769,661,4430
3739,691,4430
3697,733,4430
3691,739,4430
3673,757,4430
3643,787,4430
3607,823,4430
3571,859,4430
3547,883,4430
3511,919,4430
3463,967,4430
3433,997,4430
3391,1039,4430
3361,1069,4430
3343,1087,4430
3313,1117,4430
3307,1123,4430
3301,1129,4430
3259,1171,4430
3229,1201,4430
3217,1213,4430
3181,1249,4430
3109,1321,4430
3049,1381,4430
3001,1429,4430
2971,1459,4430
2887,1543,4430
2851,1579,4430
2833,1597,4430
2803,1627,4430
2767,1663,4430
2731,1699,4430
2707,1723,4430
2689,1741,4430
2683,1747,4430
2677,1753,4430
2671,1759,4430
2647,1783,4430
2557,1873,4430
2551,1879,4430
2437,1993,4430
2377,2053,4430
2347,2083,4430
2341,2089,4430
2293,2137,4430
2287,2143,4430
2269,2161,4430
2251,2179,4430
4421,11,4432
4409,23,4432
4391,41,4432
4373,59,4432
4349,83,4432
4283,149,4432
4259,173,4432
4253,179,4432
4241,191,4432
4139,293,4432
4079,353,4432
4073,359,4432
4049,383,4432
4013,419,4432
4001,431,4432
3989,443,4432
3929,503,4432
3923,509,4432
3911,521,4432
3863,569,4432
3833,599,4432
3779,653,4432
3671,761,4432
3659,773,4432
3623,809,4432
3593,839,4432
3491,941,4432
3461,971,4432
3449,983,4432
3413,1019,4432
3371,1061,4432
3329,1103,4432
3323,1109,4432
3251,1181,4432
3209,1223,4432
3203,1229,4432
3023,1409,4432
2999,1433,4432
2939,1493,4432
2909,1523,4432
2879,1553,4432
2861,1571,4432
2819,1613,4432
2711,1721,4432
2699,1733,4432
2621,1811,4432
2609,1823,4432
2543,1889,4432
2531,1901,4432
2459,1973,4432
2393,2039,4432
2351,2081,4432
2333,2099,4432
4423,11,4434
4421,13,4434
4397,37,4434
4391,43,4434
4373,61,4434
4363,71,4434
4337,97,4434
4327,107,4434
4297,137,4434
4283,151,4434
4271,163,4434
4261,173,4434
4253,181,4434
4243,191,4434
4241,193,4434
4211,223,4434
4201,233,4434
4177,257,4434
4157,277,4434
4153,281,4434
4127,307,4434
4051,383,4434
4013,421,4434
4003,431,4434
4001,433,4434
3967,467,4434
3947,487,4434
3943,491,4434
3931,503,4434
3911,523,4434
3877,557,4434
3863,571,4434
3847,587,4434
3833,601,4434
3821,613,4434
3803,631,4434
3793,641,4434
3761,673,4434
3733,701,4434
3701,733,4434
3691,743,4434
3677,757,4434
3673,761,4434
3637,797,4434
3623,811,4434
3613,821,4434
3607,827,4434
3581,853,4434
3571,863,4434
3557,877,4434
3547,887,4434
3527,907,4434
3467,967,4434
3463,971,4434
3457,977,4434
3413,1021,4434
3373,1061,4434
3371,1063,4434
3347,1087,4434
3343,1091,4434
3331,1103,4434
3271,1163,4434
3253,1181,4434
3221,1213,4434
3217,1217,4434
3203,1231,4434
3137,1297,4434
3067,1367,4434
3061,1373,4434
3011,1423,4434
3001,1433,4434
2963,1471,4434
2953,1481,4434
2903,1531,4434
2851,1583,4434
2837,1597,4434
2833,1601,4434
2797,1637,4434
2777,1657,4434
2767,1667,4434
2741,1693,4434
2713,1721,4434
2711,1723,4434
2693,1741,4434
2687,1747,4434
2657,1777,4434
2647,1787,4434
2633,1801,4434
2557,1877,4434
2521,1913,4434
2503,1931,4434
2447,1987,4434
2441,1993,4434
2437,1997,4434
2423,2011,4434
2417,2017,4434
2381,2053,4434
2371,2063,4434
2351,2083,4434
2347,2087,4434
2297,2137,4434
2293,2141,4434
2281,2153,4434
2273,2161,4434
2221,2213,4434
4423,13,4436
4363,73,4436
4357,79,4436
4339,97,4436
4327,109,4436
4297,139,4436
4273,163,4436
4243,193,4436
4159,277,4436
4153,283,4436
4129,307,4436
4099,337,4436
4057,379,4436
4027,409,4436
4003,433,4436
3889,547,4436
3823,613,4436
3793,643,4436
3727,709,4436
3709,727,4436
3697,739,4436
3613,823,4436
3607,829,4436
3583,853,4436
3559,877,4436
3529,907,4436
3517,919,4436
3499,937,4436
3469,967,4436
3373,1063,4436
3343,1093,4436
3319,1117,4436
3313,1123,4436
3307,1129,4436
3187,1249,4436
3109,1327,4436
3037,1399,4436
2953,1483,4436
2887,1549,4436
2857,1579,4436
2767,1669,4436
2713,1723,4436
2689,1747,4436
2683,1753,4436
2677,1759,4436
2659,1777,4436
2647,1789,4436
2557,1879,4436
2503,1933,4436
2437,1999,4436
2383,2053,4436
2347,2089,4436
2293,2143,4436
4421,17,4438
4409,29,4438
4397,41,4438
4391,47,4438
4349,89,4438
4337,101,4438
4289,149,4438
4271,167,4438
4259,179,4438
4241,197,4438
4211,227,4438
4157,281,4438
4127,311,4438
4091,347,4438
4079,359,4438
4049,389,4438
4019,419,4438
4007,431,4438
3989,449,4438
3947,491,4438
3929,509,4438
3917,521,4438
3881,557,4438
3851,587,4438
3821,617,4438
3797,641,4438
3779,659,4438
3761,677,4438
3719,719,4438
3677,761,4438
3617,821,4438
3581,857,4438
3557,881,4438
3527,911,4438
3491,947,4438
3467,971,4438
3461,977,4438
3407,1031,4438
3389,1049,4438
3347,1091,4438
3329,1109,4438
3257,1181,4438
3251,1187,4438
3221,1217,4438
3209,1229,4438
3137,1301,4438
3119,1319,4438
3011,1427,4438
2999,1439,4438
2957,1481,4438
2939,1499,4438
2927,1511,4438
2879,1559,4438
2837,1601,4438
2819,1619,4438
2801,1637,4438
2741,1697,4438
2729,1709,4438
2591,1847,4438
2549,1889,4438
2531,1907,4438
2459,1979,4438
2441,1997,4438
2411,2027,4438
2399,2039,4438
2357,2081,4438
2351,2087,4438
2339,2099,4438
2309,2129,4438
2297,2141,4438
4423,17,4440
4421,19,4440
4409,31,4440
4397,43,4440
4373,67,4440
4357,83,4440
4339,101,4440
4337,103,4440
4327,113,4440
4289,151,4440
4283,157,4440
4273,167,4440
4261,179,4440
4259,181,4440
4243,197,4440
4241,199,4440
4229,211,4440
4217,223,4440
4211,229,4440
4201,239,4440
4177,263,4440
4159,281,4440
4157,283,4440
4133,307,4440
4129,311,4440
4127,313,4440
4093,347,4440
4091,349,4440
4073,367,4440
4057,383,4440
4051,389,4440
4021,419,4440
4019,421,4440
4007,433,4440
4001,439,4440
3931,509,4440
3919,521,4440
3917,523,4440
3877,563,4440
3863,577,4440
3853,587,4440
3847,593,4440
3833,607,4440
3823,617,4440
3821,619,4440
3797,643,4440
3793,647,4440
3779,661,4440
3767,673,4440
3739,701,4440
3701,739,4440
3697,743,4440
3671,769,4440
3643,797,4440
3631,809,4440
3617,823,4440
3613,827,4440
3583,857,4440
3581,859,4440
3559,881,4440
3557,883,4440
3533,907,4440
3529,911,4440
3511,929,4440
3499,941,4440
3469,971,4440
3463,977,4440
3457,983,4440
3449,991,4440
3407,1033,4440
3391,1049,4440
3389,1051,4440
3371,1069,4440
3347,1093,4440
3343,1097,4440
3331,1109,4440
3323,1117,4440
3259,1181,4440
3253,1187,4440
3217,1223,4440
3209,1231,4440
3203,1237,4440
3191,1249,4440
3181,1259,4440
3163,1277,4440
3137,1303,4440
3121,1319,4440
3119,1321,4440
3079,1361,4440
3067,1373,4440
3041,1399,4440
3011,1429,4440
3001,1439,4440
2969,1471,4440
2957,1483,4440
2953,1487,4440
2917,1523,4440
2909,1531,4440
2897,1543,4440
2887,1553,4440
2861,1579,4440
2857,1583,4440
2843,1597,4440
2833,1607,4440
2819,1621,4440
2803,1637,4440
2777,1663,4440
2741,1699,4440
2731,1709,4440
2719,1721,4440
2707,1733,4440
2699,1741,4440
2693,1747,4440
2687,1753,4440
2663,1777,4440
2657,1783,4440
2617,1823,4440
2609,1831,4440
2593,1847,4440
2579,1861,4440
2551,1889,4440
2539,1901,4440
2467,1973,4440
2447,1993,4440
2441,1999,4440
2437,2003,4440
2423,2017,4440
2411,2029,4440
2377,2063,4440
2371,2069,4440
2357,2083,4440
2351,2089,4440
2341,2099,4440
2311,2129,4440
2309,2131,4440
2297,2143,4440
2287,2153,4440
2237,2203,4440
4423,19,4442
4363,79,4442
4339,103,4442
4261,181,4442
4243,199,4442
4231,211,4442
4219,223,4442
4201,241,4442
4159,283,4442
4129,313,4442
4111,331,4442
4093,349,4442
4021,421,4442
4003,439,4442
3943,499,4442
3919,523,4442
3823,619,4442
3769,673,4442
3733,709,4442
3709,733,4442
3691,751,4442
3673,769,4442
3631,811,4442
3613,829,4442
3583,859,4442
3559,883,4442
3433,1009,4442
3391,1051,4442
3373,1069,4442
3319,1123,4442
3313,1129,4442
3271,1171,4442
3229,1213,4442
3163,1279,4442
3121,1321,4442
3061,1381,4442
3019,1423,4442
2971,1471,4442
2953,1489,4442
2833,1609,4442
2749,1693,4442
2719,1723,4442
2689,1753,4442
2683,1759,4442
2659,1783,4442
2389,2053,4442
2311,2131,4442
2281,2161,4442
2239,2203,4442
2221,2221,4442
4441,3,4444
4421,23,4444
4397,47,4444
4391,53,4444
4373,71,4444
4337,107,4444
4271,173,4444
4253,191,4444
4217,227,4444
4211,233,4444
4133,311,4444
4127,317,4444
4091,353,4444
4013,431,4444
4001,443,4444
3923,521,4444
3881,563,4444
3851,593,4444
3803,641,4444
3797,647,4444
3767,677,4444
3761,683,4444
3701,743,4444
3671,773,4444
3623,821,4444
3617,827,4444
3581,863,4444
3557,887,4444
3533,911,4444
3491,953,4444
3467,977,4444
3461,983,4444
3413,1031,4444
3347,1097,4444
3257,1187,4444
3251,1193,4444
3221,1223,4444
3167,1277,4444
3137,1307,4444
3083,1361,4444
3011,1433,4444
2963,1481,4444
2957,1487,4444
2861,1583,4444
2843,1601,4444
2837,1607,4444
2777,1667,4444
2711,1733,4444
2657,1787,4444
2633,1811,4444
2621,1823,4444
2543,1901,4444
2531,1913,4444
2447,1997,4444
2441,2003,4444
2417,2027,4444
2381,2063,4444
2357,2087,4444
2333,2111,4444
2237,2207,4444
4441,5,4446
4423,23,4446
4409,37,4446
4373,73,4446
4363,83,4446
4357,89,4446
4349,97,4446
4339,107,4446
4337,109,4446
4297,149,4446
4289,157,4446
4283,163,4446
4273,173,4446
4253,193,4446
4219,227,4446
4217,229,4446
4177,269,4446
4153,293,4446
4139,307,4446
4133,313,4446
4129,317,4446
4099,347,4446
4093,353,4446
4079,367,4446
4073,373,4446
4057,389,4446
4049,397,4446
4027,419,4446
4013,433,4446
4007,439,4446
4003,443,4446
3989,457,4446
3967,479,4446
3947,499,4446
3943,503,4446
3923,523,4446
3889,557,4446
3877,569,4446
3853,593,4446
3847,599,4446
3833,613,4446
3803,643,4446
3793,653,4446
3769,677,4446
3727,719,4446
3719,727,4446
3677,769,4446
3673,773,4446
3659,787,4446
3637,809,4446
3623,823,4446
3617,829,4446
3607,839,4446
3593,853,4446
3583,863,4446
3559,887,4446
3539,907,4446
3527,919,4446
3517,929,4446
3499,947,4446
3469,977,4446
3463,983,4446
3449,997,4446
3433,1013,4446
3413,1033,4446
3407,1039,4446
3359,1087,4446
3343,1103,4446
3329,1117,4446
3323,1123,4446
3259,1187,4446
3253,1193,4446
3229,1217,4446
3217,1229,4446
3209,1237,4446
3187,1259,4446
3169,1277,4446
3167,1279,4446
3163,1283,4446
3119,1327,4446
3079,1367,4446
3037,1409,4446
3023,1423,4446
3019,1427,4446
2999,1447,4446
2963,1483,4446
2957,1489,4446
2953,1493,4446
2903,1543,4446
2897,1549,4446
2887,1559,4446
2879,1567,4446
2837,1609,4446
2833,1613,4446
2819,1627,4446
2789,1657,4446
2777,1669,4446
2753,1693,4446
2749,1697,4446
2713,1733,4446
2699,1747,4446
2693,1753,4446
2687,1759,4446
2663,1783,4446
2659,1787,4446
2657,1789,4446
2579,1867,4446
2557,1889,4446
2539,1907,4446
2473,1973,4446
2467,1979,4446
2459,1987,4446
2447,1999,4446
2417,2029,4446
2393,2053,4446
2383,2063,4446
2377,2069,4446
2357,2089,4446
2347,2099,4446
2333,2113,4446
2309,2137,4446
2293,2153,4446
2267,2179,4446
2243,2203,4446
2239,2207,4446
4441,7,4448
4339,109,4448
4297,151,4448
4219,229,4448
4177,271,4448
4111,337,4448
4099,349,4448
4051,397,4448
4027,421,4448
3907,541,4448
3877,571,4448
3847,601,4448
3739,709,4448
3709,739,4448
3697,751,4448
3691,757,4448
3637,811,4448
3571,877,4448
3541,907,4448
3529,919,4448
3511,937,4448
3457,991,4448
3361,1087,4448
3331,1117,4448
3319,1129,4448
3217,1231,4448
3169,1279,4448
3121,1327,4448
3067,1381,4448
3049,1399,4448
3019,1429,4448
3001,1447,4448
2917,1531,4448
2851,1597,4448
2791,1657,4448
2749,1699,4448
2707,1741,4448
2689,1759,4448
2671,1777,4448
2659,1789,4448
2647,1801,4448
2617,1831,4448
2437,2011,4448
2311,2137,4448
2287,2161,4448
2269,2179,4448
4447,3,4450
4421,29,4450
4409,41,4450
4397,53,4450
4391,59,4450
4349,101,4450
4337,113,4450
4283,167,4450
4271,179,4450
4259,191,4450
4253,197,4450
4217,233,4450
4211,239,4450
4157,293,4450
4139,311,4450
4133,317,4450
4091,359,4450
4049,401,4450
4019,431,4450
4007,443,4450
4001,449,4450
3989,461,4450
3947,503,4450
3929,521,4450
3881,569,4450
3863,587,4450
3851,599,4450
3833,617,4450
3803,647,4450
3797,653,4450
3767,683,4450
3677,773,4450
3623,827,4450
3593,857,4450
3539,911,4450
3467,983,4450
3389,1061,4450
3359,1091,4450
3347,1103,4450
3299,1151,4450
3257,1193,4450
3221,1229,4450
3191,1259,4450
3167,1283,4450
3089,1361,4450
3083,1367,4450
3041,1409,4450
3023,1427,4450
3011,1439,4450
2999,1451,4450
2969,1481,4450
2963,1487,4450
2957,1493,4450
2939,1511,4450
2927,1523,4450
2897,1553,4450
2879,1571,4450
2843,1607,4450
2837,1613,4450
2753,1697,4450
2741,1709,4450
2729,1721,4450
2663,1787,4450
2579,1871,4450
2549,1901,4450
2543,1907,4450
2477,1973,4450
2447,2003,4450
2423,2027,4450
2411,2039,4450
2381,2069,4450
2351,2099,4450
2339,2111,4450
2309,2141,4450
2297,2153,4450
2243,2207,4450
2237,2213,4450
4447,5,4452
4441,11,4452
4423,29,4452
4421,31,4452
4409,43,4452
4391,61,4452
4373,79,4452
4363,89,4452
4349,103,4452
4339,113,4452
4289,163,4452
4273,179,4452
4271,181,4452
4261,191,4452
4259,193,4452
4253,199,4452
4241,211,4452
4229,223,4452
4219,233,4452
4211,241,4452
4201,251,4452
4159,293,4452
4139,313,4452
4099,353,4452
4093,359,4452
4079,373,4452
4073,379,4452
4051,401,4452
4021,431,4452
4019,433,4452
4013,439,4452
4003,449,4452
3989,463,4452
3943,509,4452
3931,521,4452
3929,523,4452
3911,541,4452
3889,563,4452
3881,571,4452
3853,599,4452
3851,601,4452
3833,619,4452
3821,631,4452
3793,659,4452
3779,673,4452
3769,683,4452
3761,691,4452
3733,719,4452
3719,733,4452
3709,743,4452
3701,751,4452
3691,761,4452
3643,809,4452
3631,821,4452
3623,829,4452
3613,839,4452
3593,859,4452
3571,881,4452
3541,911,4452
3533,919,4452
3511,941,4452
3499,953,4452
3469,983,4452
3461,991,4452
3433,1019,4452
3413,1039,4452
3391,1061,4452
3389,1063,4452
3361,1091,4452
3359,1093,4452
3343,1109,4452
3329,1123,4452
3323,1129,4452
3301,1151,4452
3299,1153,4452
3271,1181,4452
3259,1193,4452
3251,1201,4452
3229,1223,4452
3221,1231,4452
3203,1249,4452
3169,1283,4452
3163,1289,4452
3079,1373,4452
3023,1429,4452
3019,1433,4452
3001,1451,4452
2999,1453,4452
2971,1481,4452
2969,1483,4452
2963,1489,4452
2953,1499,4452
2909,1543,4452
2903,1549,4452
2851,1601,4452
2843,1609,4452
2833,1619,4452
2789,1663,4452
2753,1699,4452
2731,1721,4452
2729,1723,4452
2719,1733,4452
2711,1741,4452
2699,1753,4452
2693,1759,4452
2663,1789,4452
2621,1831,4452
2591,1861,4452
2579,1873,4452
2551,1901,4452
2539,1913,4452
2521,1931,4452
2503,1949,4452
2473,1979,4452
2459,1993,4452
2441,2011,4452
2423,2029,4452
2399,2053,4452
2389,2063,4452
2383,2069,4452
2371,2081,4452
2341,2111,4452
2339,2113,4452
2311,2141,4452
2309,2143,4452
2273,2179,4452
2239,2213,4452
4451,3,4454
4447,7,4454
4441,13,4454
4423,31,4454
4357,97,4454
4327,127,4454
4297,157,4454
4273,181,4454
4261,193,4454
4243,211,4454
4231,223,4454
4177,277,4454
4057,397,4454
4021,433,4454
3967,487,4454
3931,523,4454
3907,547,4454
3877,577,4454
3853,601,4454
3847,607,4454
3823,631,4454
3793,661,4454
3727,727,4454
3697,757,4454
3643,811,4454
3631,823,4454
3571,883,4454
3547,907,4454
3517,937,4454
3463,991,4454
3457,997,4454
3433,1021,4454
3391,1063,4454
3361,1093,4454
3331,1123,4454
3301,1153,4454
3253,1201,4454
3217,1237,4454
3163,1291,4454
3001,1453,4454
2971,1483,4454
2887,1567,4454
2857,1597,4454
2833,1621,4454
2797,1657,4454
2791,1663,4454
2731,1723,4454
2713,1741,4454
2707,1747,4454
2677,1777,4454
2671,1783,4454
2593,1861,4454
2521,1933,4454
2503,1951,4454
2467,1987,4454
2437,2017,4454
2371,2083,4454
2341,2113,4454
2311,2143,4454
2293,2161,4454
2251,2203,4454
4451,5,4456
4409,47,4456
4397,59,4456
4373,83,4456
4349,107,4456
4289,167,4456
4283,173,4456
4259,197,4456
4229,227,4456
4217,239,4456
4139,317,4456
4073,383,4456
4013,443,4456
4007,449,4456
3989,467,4456
3947,509,4456
3863,593,4456
3803,653,4456
3797,659,4456
3779,677,4456
3659,797,4456
3617,839,4456
3593,863,4456
3527,929,4456
3407,1049,4456
3359,1097,4456
3347,1109,4456
3167,1289,4456
3137,1319,4456
3089,1367,4456
3083,1373,4456
3023,1433,4456
2969,1487,4456
2963,1493,4456
2957,1499,4456
2903,1553,4456
2897,1559,4456
2843,1613,4456
2837,1619,4456
2819,1637,4456
2789,1667,4456
2633,1823,4456
2609,1847,4456
2579,1877,4456
2549,1907,4456
2543,1913,4456
2477,1979,4456
2459,1997,4456
2417,2039,4456
2393,2063,4456
2357,2099,4456
2243,2213,4456
4451,7,4458
4447,11,4458
4441,17,4458
4421,37,4458
4397,61,4458
4391,67,4458
4357,101,4458
4349,109,4458
4327,131,4458
4261,197,4458
4259,199,4458
4231,227,4458
4229,229,4458
4219,239,4458
4217,241,4458
4201,257,4458
4177,281,4458
4127,331,4458
4111,347,4458
4099,359,4458
4091,367,4458
4079,379,4458
4057,401,4458
4049,409,4458
4027,431,4458
4019,439,4458
4001,457,4458
3967,491,4458
3917,541,4458
3911,547,4458
3889,569,4458
3881,577,4458
3851,607,4458
3797,661,4458
3767,691,4458
3739,719,4458
3719,739,4458
3701,757,4458
3697,761,4458
3671,787,4458
3637,821,4458
3631,827,4458
3581,877,4458
3571,887,4458
3547,911,4458
3539,919,4458
3529,929,4458
3517,941,4458
3511,947,4458
3491,967,4458
3467,991,4458
3461,997,4458
3449,1009,4458
3407,1051,4458
3389,1069,4458
3371,1087,4458
3361,1097,4458
3329,1129,4458
3307,1151,4458
3271,1187,4458
3257,1201,4458
3229,1229,4458
3221,1237,4458
3209,1249,4458
3181,1277,4458
3169,1289,4458
3167,1291,4458
3137,1321,4458
3049,1409,4458
3019,1439,4458
3011,1447,4458
2999,1459,4458
2971,1487,4458
2969,1489,4458
2927,1531,4458
2909,1549,4458
2887,1571,4458
2879,1579,4458
2861,1597,4458
2857,1601,4458
2851,1607,4458
2837,1621,4458
2801,1657,4458
2791,1667,4458
2789,1669,4458
2749,1709,4458
2711,1747,4458
2699,1759,4458
2671,1787,4458
2657,1801,4458
2647,1811,4458
2591,1867,4458
2579,1879,4458
2557,1901,4458
2551,1907,4458
2459,1999,4458
2447,2011,4458
2441,2017,4458
2389,2069,4458
2377,2081,4458
2371,2087,4458
2347,2111,4458
2297,2161,4458
2251,2207,4458
2237,2221,4458
4457,3,4460
4447,13,4460
4441,19,4460
4423,37,4460
4363,97,4460
4357,103,4460
4297,163,4460
4261,199,4460
4231,229,4460
4219,241,4460
4177,283,4460
4153,307,4460
4129,331,4460
4111,349,4460
4093,367,4460
4051,409,4460
4027,433,4460
4021,439,4460
4003,457,4460
3919,541,4460
3889,571,4460
3853,607,4460
3847,613,4460
3769,691,4460
3733,727,4460
3727,733,4460
3709,751,4460
3691,769,4460
3673,787,4460
3637,823,4460
3631,829,4460
3607,853,4460
3583,877,4460
3541,919,4460
3469,991,4460
3463,997,4460
3391,1069,4460
3373,1087,4460
3343,1117,4460
3331,1129,4460
3307,1153,4460
3259,1201,4460
3229,1231,4460
3181,1279,4460
3169,1291,4460
3163,1297,4460
3079,1381,4460
3061,1399,4460
3037,1423,4460
3001,1459,4460
2971,1489,4460
2917,1543,4460
2851,1609,4460
2833,1627,4460
2803,1657,4460
2797,1663,4460
2791,1669,4460
2767,1693,4460
2719,1741,4460
2713,1747,4460
2707,1753,4460
2683,1777,4460
2677,1783,4460
2671,1789,4460
2659,1801,4460
2593,1867,4460
2473,1987,4460
2467,1993,4460
2377,2083,4460
2371,2089,4460
2347,2113,4460
2281,2179,4460
2239,2221,4460
4457,5,4462
4451,11,4462
4421,41,4462
4409,53,4462
4391,71,4462
4373,89,4462
4349,113,4462
4289,173,4462
4283,179,4462
4271,191,4462
4229,233,4462
4211,251,4462
4079,383,4462
4073,389,4462
4019,443,4462
4013,449,4462
4001,461,4462
3863,599,4462
3821,641,4462
3803,659,4462
3779,683,4462
3761,701,4462
3719,743,4462
3701,761,4462
3623,839,4462
3581,881,4462
3533,929,4462
3491,971,4462
3449,1013,4462
3413,1049,4462
3371,1091,4462
3359,1103,4462
3299,1163,4462
3203,1259,4462
3089,1373,4462
3023,1439,4462
3011,1451,4462
2969,1493,4462
2963,1499,4462
2939,1523,4462
2909,1553,4462
2903,1559,4462
2879,1583,4462
2861,1601,4462
2843,1619,4462
2753,1709,4462
2741,1721,4462
2729,1733,4462
2591,1871,4462
2549,1913,4462
2531,1931,4462
2459,2003,4462
2423,2039,4462
2399,2063,4462
2393,2069,4462
2381,2081,4462
2351,2111,4462
2333,2129,4462
2309,2153,4462
4457,7,4464
4451,13,4464
4447,17,4464
4441,23,4464
4423,41,4464
4421,43,4464
4397,67,4464
4391,73,4464
4363,101,4464
4357,107,4464
4337,127,4464
4327,137,4464
4297,167,4464
4283,181,4464
4273,191,4464
4271,193,4464
4253,211,4464
4241,223,4464
4231,233,4464
4201,263,4464
4157,307,4464
4153,311,4464
4133,331,4464
4127,337,4464
4111,353,4464
4091,373,4464
4021,443,4464
4007,457,4464
4003,461,4464
4001,463,4464
3943,521,4464
3923,541,4464
3917,547,4464
3907,557,4464
3877,587,4464
3863,601,4464
3851,613,4464
3847,617,4464
3833,631,4464
3823,641,4464
3821,643,4464
3803,661,4464
3691,773,4464
3677,787,4464
3643,821,4464
3637,827,4464
3607,857,4464
3583,881,4464
3581,883,4464
3557,907,4464
3527,937,4464
3517,947,4464
3511,953,4464
3467,997,4464
3433,1031,4464
3413,1051,4464
3373,1091,4464
3371,1093,4464
3361,1103,4464
3347,1117,4464
3313,1151,4464
3301,1163,4464
3271,1193,4464
3251,1213,4464
3187,1277,4464
3181,1283,4464
3167,1297,4464
3163,1301,4464
3137,1327,4464
3083,1381,4464
3041,1423,4464
3037,1427,4464
3011,1453,4464
2971,1493,4464
2953,1511,4464
2897,1567,4464
2857,1607,4464
2851,1613,4464
2843,1621,4464
2837,1627,4464
2801,1663,4464
2797,1667,4464
2767,1697,4464
2741,1723,4464
2731,1733,4464
2711,1753,4464
2687,1777,4464
2677,1787,4464
2663,1801,4464
2633,1831,4464
2617,1847,4464
2593,1871,4464
2591,1873,4464
2557,1907,4464
2551,1913,4464
2531,1933,4464
2477,1987,4464
2467,1997,4464
2447,2017,4464
2437,2027,4464
2411,2053,4464
2383,2081,4464
2381,2083,4464
2377,2087,4464
2351,2113,4464
2333,2131,4464
2311,2153,4464
2251,2213,4464
2243,2221,4464
4463,3,4466
4447,19,4466
4423,43,4466
4363,103,4466
4357,109,4466
4339,127,4466
4327,139,4466
4273,193,4466
4243,223,4466
4159,307,4466
4153,313,4466
4129,337,4466
4099,367,4466
4093,373,4466
4057,409,4466
4027,439,4466
4003,463,4466
3967,499,4466
3943,523,4466
3919,547,4466
3889,577,4466
3853,613,4466
3847,619,4466
3823,643,4466
3793,673,4466
3739,727,4466
3733,733,4466
3727,739,4466
3709,757,4466
3697,769,4466
3643,823,4466
3637,829,4466
3613,853,4466
3607,859,4466
3583,883,4466
3559,907,4466
3547,919,4466
3529,937,4466
3499,967,4466
3469,997,4466
3457,1009,4466
3433,1033,4466
3373,1093,4466
3343,1123,4466
3313,1153,4466
3253,1213,4466
3229,1237,4466
3217,1249,4466
3187,1279,4466
3169,1297,4466
3163,1303,4466
3067,1399,4466
3037,1429,4466
3019,1447,4466
2917,1549,4466
2887,1579,4466
2857,1609,4466
2803,1663,4466
2797,1669,4466
2767,1699,4466
2719,1747,4466
2713,1753,4466
2707,1759,4466
2689,1777,4466
2683,1783,4466
2677,1789,4466
2593,1873,4466
2473,1993,4466
2467,1999,4466
2437,2029,4466
2383,2083,4466
2377,2089,4466
2287,2179,4466
4463,5,4468
4457,11,4468
4451,17,4468
4421,47,4468
4409,59,4468
4397,71,4468
4337,131,4468
4289,179,4468
4271,197,4468
4241,227,4468
4229,239,4468
4217,251,4468
4211,257,4468
4157,311,4468
4079,389,4468
4049,419,4468
4019,449,4468
4007,461,4468
4001,467,4468
3989,479,4468
3947,521,4468
3911,557,4468
3881,587,4468
3851,617,4468
3821,647,4468
3767,701,4468
3671,797,4468
3659,809,4468
3581,887,4468
3557,911,4468
3539,929,4468
3527,941,4468
3491,977,4468
3449,1019,4468
3407,1061,4468
3371,1097,4468
3359,1109,4468
3251,1217,4468
3209,1259,4468
3191,1277,4468
3167,1301,4468
3041,1427,4468
2969,1499,4468
2957,1511,4468
2909,1559,4468
2897,1571,4468
2861,1607,4468
2801,1667,4468
2657,1811,4468
2621,1847,4468
2591,1877,4468
2579,1889,4468
2441,2027,4468
2399,2069,4468
2381,2087,4468
2357,2111,4468
2339,2129,4468
4463,7,4470
4457,13,4470
4451,19,4470
4447,23,4470
4441,29,4470
4423,47,4470
4409,61,4470
4397,73,4470
4391,79,4470
4373,97,4470
4363,107,4470
4357,113,4470
4339,131,4470
4297,173,4470
4289,181,4470
4273,197,4470
4271,199,4470
4259,211,4470
4243,227,4470
4241,229,4470
4231,239,4470
4229,241,4470
4219,251,4470
4201,269,4470
4177,293,4470
4159,311,4470
4157,313,4470
4153,317,4470
4139,331,4470
4133,337,4470
4111,359,4470
4091,379,4470
4073,397,4470
4051,419,4470
4049,421,4470
4027,443,4470
4021,449,4470
4013,457,4470
4007,463,4470
4003,467,4470
3967,503,4470
3947,523,4470
3929,541,4470
3923,547,4470
3907,563,4470
3877,593,4470
3863,607,4470
3853,617,4470
3851,619,4470
3823,647,4470
3797,673,4470
3793,677,4470
3779,691,4470
3769,701,4470
3761,709,4470
3727,743,4470
3719,751,4470
3709,761,4470
3701,769,4470
3697,773,4470
3673,797,4470
3659,811,4470
3643,827,4470
3631,839,4470
3617,853,4470
3613,857,4470
3607,863,4470
3593,877,4470
3583,887,4470
3559,911,4470
3541,929,4470
3533,937,4470
3529,941,4470
3517,953,4470
3499,971,4470
3461,1009,4470
3457,1013,4470
3449,1021,4470
3407,1063,4470
3373,1097,4470
3361,1109,4470
3347,1123,4470
3319,1151,4470
3307,1163,4470
3299,1171,4470
3257,1213,4470
3253,1217,4470
3221,1249,4470
3191,1279,4470
3187,1283,4470
3181,1289,4470
3169,1301,4470
3167,1303,4470
3163,1307,4470
3109,1361,4470
3089,1381,4470
3061,1409,4470
3041,1429,4470
3037,1433,4470
3023,1447,4470
3019,1451,4470
3011,1459,4470
2999,1471,4470
2971,1499,4470
2939,1531,4470
2927,1543,4470
2917,1553,4470
2903,1567,4470
2887,1583,4470
2861,1609,4470
2857,1613,4470
2851,1619,4470
2843,1627,4470
2833,1637,4470
2803,1667,4470
2801,1669,4470
2777,1693,4470
2749,1721,4470
2729,1741,4470
2711,1759,4470
2693,1777,4470
2687,1783,4470
2683,1787,4470
2659,1811,4470
2647,1823,4470
2609,1861,4470
2593,1877,4470
2591,1879,4470
2557,1913,4470
2539,1931,4470
2521,1949,4470
2477,1993,4470
2473,1997,4470
2467,2003,4470
2459,2011,4470
2441,2029,4470
2417,2053,4470
2389,2081,4470
2383,2087,4470
2381,2089,4470
2371,2099,4470
2357,2113,4470
2341,2129,4470
2339,2131,4470
2333,2137,4470
2309,2161,4470
2267,2203,4470
4441,31,4472
4363,109,4472
4273,199,4472
4261,211,4472
4243,229,4472
4231,241,4472
4201,271,4472
4159,313,4472
4099,373,4472
4093,379,4472
4051,421,4472
3931,541,4472
3853,619,4472
3739,733,4472
3733,739,4472
3643,829,4472
3613,859,4472
3463,1009,4472
3433,1039,4472
3343,1129,4472
3319,1153,4472
3301,1171,4472
3271,1201,4472
3259,1213,4472
3181,1291,4472
3169,1303,4472
3049,1423,4472
3019,1453,4472
3001,1471,4472
2851,1621,4472
2803,1669,4472
2749,1723,4472
2731,1741,4472
2719,1753,4472
2713,1759,4472
2689,1783,4472
2683,1789,4472
2671,1801,4472
2593,1879,4472
2539,1933,4472
2521,1951,4472
2473,1999,4472
2389,2083,4472
2383,2089,4472
2341,2131,4472
2311,2161,4472
2293,2179,4472
2269,2203,4472
2251,2221,4472
4463,11,4474
4457,17,4474
4451,23,4474
4421,53,4474
4391,83,4474
4373,101,4474
4337,137,4474
4283,191,4474
4241,233,4474
4217,257,4474
4211,263,4474
4157,317,4474
4127,347,4474
4091,383,4474
4073,401,4474
4013,461,4474
4007,467,4474
3917,557,4474
3911,563,4474
3881,593,4474
3833,641,4474
3821,653,4474
3797,677,4474
3701,773,4474
3677,797,4474
3617,857,4474
3593,881,4474
3533,941,4474
3527,947,4474
3491,983,4474
3461,1013,4474
3413,1061,4474
3371,1103,4474
3323,1151,4474
3257,1217,4474
3251,1223,4474
3191,1283,4474
3167,1307,4474
3041,1433,4474
3023,1451,4474
2963,1511,4474
2903,1571,4474
2861,1613,4474
2837,1637,4474
2777,1697,4474
2753,1721,4474
2741,1733,4474
2687,1787,4474
2663,1811,4474
2543,1931,4474
2477,1997,4474
2447,2027,4474
2411,2063,4474
2393,2081,4474
2333,2141,4474
2267,2207,4474
2237,2237,4474
4463,13,4476
4457,19,4476
4447,29,4476
4423,53,4476
4409,67,4476
4397,79,4476
4373,103,4476
4363,113,4476
4349,127,4476
4339,137,4476
4337,139,4476
4327,149,4476
4297,179,4476
4283,193,4476
4253,223,4476
4243,233,4476
4219,257,4476
4159,317,4476
4139,337,4476
4129,347,4476
4127,349,4476
4093,383,4476
4079,397,4476
4057,419,4476
4027,449,4476
4019,457,4476
4013,463,4476
3989,487,4476
3967,509,4476
3929,547,4476
3919,557,4476
3907,569,4476
3889,587,4476
3877,599,4476
3863,613,4476
3833,643,4476
3823,653,4476
3803,673,4476
3793,683,4476
3767,709,4476
3733,743,4476
3719,757,4476
3637,839,4476
3623,853,4476
3617,859,4476
3613,863,4476
3593,883,4476
3557,919,4476
3547,929,4476
3539,937,4476
3529,947,4476
3499,977,4476
3467,1009,4476
3463,1013,4476
3457,1019,4476
3413,1063,4476
3407,1069,4476
3389,1087,4476
3373,1103,4476
3359,1117,4476
3347,1129,4476
3323,1153,4476
3313,1163,4476
3259,1217,4476
3253,1223,4476
3217,1259,4476
3187,1289,4476
3169,1307,4476
3109,1367,4476
3067,1409,4476
3049,1427,4476
3037,1439,4476
3023,1453,4476
2953,1523,4476
2927,1549,4476
2917,1559,4476
2909,1567,4476
2897,1579,4476
2879,1597,4476
2857,1619,4476
2819,1657,4476
2777,1699,4476
2767,1709,4476
2753,1723,4476
2729,1747,4476
2699,1777,4476
2693,1783,4476
2689,1787,4476
2687,1789,4476
2609,1867,4476
2543,1933,4476
2503,1973,4476
2477,1999,4476
2473,2003,4476
2459,2017,4476
2447,2029,4476
2437,2039,4476
2423,2053,4476
2393,2083,4476
2389,2087,4476
2377,2099,4476
2347,2129,4476
2339,2137,4476
2333,2143,4476
2297,2179,4476
2273,2203,4476
2269,2207,4476
2239,2237,4476
4447,31,4478
4441,37,4478
4339,139,4478
4327,151,4478
4297,181,4478
4201,277,4478
4129,349,4478
4111,367,4478
4099,379,4478
4057,421,4478
4021,457,4478
3931,547,4478
3907,571,4478
3877,601,4478
3847,631,4478
3769,709,4478
3739,739,4478
3727,751,4478
3709,769,4478
3691,787,4478
3571,907,4478
3559,919,4478
3541,937,4478
3511,967,4478
3469,1009,4478
3457,1021,4478
3391,1087,4478
3361,1117,4478
3307,1171,4478
3229,1249,4478
3187,1291,4478
3181,1297,4478
3079,1399,4478
3049,1429,4478
3019,1459,4478
2857,1621,4478
2851,1627,4478
2731,1747,4478
2719,1759,4478
2689,1789,4478
2677,1801,4478
2647,1831,4478
2617,1861,4478
2467,2011,4478
2389,2089,4478
2347,2131,4478
2341,2137,4478
2239,2239,4478
4463,17,4480
4457,23,4480
4451,29,4480
4421,59,4480
4409,71,4480
4397,83,4480
4391,89,4480
4373,107,4480
4349,131,4480
4289,191,4480
4283,197,4480
4253,227,4480
4241,239,4480
4229,251,4480
4217,263,4480
4211,269,4480
4133,347,4480
4127,353,4480
4091,389,4480
4079,401,4480
4049,431,4480
4019,461,4480
4013,467,4480
4001,479,4480
3989,491,4480
3923,557,4480
3917,563,4480
3911,569,4480
3881,599,4480
3863,617,4480
3833,647,4480
3821,659,4480
3803,677,4480
3797,683,4480
3779,701,4480
3761,719,4480
3719,761,4480
3671,809,4480
3659,821,4480
3623,857,4480
3617,863,4480
3593,887,4480
3539,941,4480
3533,947,4480
3527,953,4480
3467,1013,4480
3461,1019,4480
3449,1031,4480
3389,1091,4480
3371,1109,4480
3329,1151,4480
3299,1181,4480
3257,1223,4480
3251,1229,4480
3221,1259,4480
3203,1277,4480
3191,1289,4480
3119,1361,4480
3041,1439,4480
2999,1481,4480
2969,1511,4480
2957,1523,4480
2927,1553,4480
2909,1571,4480
2897,1583,4480
2879,1601,4480
2861,1619,4480
2843,1637,4480
2693,1787,4480
2657,1823,4480
2633,1847,4480
2609,1871,4480
2591,1889,4480
2579,1901,4480
2549,1931,4480
2531,1949,4480
2477,2003,4480
2441,2039,4480
2417,2063,4480
2411,2069,4480
2399,2081,4480
2393,2087,4480
2381,2099,4480
2351,2129,4480
2339,2141,4480
2273,2207,4480
2267,2213,4480
2243,2237,4480
4463,19,4482
4451,31,4482
4441,41,4482
4423,59,4482
4421,61,4482
4409,73,4482
4373,109,4482
4289,193,4482
4283,199,4482
4271,211,4482
4259,223,4482
4253,229,4482
4243,239,4482
4241,241,4482
4231,251,4482
4219,263,4482
4211,271,4482
4201,281,4482
4133,349,4482
4129,353,4482
4099,383,4482
4093,389,4482
4073,409,4482
4051,431,4482
4049,433,4482
4021,461,4482
4019,463,4482
4003,479,4482
3919,563,4482
3911,571,4482
3889,593,4482
3881,601,4482
3863,619,4482
3851,631,4482
3823,659,4482
3821,661,4482
3739,743,4482
3709,773,4482
3673,809,4482
3671,811,4482
3659,823,4482
3643,839,4482
3623,859,4482
3571,911,4482
3541,941,4482
3529,953,4482
3511,971,4482
3499,983,4482
3491,991,4482
3469,1013,4482
3463,1019,4482
3461,1021,4482
3449,1033,4482
3433,1049,4482
3413,1069,4482
3391,1091,4482
3389,1093,4482
3373,1109,4482
3359,1123,4482
3331,1151,4482
3329,1153,4482
3319,1163,4482
3301,1181,4482
3259,1223,4482
3253,1229,4482
3251,1231,4482
3203,1279,4482
3191,1291,4482
3181,1301,4482
3163,1319,4482
3121,1361,4482
3109,1373,4482
3083,1399,4482
3049,1433,4482
3023,1459,4482
3011,1471,4482
3001,1481,4482
2999,1483,4482
2971,1511,4482
2939,1543,4482
2903,1579,4482
2861,1621,4482
2819,1663,4482
2789,1693,4482
2749,1733,4482
2741,1741,4482
2729,1753,4482
2699,1783,4482
2693,1789,4482
2671,1811,4482
2659,1823,4482
2621,1861,4482
2609,1873,4482
2593,1889,4482
2551,1931,4482
2549,1933,4482
2531,1951,4482
2503,1979,4482
2399,2083,4482
2393,2089,4482
2383,2099,4482
2371,2111,4482
2351,2131,4482
2341,2141,4482
2339,2143,4482
2269,2213,4482
2243,2239,4482
4481,3,4484
4447,37,4484
4441,43,4484
4423,61,4484
4357,127,4484
4327,157,4484
4273,211,4484
4261,223,4484
4243,241,4484
4201,283,4484
4177,307,4484
4153,331,4484
4111,373,4484
4051,433,4484
4027,457,4484
4021,463,4484
3943,541,4484
3907,577,4484
3877,607,4484
3853,631,4484
3823,661,4484
3793,691,4484
3733,751,4484
3727,757,4484
3697,787,4484
3673,811,4484
3631,853,4484
3607,877,4484
3547,937,4484
3517,967,4484
3463,1021,4484
3433,1051,4484
3391,1093,4484
3361,1123,4484
3331,1153,4484
3313,1171,4484
3271,1213,4484
3253,1231,4484
3187,1297,4484
3181,1303,4484
3163,1321,4484
3061,1423,4484
3037,1447,4484
3001,1483,4484
2953,1531,4484
2917,1567,4484
2887,1597,4484
2857,1627,4484
2791,1693,4484
2731,1753,4484
2707,1777,4484
2683,1801,4484
2617,1867,4484
2551,1933,4484
2473,2011,4484
2467,2017,4484
2371,2113,4484
2347,2137,4484
2341,2143,4484
2281,2203,4484
4483,3,4486
4481,5,4486
4463,23,4486
4457,29,4486
4397,89,4486
4373,113,4486
4349,137,4486
4337,149,4486
4289,197,4486
4259,227,4486
4253,233,4486
4229,257,4486
4217,269,4486
4139,347,4486
4133,353,4486
4127,359,4486
4019,467,4486
4007,479,4486
3929,557,4486
3923,563,4486
3917,569,4486
3833,653,4486
3803,683,4486
3767,719,4486
3677,809,4486
3659,827,4486
3623,863,4486
3557,929,4486
3539,947,4486
3533,953,4486
3467,1019,4486
3389,1097,4486
3323,1163,4486
3299,1187,4486
3257,1229,4486
3209,1277,4486
3203,1283,4486
3167,1319,4486
3119,1367,4486
2999,1487,4486
2963,1523,4486
2927,1559,4486
2903,1583,4486
2879,1607,4486
2819,1667,4486
2789,1697,4486
2777,1709,4486
2753,1733,4486
2699,1787,4486
2663,1823,4486
2609,1877,4486
2579,1907,4486
2459,2027,4486
2447,2039,4486
2423,2063,4486
2417,2069,4486
2399,2087,4486
2357,2129,4486
2333,2153,4486
2273,2213,4486
2243,2243,4486
4483,5,4488
4481,7,4488
4457,31,4488
4451,37,4488
4447,41,4488
4441,47,4488
4421,67,4488
4409,79,4488
4391,97,4488
4357,131,4488
4349,139,4488
4339,149,4488
4337,151,4488
4297,191,4488
4289,199,4488
4261,227,4488
4259,229,4488
4231,257,4488
4219,269,4488
4217,271,4488
4211,277,4488
4177,311,4488
4157,331,4488
4139,349,4488
4129,359,4488
4099,389,4488
4091,397,4488
4079,409,4488
4057,431,4488
4049,439,4488
4027,461,4488
4021,467,4488
4001,487,4488
3989,499,4488
3967,521,4488
3947,541,4488
3931,557,4488
3919,569,4488
3917,571,4488
3911,577,4488
3889,599,4488
3881,607,4488
3847,641,4488
3797,691,4488
3779,709,4488
3769,719,4488
3761,727,4488
3727,761,4488
3719,769,4488
3701,787,4488
3691,797,4488
3677,811,4488
3659,829,4488
3631,857,4488
3607,881,4488
3581,907,4488
3559,929,4488
3547,941,4488
3541,947,4488
3517,971,4488
3511,977,4488
3491,997,4488
3469,1019,4488
3467,1021,4488
3457,1031,4488
3449,1039,4488
3391,1097,4488
3371,1117,4488
3359,1129,4488
3307,1181,4488
3301,1187,4488
3271,1217,4488
3259,1229,4488
3257,1231,4488
3251,1237,4488
3229,1259,4488
3209,1279,4488
3191,1297,4488
3187,1301,4488
3181,1307,4488
3169,1319,4488
3167,1321,4488
3121,1367,4488
3089,1399,4488
3079,1409,4488
3061,1427,4488
3049,1439,4488
3041,1447,4488
3037,1451,4488
3001,1487,4488
2999,1489,4488
2957,1531,4488
2939,1549,4488
2917,1571,4488
2909,1579,4488
2887,1601,4488
2879,1609,4488
2861,1627,4488
2851,1637,4488
2819,1669,4488
2791,1697,4488
2789,1699,4488
2767,1721,4488
2741,1747,4488
2729,1759,4488
2711,1777,4488
2699,1789,4488
2687,1801,4488
2677,1811,4488
2657,1831,4488
2621,1867,4488
2617,1871,4488
2609,1879,4488
2557,1931,4488
2539,1949,4488
2477,2011,4488
2459,2029,4488
2399,2089,4488
2389,2099,4488
2377,2111,4488
2357,2131,4488
2351,2137,4488
2347,2141,4488
2309,2179,4488
2281,2207,4488
2267,2221,4488
2251,2237,4488
4483,7,4490
4447,43,4490
4423,67,4490
4363,127,4490
4339,151,4490
4327,163,4490
4297,193,4490
4261,229,4490
4219,271,4490
4177,313,4490
4159,331,4490
4153,337,4490
4111,379,4490
4093,397,4490
4057,433,4490
4051,439,4490
4027,463,4490
4003,487,4490
3967,523,4490
3943,547,4490
3919,571,4490
3889,601,4490
3877,613,4490
3847,643,4490
3739,751,4490
3733,757,4490
3637,853,4490
3631,859,4490
3613,877,4490
3607,883,4490
3583,907,4490
3571,919,4490
3499,991,4490
3469,1021,4490
3457,1033,4490
3373,1117,4490
3361,1129,4490
3319,1171,4490
3259,1231,4490
3253,1237,4490
3187,1303,4490
3169,1321,4490
3163,1327,4490
3109,1381,4490
3067,1423,4490
3061,1429,4490
3037,1453,4490
3019,1471,4490
3001,1489,4490
2833,1657,4490
2797,1693,4490
2791,1699,4490
2767,1723,4490
2749,1741,4490
2731,1759,4490
2713,1777,4490
2707,1783,4490
2689,1801,4490
2659,1831,4490
2617,1873,4490
2557,1933,4490
2539,1951,4490
2503,1987,4490
2473,2017,4490
2437,2053,4490
2377,2113,4490
2347,2143,4490
2311,2179,4490
2287,2203,4490
2269,2221,4490
2251,2239,4490
4481,11,4492
4463,29,4492
4451,41,4492
4421,71,4492
4409,83,4492
4391,101,4492
4259,233,4492
4253,239,4492
4241,251,4492
4229,263,4492
4211,281,4492
4139,353,4492
4133,359,4492
4091,401,4492
4073,419,4492
4049,443,4492
4013,479,4492
4001,491,4492
3989,503,4492
3929,563,4492
3923,569,4492
3851,641,4492
3833,659,4492
3719,773,4492
3671,821,4492
3581,911,4492
3539,953,4492
3461,1031,4492
3389,1103,4492
3329,1163,4492
3299,1193,4492
3209,1283,4492
3203,1289,4492
3191,1301,4492
3119,1373,4492
3083,1409,4492
3041,1451,4492
3011,1481,4492
2999,1493,4492
2969,1523,4492
2939,1553,4492
2909,1583,4492
2879,1613,4492
2621,1871,4492
2591,1901,4492
2579,1913,4492
2543,1949,4492
2423,2069,4492
2411,2081,4492
2393,2099,4492
2381,2111,4492
2351,2141,4492
2339,2153,4492
4483,11,4494
4481,13,4494
4463,31,4494
4457,37,4494
4451,43,4494
4447,47,4494
4441,53,4494
4423,71,4494
4421,73,4494
4397,97,4494
4391,103,4494
4363,131,4494
4357,137,4494
4337,157,4494
4327,167,4494
4297,197,4494
4283,211,4494
4271,223,4494
4261,233,4494
4253,241,4494
4243,251,4494
4231,263,4494
4217,277,4494
4211,283,4494
4201,293,4494
4177,317,4494
4157,337,4494
4127,367,4494
4111,383,4494
4093,401,4494
4073,421,4494
4051,443,4494
4027,467,4494
4007,487,4494
4003,491,4494
3947,547,4494
3931,563,4494
3923,571,4494
3917,577,4494
3907,587,4494
3881,613,4494
3877,617,4494
3863,631,4494
3853,641,4494
3851,643,4494
3847,647,4494
3833,661,4494
3821,673,4494
3803,691,4494
3793,701,4494
3767,727,4494
3761,733,4494
3733,761,4494
3697,797,4494
3673,821,4494
3671,823,4494
3637,857,4494
3631,863,4494
3617,877,4494
3613,881,4494
3607,887,4494
3583,911,4494
3557,937,4494
3547,947,4494
3541,953,4494
3527,967,4494
3517,977,4494
3511,983,4494
3463,1031,4494
3461,1033,4494
3433,1061,4494
3407,1087,4494
3391,1103,4494
3371,1123,4494
3343,1151,4494
3331,1163,4494
3323,1171,4494
3313,1181,4494
3307,1187,4494
3301,1193,4494
3271,1223,4494
3257,1237,4494
3217,1277,4494
3203,1291,4494
3191,1303,4494
3187,1307,4494
3167,1327,4494
3121,1373,4494
3067,1427,4494
3061,1433,4494
3041,1453,4494
3023,1471,4494
3011,1483,4494
3001,1493,4494
2971,1523,4494
2963,1531,4494
2927,1567,4494
2897,1597,4494
2887,1607,4494
2857,1637,4494
2837,1657,4494
2801,1693,4494
2797,1697,4494
2753,1741,4494
2741,1753,4494
2711,1783,4494
2707,1787,4494
2693,1801,4494
2683,1811,4494
2671,1823,4494
2663,1831,4494
2647,1847,4494
2633,1861,4494
2621,1873,4494
2617,1877,4494
2593,1901,4494
2543,1951,4494
2521,1973,4494
2477,2017,4494
2467,2027,4494
2441,2053,4494
2411,2083,4494
2383,2111,4494
2381,2113,4494
2357,2137,4494
2351,2143,4494
2341,2153,4494
2333,2161,4494
2287,2207,4494
2281,2213,4494
2273,2221,4494
2251,2243,4494
4493,3,4496
4483,13,4496
4423,73,4496
4357,139,4496
4339,157,4496
4297,199,4496
4273,223,4496
4219,277,4496
4159,337,4496
4129,367,4496
4099,397,4496
4057,439,4496
3919,577,4496
3889,607,4496
3877,619,4496
3853,643,4496
3823,673,4496
3769,727,4496
3739,757,4496
3727,769,4496
3709,787,4496
3673,823,4496
3643,853,4496
3637,859,4496
3613,883,4496
3559,937,4496
3529,967,4496
3499,997,4496
3463,1033,4496
3457,1039,4496
3433,1063,4496
3373,1123,4496
3343,1153,4496
3259,1237,4496
3217,1279,4496
3169,1327,4496
3067,1429,4496
3049,1447,4496
3037,1459,4496
2953,1543,4496
2917,1579,4496
2887,1609,4496
2833,1663,4496
2803,1693,4496
2797,1699,4496
2749,1747,4496
2719,1777,4496
2713,1783,4496
2707,1789,4496
2617,1879,4496
2503,1993,4496
2467,2029,4496
2383,2113,4496
2293,2203,4496
4493,5,4498
4481,17,4498
4457,41,4498
4451,47,4498
4409,89,4498
4397,101,4498
4391,107,4498
4349,149,4498
4271,227,4498
4259,239,4498
4241,257,4498
4229,269,4498
4217,281,4498
4139,359,4498
4079,419,4498
4049,449,4498
4019,479,4498
4007,491,4498
3989,509,4498
3929,569,4498
3911,587,4498
3881,617,4498
3851,647,4498
3821,677,4498
3797,701,4498
3779,719,4498
3701,797,4498
3677,821,4498
3671,827,4498
3659,839,4498
3617,881,4498
3557,941,4498
3527,971,4498
3467,1031,4498
3449,1049,4498
3407,1091,4498
3389,1109,4498
3347,1151,4498
3221,1277,4498
3209,1289,4498
3191,1307,4498
3137,1361,4498
3089,1409,4498
3011,1487,4498
2999,1499,4498
2939,1559,4498
2927,1571,4498
2897,1601,4498
2879,1619,4498
2861,1637,4498
2801,1697,4498
2789,1709,4498
2777,1721,4498
2711,1787,4498
2687,1811,4498
2621,1877,4498
2609,1889,4498
2591,1907,4498
2549,1949,4498
2459,2039,4498
2417,2081,4498
2411,2087,4498
2399,2099,4498
2357,2141,4498
4493,7,4500
4483,17,4500
4481,19,4500
4463,37,4500
4457,43,4500
4447,53,4500
4441,59,4500
4421,79,4500
4397,103,4500
4391,109,4500
4373,127,4500
4363,137,4500
4349,151,4500
4337,163,4500
4327,173,4500
4289,211,4500
4273,227,4500
4271,229,4500
4261,239,4500
4259,241,4500
4243,257,4500
4231,269,4500
4229,271,4500
4219,281,4500
4217,283,4500
4153,347,4500
4133,367,4500
4127,373,4500
4111,389,4500
4099,401,4500
4091,409,4500
4079,421,4500
4057,443,4500
4051,449,4500
4021,479,4500
4013,487,4500
4001,499,4500
3943,557,4500
3931,569,4500
3929,571,4500
3923,577,4500
3907,593,4500
3881,619,4500
3853,647,4500
3847,653,4500
3823,677,4500
3767,733,4500
3761,739,4500
3739,761,4500
3727,773,4500
3691,809,4500
3677,823,4500
3673,827,4500
3671,829,4500
3643,857,4500
3637,863,4500
3623,877,4500
3617,883,4500
3613,887,4500
3593,907,4500
3581,919,4500
3571,929,4500
3559,941,4500
3547,953,4500
3533,967,4500
3529,971,4500
3517,983,4500
3491,1009,4500
3469,1031,4500
3467,1033,4500
3461,1039,4500
3449,1051,4500
3413,1087,4500
3407,1093,4500
3391,1109,4500
3371,1129,4500
3347,1153,4500
3329,1171,4500
3319,1181,4500
3313,1187,4500
3307,1193,4500
3299,1201,4500
3271,1229,4500
3251,1249,4500
3221,1279,4500
3217,1283,4500
3209,1291,4500
3203,1297,4500
3181,1319,4500
3119,1381,4500
3067,1433,4500
3061,1439,4500
3049,1451,4500
3041,1459,4500
3019,1481,4500
3011,1489,4500
3001,1499,4500
2969,1531,4500
2957,1543,4500
2917,1583,4500
2903,1597,4500
2887,1613,4500
2879,1621,4500
2843,1657,4500
2837,1663,4500
2833,1667,4500
2803,1697,4500
2801,1699,4500
2791,1709,4500
2777,1723,4500
2767,1733,4500
2753,1747,4500
2741,1759,4500
2713,1787,4500
2711,1789,4500
2699,1801,4500
2689,1811,4500
2677,1823,4500
2633,1867,4500
2621,1879,4500
2593,1907,4500
2551,1949,4500
2549,1951,4500
2521,1979,4500
2503,1997,4500
2473,2027,4500
2447,2053,4500
2437,2063,4500
2417,2083,4500
2411,2089,4500
2389,2111,4500
2371,2129,4500
2357,2143,4500
2347,2153,4500
2339,2161,4500
2297,2203,4500
2293,2207,4500
2287,2213,4500
4483,19,4502
4441,61,4502
4423,79,4502
4363,139,4502
4339,163,4502
4273,229,4502
4261,241,4502
4231,271,4502
4219,283,4502
4153,349,4502
4129,373,4502
4093,409,4502
4003,499,4502
3931,571,4502
3889,613,4502
3793,709,4502
3769,733,4502
3733,769,4502
3691,811,4502
3673,829,4502
3643,859,4502
3583,919,4502
3511,991,4502
3469,1033,4502
3463,1039,4502
3433,1069,4502
3373,1129,4502
3331,1171,4502
3301,1201,4502
3271,1231,4502
3253,1249,4502
3181,1321,4502
3121,1381,4502
3079,1423,4502
3049,1453,4502
3019,1483,4502
2971,1531,4502
2953,1549,4502
2833,1669,4502
2803,1699,4502
2749,1753,4502
2719,1783,4502
2713,1789,4502
2671,1831,4502
2551,1951,4502
2503,1999,4502
2473,2029,4502
2389,2113,4502
2371,2131,4502
2341,2161,4502
2281,2221,4502
2251,2251,4502
4493,11,4504
4481,23,4504
4463,41,4504
4457,47,4504
4451,53,4504
4421,83,4504
4397,107,4504
4391,113,4504
4373,131,4504
4337,167,4504
4271,233,4504
4253,251,4504
4241,263,4504
4211,293,4504
4157,347,4504
4073,431,4504
4013,491,4504
4001,503,4504
3947,557,4504
3917,587,4504
3911,593,4504
3863,641,4504
3851,653,4504
3821,683,4504
3803,701,4504
3761,743,4504
3677,827,4504
3623,881,4504
3617,887,4504
3593,911,4504
3557,947,4504
3533,971,4504
3527,977,4504
3491,1013,4504
3413,1091,4504
3407,1097,4504
3323,1181,4504
3221,1283,4504
3203,1301,4504
3137,1367,4504
3023,1481,4504
3011,1493,4504
2903,1601,4504
2897,1607,4504
2837,1667,4504
2693,1811,4504
2657,1847,4504
2633,1871,4504
2591,1913,4504
2531,1973,4504
2477,2027,4504
2441,2063,4504
2423,2081,4504
2417,2087,4504
2393,2111,4504
2351,2153,4504
2297,2207,4504
2267,2237,4504
4493,13,4506
4483,23,4506
4463,43,4506
4447,59,4506
4423,83,4506
4409,97,4506
4397,109,4506
4357,149,4506
4349,157,4506
4339,167,4506
4327,179,4506
4283,223,4506
4273,233,4506
4243,263,4506
4229,277,4506
4159,347,4506
4157,349,4506
4153,353,4506
4139,367,4506
4133,373,4506
4127,379,4506
4073,433,4506
4057,449,4506
4049,457,4506
4027,479,4506
4019,487,4506
4007,499,4506
4003,503,4506
3943,563,4506
3929,577,4506
3919,587,4506
3907,599,4506
3889,617,4506
3863,643,4506
3853,653,4506
3847,659,4506
3833,673,4506
3823,683,4506
3797,709,4506
3779,727,4506
3767,739,4506
3733,773,4506
3719,787,4506
3709,797,4506
3697,809,4506
3677,829,4506
3643,863,4506
3623,883,4506
3559,947,4506
3539,967,4506
3529,977,4506
3467,1039,4506
3457,1049,4506
3413,1093,4506
3389,1117,4506
3343,1163,4506
3319,1187,4506
3313,1193,4506
3257,1249,4506
3229,1277,4506
3217,1289,4506
3209,1297,4506
3203,1303,4506
3187,1319,4506
3083,1423,4506
3079,1427,4506
3067,1439,4506
3023,1483,4506
3019,1487,4506
2963,1543,4506
2957,1549,4506
2953,1553,4506
2939,1567,4506
2927,1579,4506
2909,1597,4506
2897,1609,4506
2887,1619,4506
2879,1627,4506
2843,1663,4506
2837,1669,4506
2797,1709,4506
2753,1753,4506
2729,1777,4506
2719,1787,4506
2683,1823,4506
2659,1847,4506
2633,1873,4506
2617,1889,4506
2593,1913,4506
2557,1949,4506
2503,2003,4506
2477,2029,4506
2467,2039,4506
2437,2069,4506
2423,2083,4506
2417,2089,4506
2393,2113,4506
2377,2129,4506
2293,2213,4506
2269,2237,4506
2267,2239,4506
4447,61,4508
4441,67,4508
4357,151,4508
4327,181,4508
4297,211,4508
4231,277,4508
4201,307,4508
4177,331,4508
4159,349,4508
4129,379,4508
4111,397,4508
4099,409,4508
4051,457,4508
4021,487,4508
3967,541,4508
3931,577,4508
3907,601,4508
3889,619,4508
3877,631,4508
3847,661,4508
3769,739,4508
3739,769,4508
3697,811,4508
3631,877,4508
3571,937,4508
3541,967,4508
3517,991,4508
3511,997,4508
3499,1009,4508
3469,1039,4508
3457,1051,4508
3391,1117,4508
3307,1201,4508
3271,1237,4508
3259,1249,4508
3229,1279,4508
3217,1291,4508
3187,1321,4508
3181,1327,4508
3109,1399,4508
3079,1429,4508
3061,1447,4508
3049,1459,4508
3037,1471,4508
3019,1489,4508
2887,1621,4508
2851,1657,4508
2767,1741,4508
2749,1759,4508
2731,1777,4508
2719,1789,4508
2707,1801,4508
2677,1831,4508
2647,1861,4508
2557,1951,4508
2521,1987,4508
2377,2131,4508
2371,2137,4508
2347,2161,4508
2287,2221,4508
2269,2239,4508
4507,3,4510
4493,17,4510
4481,29,4510
4463,47,4510
4457,53,4510
4451,59,4510
4421,89,4510
4409,101,4510
4397,113,4510
4373,137,4510
4337,173,4510
4283,227,4510
4271,239,4510
4259,251,4510
4253,257,4510
4241,269,4510
4229,281,4510
4217,293,4510
4157,353,4510
4127,383,4510
4091,419,4510
4079,431,4510
4049,461,4510
4019,491,4510
4007,503,4510
4001,509,4510
3989,521,4510
3947,563,4510
3923,587,4510
3917,593,4510
3911,599,4510
3863,647,4510
3851,659,4510
3833,677,4510
3767,743,4510
3701,809,4510
3671,839,4510
3623,887,4510
3581,929,4510
3557,953,4510
3539,971,4510
3533,977,4510
3527,983,4510
3491,1019,4510
3461,1049,4510
3449,1061,4510
3413,1097,4510
3407,1103,4510
3359,1151,4510
3347,1163,4510
3329,1181,4510
3323,1187,4510
3251,1259,4510
3221,1289,4510
3209,1301,4510
3203,1307,4510
3191,1319,4510
3137,1373,4510
3083,1427,4510
3023,1487,4510
3011,1499,4510
2999,1511,4510
2957,1553,4510
2939,1571,4510
2927,1583,4510
2909,1601,4510
2903,1607,4510
2897,1613,4510
2843,1667,4510
2801,1709,4510
2789,1721,4510
2777,1733,4510
2699,1811,4510
2687,1823,4510
2663,1847,4510
2633,1877,4510
2621,1889,4510
2609,1901,4510
2579,1931,4510
2531,1979,4510
2447,2063,4510
2441,2069,4510
2423,2087,4510
2411,2099,4510
2399,2111,4510
2381,2129,4510
2357,2153,4510
2297,2213,4510
2273,2237,4510
2267,2243,4510
4507,5,4512
4493,19,4512
4483,29,4512
4481,31,4512
4451,61,4512
4441,71,4512
4423,89,4512
4409,103,4512
4373,139,4512
4363,149,4512
4349,163,4512
4339,173,4512
4289,223,4512
4283,229,4512
4273,239,4512
4271,241,4512
4261,251,4512
4243,269,4512
4241,271,4512
4231,281,4512
4229,283,4512
4219,293,4512
4201,311,4512
4159,353,4512
4153,359,4512
4139,373,4512
4133,379,4512
4129,383,4512
4111,401,4512
4093,419,4512
4091,421,4512
4079,433,4512
4073,439,4512
4051,461,4512
4049,463,4512
4021,491,4512
4013,499,4512
4003,509,4512
3989,523,4512
3943,569,4512
3919,593,4512
3911,601,4512
3881,631,4512
3853,659,4512
3851,661,4512
3821,691,4512
3803,709,4512
3793,719,4512
3779,733,4512
3769,743,4512
3761,751,4512
3739,773,4512
3701,811,4512
3691,821,4512
3673,839,4512
3659,853,4512
3631,881,4512
3593,919,4512
3583,929,4512
3571,941,4512
3559,953,4512
3541,971,4512
3529,983,4512
3499,1013,4512
3491,1021,4512
3463,1049,4512
3461,1051,4512
3449,1063,4512
3389,1123,4512
3361,1151,4512
3359,1153,4512
3331,1181,4512
3319,1193,4512
3299,1213,4512
3253,1259,4512
3229,1283,4512
3221,1291,4512
3209,1303,4512
3191,1321,4512
3089,1423,4512
3083,1429,4512
3079,1433,4512
3061,1451,4512
3041,1471,4512
3023,1489,4512
3019,1493,4512
3001,1511,4512
2969,1543,4512
2963,1549,4512
2953,1559,4512
2903,1609,4512
2843,1669,4512
2819,1693,4512
2803,1709,4512
2791,1721,4512
2789,1723,4512
2753,1759,4512
2729,1783,4512
2711,1801,4512
2689,1823,4512
2633,1879,4512
2579,1933,4512
2539,1973,4512
2473,2039,4512
2459,2053,4512
2423,2089,4512
2399,2113,4512
2383,2129,4512
2381,2131,4512
2371,2141,4512
2351,2161,4512
2333,2179,4512
2309,2203,4512
2273,2239,4512
2269,2243,4512
4507,7,4514
4483,31,4514
4447,67,4514
4441,73,4514
4363,151,4514
4357,157,4514
4273,241,4514
4243,271,4514
4231,283,4514
4201,313,4514
4177,337,4514
4093,421,4514
4057,457,4514
4051,463,4514
4027,487,4514
3967,547,4514
3943,571,4514
3907,607,4514
3853,661,4514
3823,691,4514
3727,787,4514
3691,823,4514
3637,877,4514
3631,883,4514
3607,907,4514
3547,967,4514
3517,997,4514
3463,1051,4514
3391,1123,4514
3361,1153,4514
3343,1171,4514
3313,1201,4514
3301,1213,4514
3217,1297,4514
3187,1327,4514
3067,1447,4514
3061,1453,4514
2971,1543,4514
2917,1597,4514
2887,1627,4514
2857,1657,4514
2851,1663,4514
2791,1723,4514
2767,1747,4514
2731,1783,4514
2713,1801,4514
2683,1831,4514
2647,1867,4514
2521,1993,4514
2503,2011,4514
2383,2131,4514
2377,2137,4514
2371,2143,4514
2311,2203,4514
2293,2221,4514
4513,3,4516
4493,23,4516
4463,53,4516
4457,59,4516
4409,107,4516
4349,167,4516
4337,179,4516
4289,227,4516
4283,233,4516
4259,257,4516
4253,263,4516
4157,359,4516
4133,383,4516
4127,389,4516
4073,443,4516
4049,467,4516
4013,503,4516
4007,509,4516
3947,569,4516
3929,587,4516
3923,593,4516
3917,599,4516
3863,653,4516
3833,683,4516
3797,719,4516
3719,797,4516
3677,839,4516
3659,857,4516
3539,977,4516
3533,983,4516
3467,1049,4516
3413,1103,4516
3407,1109,4516
3329,1187,4516
3323,1193,4516
3299,1217,4516
3257,1259,4516
3209,1307,4516
3089,1427,4516
3083,1433,4516
3023,1493,4516
2963,1553,4516
2957,1559,4516
2909,1607,4516
2903,1613,4516
2897,1619,4516
2879,1637,4516
2819,1697,4516
2729,1787,4516
2693,1823,4516
2609,1907,4516
2543,1973,4516
2477,2039,4516
2447,2069,4516
2417,2099,4516
2309,2207,4516
2273,2243,4516
4513,5,4518
4507,11,4518
4481,37,4518
4457,61,4518
4451,67,4518
4447,71,4518
4421,97,4518
4409,109,4518
4391,127,4518
4339,179,4518
4337,181,4518
4327,191,4518
4289,229,4518
4261,257,4518
4241,277,4518
4211,307,4518
4201,317,4518
4159,359,4518
4139,379,4518
4129,389,4518
4099,419,4518
4079,439,4518
4057,461,4518
4051,467,4518
4027,491,4518
4019,499,4518
3947,571,4518
3931,587,4518
3919,599,4518
3917,601,4518
3911,607,4518
3877,641,4518
3779,739,4518
3767,751,4518
3761,757,4518
3709,809,4518
3697,821,4518
3691,827,4518
3659,859,4518
3637,881,4518
3631,887,4518
3607,911,4518
3581,937,4518
3571,947,4518
3547,971,4518
3541,977,4518
3527,991,4518
3499,1019,4518
3469,1049,4518
3467,1051,4518
3457,1061,4518
3449,1069,4518
3389,1129,4518
3347,1171,4518
3331,1187,4518
3301,1217,4518
3259,1259,4518
3229,1289,4518
3221,1297,4518
3217,1301,4518
3191,1327,4518
3137,1381,4518
3119,1399,4518
3109,1409,4518
3089,1429,4518
3079,1439,4518
3067,1451,4518
3037,1481,4518
3019,1499,4518
2969,1549,4518
2939,1579,4518
2917,1601,4518
2909,1609,4518
2897,1621,4518
2861,1657,4518
2851,1667,4518
2819,1699,4518
2797,1721,4518
2777,1741,4518
2741,1777,4518
2731,1787,4518
2729,1789,4518
2707,1811,4518
2687,1831,4518
2671,1847,4518
2657,1861,4518
2647,1871,4518
2617,1901,4518
2539,1979,4518
2531,1987,4518
2521,1997,4518
2437,2081,4518
2389,2129,4518
2381,2137,4518
2377,2141,4518
2357,2161,4518
2339,2179,4518
2311,2207,4518
2297,2221,4518
2281,2237,4518
2267,2251,4518
4517,3,4520
4513,7,4520
4507,13,4520
4483,37,4520
4447,73,4520
4441,79,4520
4423,97,4520
4363,157,4520
4357,163,4520
4339,181,4520
4327,193,4520
4297,223,4520
4243,277,4520
4153,367,4520
4111,409,4520
4099,421,4520
4057,463,4520
4021,499,4520
3943,577,4520
3919,601,4520
3907,613,4520
3889,631,4520
3877,643,4520
3847,673,4520
3793,727,4520
3769,751,4520
3733,787,4520
3709,811,4520
3697,823,4520
3691,829,4520
3643,877,4520
3637,883,4520
3613,907,4520
3583,937,4520
3529,991,4520
3511,1009,4520
3499,1021,4520
3469,1051,4520
3457,1063,4520
3433,1087,4520
3391,1129,4520
3319,1201,4520
3307,1213,4520
3271,1249,4520
3229,1291,4520
3217,1303,4520
3121,1399,4520
3067,1453,4520
3061,1459,4520
3049,1471,4520
3037,1483,4520
2971,1549,4520
2953,1567,4520
2857,1663,4520
2851,1669,4520
2797,1723,4520
2767,1753,4520
2731,1789,4520
2719,1801,4520
2689,1831,4520
2659,1861,4520
2647,1873,4520
2521,1999,4520
2503,2017,4520
2467,2053,4520
2437,2083,4520
2389,2131,4520
2383,2137,4520
2377,2143,4520
2341,2179,4520
2281,2239,4520
2269,2251,4520
4519,3,4522
4517,5,4522
4493,29,4522
4481,41,4522
4463,59,4522
4451,71,4522
4421,101,4522
4409,113,4522
4391,131,4522
4373,149,4522
4349,173,4522
4289,233,4522
4283,239,4522
4271,251,4522
4259,263,4522
4253,269,4522
4241,281,4522
4229,293,4522
4211,311,4522
4139,383,4522
4133,389,4522
4091,431,4522
4079,443,4522
4073,449,4522
4019,503,4522
4013,509,4522
4001,521,4522
3929,593,4522
3923,599,4522
3881,641,4522
3863,659,4522
3821,701,4522
3803,719,4522
3779,743,4522
3761,761,4522
3701,821,4522
3659,863,4522
3593,929,4522
3581,941,4522
3539,983,4522
3491,1031,4522
3461,1061,4522
3413,1109,4522
3371,1151,4522
3359,1163,4522
3329,1193,4522
3299,1223,4522
3221,1301,4522
3203,1319,4522
3089,1433,4522
3083,1439,4522
3041,1481,4522
3023,1499,4522
3011,1511,4522
2999,1523,4522
2969,1553,4522
2963,1559,4522
2939,1583,4522
2909,1613,4522
2903,1619,4522
2801,1721,4522
2789,1733,4522
2711,1811,4522
2699,1823,4522
2633,1889,4522
2621,1901,4522
2609,1913,4522
2591,1931,4522
2549,1973,4522
2543,1979,4522
2459,2063,4522
2441,2081,4522
2423,2099,4522
2411,2111,4522
2393,2129,4522
2381,2141,4522
2309,2213,4522
4519,5,4524
4517,7,4524
4513,11,4524
4507,17,4524
4493,31,4524
4483,41,4524
4481,43,4524
4463,61,4524
4457,67,4524
4451,73,4524
4441,83,4524
4423,101,4524
4421,103,4524
4397,127,4524
4373,151,4524
4357,167,4524
4327,197,4524
4297,227,4524
4283,241,4524
4273,251,4524
4261,263,4524
4253,271,4524
4243,281,4524
4241,283,4524
4231,293,4524
4217,307,4524
4211,313,4524
4177,347,4524
4157,367,4524
4127,397,4524
4093,431,4524
4091,433,4524
4057,467,4524
4021,503,4524
4003,521,4524
4001,523,4524
3967,557,4524
3947,577,4524
3931,593,4524
3923,601,4524
3917,607,4524
3911,613,4524
3907,617,4524
3881,643,4524
3877,647,4524
3863,661,4524
3851,673,4524
3847,677,4524
3833,691,4524
3823,701,4524
3797,727,4524
3767,757,4524
3727,797,4524
3701,823,4524
3697,827,4524
3671,853,4524
3643,881,4524
3637,887,4524
3617,907,4524
3613,911,4524
3583,941,4524
3571,953,4524
3557,967,4524
3547,977,4524
3541,983,4524
3533,991,4524
3527,997,4524
3511,1013,4524
3491,1033,4524
3463,1061,4524
3461,1063,4524
3433,1091,4524
3407,1117,4524
3373,1151,4524
3371,1153,4524
3361,1163,4524
3343,1181,4524
3331,1193,4524
3323,1201,4524
3307,1217,4524
3301,1223,4524
3221,1303,4524
3217,1307,4524
3203,1321,4524
3163,1361,4524
3041,1483,4524
3037,1487,4524
3001,1523,4524
2971,1553,4524
2957,1567,4524
2953,1571,4524
2927,1597,4524
2917,1607,4524
2903,1621,4524
2897,1627,4524
2887,1637,4524
2861,1663,4524
2857,1667,4524
2803,1721,4524
2801,1723,4524
2791,1733,4524
2777,1747,4524
2741,1783,4524
2713,1811,4524
2693,1831,4524
2677,1847,4524
2663,1861,4524
2657,1867,4524
2647,1877,4524
2617,1907,4524
2593,1931,4524
2591,1933,4524
2551,1973,4524
2531,1993,4524
2521,2003,4524
2441,2083,4524
2437,2087,4524
2411,2113,4524
2393,2131,4524
2383,2141,4524
2381,2143,4524
2371,2153,4524
2311,2213,4524
2287,2237,4524
2281,2243,4524
2273,2251,4524
4523,3,4526
4519,7,4526
4513,13,4526
4507,19,4526
4483,43,4526
4447,79,4526
4423,103,4526
4363,163,4526
4327,199,4526
4297,229,4526
4243,283,4526
4219,307,4526
4177,349,4526
4159,367,4526
4153,373,4526
4129,397,4526
4093,433,4526
4027,499,4526
4003,523,4526
3919,607,4526
3907,619,4526
3853,673,4526
3793,733,4526
3769,757,4526
3739,787,4526
3697,829,4526
3673,853,4526
3643,883,4526
3607,919,4526
3559,967,4526
3529,997,4526
3517,1009,4526
3463,1063,4526
3457,1069,4526
3433,1093,4526
3373,1153,4526
3313,1213,4526
3229,1297,4526
3079,1447,4526
3067,1459,4526
3037,1489,4526
2917,1609,4526
2857,1669,4526
2833,1693,4526
2803,1723,4526
2767,1759,4526
2749,1777,4526
2659,1867,4526
2647,1879,4526
2593,1933,4526
2539,1987,4526
2473,2053,4526
2437,2089,4526
2389,2137,4526
2383,2143,4526
2347,2179,4526
2287,2239,4526
4523,5,4528
4517,11,4528
4481,47,4528
4457,71,4528
4421,107,4528
4397,131,4528
4391,137,4528
4349,179,4528
4337,191,4528
4289,239,4528
4271,257,4528
4259,269,4528
4217,311,4528
4211,317,4528
4139,389,4528
4127,401,4528
4079,449,4528
4049,479,4528
4019,509,4528
4007,521,4528
3929,599,4528
3911,617,4528
3881,647,4528
3851,677,4528
3767,761,4528
3719,809,4528
3701,827,4528
3671,857,4528
3617,911,4528
3581,947,4528
3557,971,4528
3467,1061,4528
3347,1181,4528
3299,1229,4528
3251,1277,4528
3221,1307,4528
3209,1319,4528
3167,1361,4528
3119,1409,4528
3089,1439,4528
3041,1487,4528
2969,1559,4528
2957,1571,4528
2927,1601,4528
2909,1619,4528
2861,1667,4528
2819,1709,4528
2741,1787,4528
2657,1871,4528
2621,1907,4528
2579,1949,4528
2549,1979,4528
2531,1997,4528
2459,2069,4528
2447,2081,4528
2441,2087,4528
2417,2111,4528
2399,2129,4528
4523,7,4530
4519,11,4530
4517,13,4530
4513,17,4530
4507,23,4530
4493,37,4530
4483,47,4530
4463,67,4530
4457,73,4530
4451,79,4530
4447,83,4530
4441,89,4530
4423,107,4530
4421,109,4530
4391,139,4530
4373,157,4530
4363,167,4530
4357,173,4530
4349,181,4530
4339,191,4530
4337,193,4530
4297,233,4530
4289,241,4530
4273,257,4530
4261,269,4530
4259,271,4530
4253,277,4530
4219,311,4530
4217,313,4530
4177,353,4530
4157,373,4530
4133,397,4530
4129,401,4530
4111,419,4530
4099,431,4530
4091,439,4530
4073,457,4530
4051,479,4530
4027,503,4530
4021,509,4530
4007,523,4530
3989,541,4530
3967,563,4530
3943,587,4530
3931,599,4530
3929,601,4530
3923,607,4530
3917,613,4530
3911,619,4530
3889,641,4530
3877,653,4530
3853,677,4530
3847,683,4530
3821,709,4530
3803,727,4530
3797,733,4530
3779,751,4530
3769,761,4530
3761,769,4530
3733,797,4530
3719,811,4530
3709,821,4530
3701,829,4530
3691,839,4530
3677,853,4530
3673,857,4530
3671,859,4530
3643,887,4530
3623,907,4530
3593,937,4530
3583,947,4530
3559,971,4530
3547,983,4530
3539,991,4530
3533,997,4530
3517,1013,4530
3511,1019,4530
3499,1031,4530
3491,1039,4530
3469,1061,4530
3467,1063,4530
3461,1069,4530
3433,1097,4530
3413,1117,4530
3407,1123,4530
3359,1171,4530
3343,1187,4530
3329,1201,4530
3313,1217,4530
3307,1223,4530
3301,1229,4530
3299,1231,4530
3271,1259,4530
3253,1277,4530
3251,1279,4530
3229,1301,4530
3209,1321,4530
3203,1327,4530
3169,1361,4530
3163,1367,4530
3121,1409,4530
3083,1447,4530
3079,1451,4530
3049,1481,4530
3041,1489,4530
3037,1493,4530
3019,1511,4530
2999,1531,4530
2971,1559,4530
2963,1567,4530
2917,1613,4530
2909,1621,4530
2903,1627,4530
2861,1669,4530
2837,1693,4530
2833,1697,4530
2797,1733,4530
2789,1741,4530
2777,1753,4530
2753,1777,4530
2741,1789,4530
2729,1801,4530
2719,1811,4530
2707,1823,4530
2699,1831,4530
2683,1847,4530
2663,1867,4530
2659,1871,4530
2657,1873,4530
2617,1913,4530
2579,1951,4530
2557,1973,4530
2551,1979,4530
2543,1987,4530
2531,1999,4530
2503,2027,4530
2477,2053,4530
2467,2063,4530
2447,2083,4530
2441,2089,4530
2417,2113,4530
2399,2131,4530
2393,2137,4530
2389,2141,4530
2377,2153,4530
2351,2179,4530
2309,2221,4530
2293,2237,4530
2287,2243,4530
4519,13,4532
4513,19,4532
4423,109,4532
4339,193,4532
4261,271,4532
4219,313,4532
4201,331,4532
4159,373,4532
4153,379,4532
4111,421,4532
4099,433,4532
4093,439,4532
3931,601,4532
3919,613,4532
3889,643,4532
3823,709,4532
3793,739,4532
3709,823,4532
3673,859,4532
3613,919,4532
3541,991,4532
3511,1021,4532
3499,1033,4532
3469,1063,4532
3463,1069,4532
3361,1171,4532
3331,1201,4532
3319,1213,4532
3301,1231,4532
3253,1279,4532
3229,1303,4532
3109,1423,4532
3079,1453,4532
3061,1471,4532
3049,1483,4532
3001,1531,4532
2953,1579,4532
2833,1699,4532
2791,1741,4532
2749,1783,4532
2731,1801,4532
2671,1861,4532
2659,1873,4532
2539,1993,4532
2521,2011,4532
2503,2029,4532
2389,2143,4532
2371,2161,4532
2311,2221,4532
2293,2239,4532
2281,2251,4532
4523,11,4534
4517,17,4534
4493,41,4534
4481,53,4534
4463,71,4534
4451,83,4534
4421,113,4534
4397,137,4534
4337,197,4534
4283,251,4534
4271,263,4534
4253,281,4534
4241,293,4534
4217,317,4534
4133,401,4534
4091,443,4534
4073,461,4534
4013,521,4534
3947,587,4534
3917,617,4534
3881,653,4534
3851,683,4534
3833,701,4534
3761,773,4534
3677,857,4534
3671,863,4534
3623,911,4534
3593,941,4534
3581,953,4534
3557,977,4534
3371,1163,4534
3347,1187,4534
3257,1277,4534
3251,1283,4534
3167,1367,4534
3083,1451,4534
3041,1493,4534
3023,1511,4534
3011,1523,4534
2963,1571,4534
2927,1607,4534
2897,1637,4534
2837,1697,4534
2801,1733,4534
2711,1823,4534
2687,1847,4534
2663,1871,4534
2657,1877,4534
2633,1901,4534
2621,1913,4534
2531,2003,4534
2447,2087,4534
2423,2111,4534
2393,2141,4534
2381,2153,4534
2297,2237,4534
2267,2267,4534
4523,13,4536
4519,17,4536
4517,19,4536
4513,23,4536
4507,29,4536
4493,43,4536
4483,53,4536
4463,73,4536
4457,79,4536
4447,89,4536
4423,113,4536
4409,127,4536
4397,139,4536
4373,163,4536
4363,173,4536
4357,179,4536
4339,197,4536
4337,199,4536
4297,239,4536
4273,263,4536
4259,277,4536
4253,283,4536
4243,293,4536
4229,307,4536
4219,317,4536
4177,359,4536
4157,379,4536
4153,383,4536
4139,397,4536
4127,409,4536
4093,443,4536
4079,457,4536
4073,463,4536
4057,479,4536
4049,487,4536
4027,509,4536
4013,523,4536
3989,547,4536
3967,569,4536
3943,593,4536
3929,607,4536
3923,613,4536
3919,617,4536
3917,619,4536
3889,647,4536
3877,659,4536
3863,673,4536
3853,683,4536
3803,733,4536
3797,739,4536
3793,743,4536
3779,757,4536
3767,769,4536
3739,797,4536
3727,809,4536
3709,827,4536
3697,839,4536
3677,859,4536
3673,863,4536
3659,877,4536
3617,919,4536
3607,929,4536
3583,953,4536
3559,977,4536
3539,997,4536
3527,1009,4536
3517,1019,4536
3467,1069,4536
3449,1087,4536
3433,1103,4536
3413,1123,4536
3407,1129,4536
3373,1163,4536
3343,1193,4536
3323,1213,4536
3319,1217,4536
3313,1223,4536
3307,1229,4536
3299,1237,4536
3259,1277,4536
3257,1279,4536
3253,1283,4536
3229,1307,4536
3217,1319,4536
3209,1327,4536
3169,1367,4536
3163,1373,4536
3137,1399,4536
3109,1427,4536
3089,1447,4536
3083,1453,4536
3049,1487,4536
3037,1499,4536
2969,1567,4536
2957,1579,4536
2953,1583,4536
2939,1597,4536
2927,1609,4536
2917,1619,4536
2909,1627,4536
2879,1657,4536
2843,1693,4536
2837,1699,4536
2803,1733,4536
2789,1747,4536
2777,1759,4536
2753,1783,4536
2749,1787,4536
2713,1823,4536
2689,1847,4536
2663,1873,4536
2659,1877,4536
2657,1879,4536
2647,1889,4536
2557,1979,4536
2549,1987,4536
2543,1993,4536
2539,1997,4536
2473,2063,4536
2467,2069,4536
2447,2089,4536
2437,2099,4536
2423,2113,4536
2399,2137,4536
2393,2143,4536
2383,2153,4536
2357,2179,4536
2333,2203,4536
2297,2239,4536
2293,2243,4536
2269,2267,4536
4519,19,4538
4507,31,4538
4441,97,4538
4357,181,4538
4339,199,4538
4327,211,4538
4297,241,4538
4261,277,4538
4231,307,4538
4201,337,4538
4159,379,4538
4129,409,4538
4099,439,4538
4051,487,4538
3967,571,4538
3931,607,4538
3919,619,4538
3907,631,4538
3877,661,4538
3847,691,4538
3769,769,4538
3727,811,4538
3709,829,4538
3631,907,4538
3571,967,4538
3547,991,4538
3541,997,4538
3529,1009,4538
3517,1021,4538
3499,1039,4538
3469,1069,4538
3307,1231,4538
3301,1237,4538
3259,1279,4538
3217,1321,4538
3109,1429,4538
3079,1459,4538
3067,1471,4538
3049,1489,4538
2971,1567,4538
2917,1621,4538
2797,1741,4538
2791,1747,4538
2749,1789,4538
2707,1831,4538
2677,1861,4538
2671,1867,4538
2659,1879,4538
2551,1987,4538
2539,1999,4538
2521,2017,4538
2377,2161,4538
2287,2251,4538
2269,2269,4538
4523,17,4540
4517,23,4540
4493,47,4540
4481,59,4540
4457,83,4540
4451,89,4540
4409,131,4540
4391,149,4540
4373,167,4540
4349,191,4540
4289,251,4540
4283,257,4540
4271,269,4540
4259,281,4540
4229,311,4540
4157,383,4540
4139,401,4540
4091,449,4540
4079,461,4540
4073,467,4540
4049,491,4540
4019,521,4540
3947,593,4540
3923,617,4540
3881,659,4540
3863,677,4540
3821,719,4540
3797,743,4540
3779,761,4540
3767,773,4540
3719,821,4540
3701,839,4540
3677,863,4540
3659,881,4540
3593,947,4540
3557,983,4540
3527,1013,4540
3491,1049,4540
3449,1091,4540
3389,1151,4540
3359,1181,4540
3347,1193,4540
3323,1217,4540
3257,1283,4540
3251,1289,4540
3221,1319,4540
3167,1373,4540
3089,1451,4540
3041,1499,4540
2969,1571,4540
2957,1583,4540
2939,1601,4540
2927,1613,4540
2903,1637,4540
2843,1697,4540
2819,1721,4540
2753,1787,4540
2729,1811,4540
2693,1847,4540
2663,1877,4540
2633,1907,4540
2609,1931,4540
2591,1949,4540
2543,1997,4540
2477,2063,4540
2459,2081,4540
2441,2099,4540
2411,2129,4540
2399,2141,4540
2333,2207,4540
2297,2243,4540
2273,2267,4540
4523,19,4542
4519,23,4542
4513,29,4542
4483,59,4542
4481,61,4542
4463,79,4542
4441,101,4542
4391,151,4542
4363,179,4542
4349,193,4542
4273,269,4542
4271,271,4542
4261,281,4542
4259,283,4542
4231,311,4542
4229,313,4542
4211,331,4542
4159,383,4542
4153,389,4542
4133,409,4542
4111,431,4542
4099,443,4542
4093,449,4542
4079,463,4542
4051,491,4542
4021,521,4542
4019,523,4542
4001,541,4542
3943,599,4542
3929,613,4542
3923,619,4542
3911,631,4542
3889,653,4542
3881,661,4542
3851,691,4542
3833,709,4542
3823,719,4542
3803,739,4542
3769,773,4542
3733,809,4542
3719,823,4542
3659,883,4542
3631,911,4542
3623,919,4542
3613,929,4542
3571,971,4542
3559,983,4542
3533,1009,4542
3529,1013,4542
3511,1031,4542
3491,1051,4542
3449,1093,4542
3433,1109,4542
3413,1129,4542
3391,1151,4542
3389,1153,4542
3371,1171,4542
3361,1181,4542
3329,1213,4542
3319,1223,4542
3313,1229,4542
3259,1283,4542
3253,1289,4542
3251,1291,4542
3221,1321,4542
3181,1361,4542
3169,1373,4542
3119,1423,4542
3109,1433,4542
3089,1453,4542
3083,1459,4542
3061,1481,4542
3049,1493,4542
3019,1523,4542
3011,1531,4542
2999,1543,4542
2971,1571,4542
2963,1579,4542
2879,1663,4542
2843,1699,4542
2833,1709,4542
2819,1723,4542
2801,1741,4542
2789,1753,4542
2753,1789,4542
2741,1801,4542
2731,1811,4542
2719,1823,4542
2711,1831,4542
2671,1871,4542
2663,1879,4542
2609,1933,4542
2593,1949,4542
2591,1951,4542
2549,1993,4542
2543,1999,4542
2539,2003,4542
2531,2011,4542
2503,2039,4542
2473,2069,4542
2459,2083,4542
2411,2131,4542
2399,2143,4542
2389,2153,4542
2381,2161,4542
2339,2203,4542
2273,2269,4542
4513,31,4544
4507,37,4544
4483,61,4544
4447,97,4544
4441,103,4544
4363,181,4544
4273,271,4544
4261,283,4544
4231,313,4544
4177,367,4544
4111,433,4544
4057,487,4544
4021,523,4544
4003,541,4544
3967,577,4544
3943,601,4544
3931,613,4544
3853,691,4544
3793,751,4544
3733,811,4544
3691,853,4544
3637,907,4544
3607,937,4544
3547,997,4544
3511,1033,4544
3457,1087,4544
3391,1153,4544
3373,1171,4544
3343,1201,4544
3331,1213,4544
3313,1231,4544
3307,1237,4544
3253,1291,4544
3217,1327,4544
3163,1381,4544
3121,1423,4544
3061,1483,4544
3001,1543,4544
2917,1627,4544
2887,1657,4544
2851,1693,4544
2803,1741,4544
2797,1747,4544
2791,1753,4544
2767,1777,4544
2713,1831,4544
2683,1861,4544
2677,1867,4544
2671,1873,4544
2593,1951,4544
2557,1987,4544
2551,1993,4544
2383,2161,4544
2341,2203,4544
2293,2251,4544
4523,23,4546
4517,29,4546
4493,53,4546
4463,83,4546
4457,89,4546
4409,137,4546
4397,149,4546
4373,173,4546
4349,197,4546
4289,257,4546
4283,263,4546
4253,293,4546
4229,317,4546
4157,389,4546
4127,419,4546
4079,467,4546
3989,557,4546
3947,599,4546
3929,617,4546
3863,683,4546
3803,743,4546
3719,827,4546
3659,887,4546
3617,929,4546
3593,953,4546
3533,1013,4546
3527,1019,4546
3449,1097,4546
3359,1187,4546
3329,1217,4546
3323,1223,4546
3257,1289,4546
3137,1409,4546
3119,1427,4546
3023,1523,4546
2963,1583,4546
2939,1607,4546
2927,1619,4546
2909,1637,4546
2879,1667,4546
2837,1709,4546
2699,1847,4546
2657,1889,4546
2633,1913,4546
2549,1997,4546
2543,2003,4546
2477,2069,4546
2459,2087,4546
2447,2099,4546
2417,2129,4546
2393,2153,4546
2339,2207,4546
2333,2213,4546
2309,2237,4546
2273,2273,4546
4519,29,4548
4517,31,4548
4507,41,4548
4481,67,4548
4451,97,4548
4447,101,4548
4441,107,4548
4421,127,4548
4409,139,4548
4397,151,4548
4391,157,4548
4357,191,4548
4349,199,4548
4337,211,4548
4297,251,4548
4271,277,4548
4241,307,4548
4231,317,4548
4217,331,4548
4211,337,4548
4201,347,4548
4159,389,4548
4139,409,4548
4129,419,4548
4127,421,4548
4099,449,4548
4091,457,4548
4057,491,4548
4049,499,4548
4027,521,4548
4007,541,4548
4001,547,4548
3947,601,4548
3931,617,4548
3929,619,4548
3917,631,4548
3907,641,4548
3889,659,4548
3847,701,4548
3821,727,4548
3797,751,4548
3779,769,4548
3761,787,4548
3739,809,4548
3727,821,4548
3719,829,4548
3709,839,4548
3691,857,4548
3671,877,4548
3637,911,4548
3607,941,4548
3581,967,4548
3571,977,4548
3557,991,4548
3539,1009,4548
3529,1019,4548
3527,1021,4548
3517,1031,4548
3499,1049,4548
3461,1087,4548
3457,1091,4548
3361,1187,4548
3347,1201,4548
3331,1217,4548
3319,1229,4548
3299,1249,4548
3271,1277,4548
3259,1289,4548
3257,1291,4548
3251,1297,4548
3229,1319,4548
3221,1327,4548
3187,1361,4548
3181,1367,4548
3167,1381,4548
3121,1427,4548
3119,1429,4548
3109,1439,4548
3089,1459,4548
3067,1481,4548
3061,1487,4548
3049,1499,4548
3037,1511,4548
2999,1549,4548
2969,1579,4548
2939,1609,4548
2927,1621,4548
2879,1669,4548
2851,1697,4548
2801,1747,4548
2789,1759,4548
2687,1861,4548
2677,1871,4548
2671,1877,4548
2659,1889,4548
2647,1901,4548
2617,1931,4548
2551,1997,4548
2549,1999,4548
2531,2017,4548
2521,2027,4548
2467,2081,4548
2459,2089,4548
2437,2111,4548
2417,2131,4548
2411,2137,4548
2341,2207,4548
2311,2237,4548
2309,2239,4548
2297,2251,4548
2281,2267,4548
4547,3,4550
4519,31,4550
4513,37,4550
4507,43,4550
4483,67,4550
4447,103,4550
4441,109,4550
4423,127,4550
4357,193,4550
4339,211,4550
4327,223,4550
4273,277,4550
4243,307,4550
4219,331,4550
4201,349,4550
4177,373,4550
4153,397,4550
4129,421,4550
4111,439,4550
4093,457,4550
4051,499,4550
4027,523,4550
4003,547,4550
3943,607,4550
3931,619,4550
3919,631,4550
3907,643,4550
3889,661,4550
3877,673,4550
3823,727,4550
3793,757,4550
3739,811,4550
3727,823,4550
3697,853,4550
3691,859,4550
3673,877,4550
3643,907,4550
3631,919,4550
3613,937,4550
3583,967,4550
3559,991,4550
3541,1009,4550
3529,1021,4550
3517,1033,4550
3511,1039,4550
3499,1051,4550
3463,1087,4550
3457,1093,4550
3433,1117,4550
3319,1231,4550
3313,1237,4550
3301,1249,4550
3271,1279,4550
3259,1291,4550
3253,1297,4550
3229,1321,4550
3169,1381,4550
3121,1429,4550
3079,1471,4550
3067,1483,4550
3061,1489,4550
3019,1531,4550
3001,1549,4550
2971,1579,4550
2953,1597,4550
2887,1663,4550
2857,1693,4550
2851,1699,4550
2803,1747,4550
2797,1753,4550
2791,1759,4550
2767,1783,4550
2749,1801,4550
2719,1831,4550
2689,1861,4550
2683,1867,4550
2677,1873,4550
2671,1879,4550
2617,1933,4550
2557,1993,4550
2551,1999,4550
2539,2011,4550
2521,2029,4550
2467,2083,4550
2437,2113,4550
2389,2161,4550
2371,2179,4550
2347,2203,4550
2311,2239,4550
2281,2269,4550
4549,3,4552
4547,5,4552
4523,29,4552
4493,59,4552
4481,71,4552
4463,89,4552
4451,101,4552
4421,131,4552
4373,179,4552
4289,263,4552
4283,269,4552
4271,281,4552
4259,293,4552
4241,311,4552
4133,419,4552
4091,461,4552
4073,479,4552
4049,503,4552
3989,563,4552
3911,641,4552
3851,701,4552
3833,719,4552
3779,773,4552
3671,881,4552
3623,929,4552
3581,971,4552
3539,1013,4552
3533,1019,4552
3491,1061,4552
3461,1091,4552
3449,1103,4552
3389,1163,4552
3371,1181,4552
3359,1193,4552
3329,1223,4552
3323,1229,4552
3251,1301,4552
3191,1361,4552
3119,1433,4552
3041,1511,4552
2999,1553,4552
2969,1583,4552
2939,1613,4552
2843,1709,4552
2819,1733,4552
2741,1811,4552
2729,1823,4552
2663,1889,4552
2621,1931,4552
2579,1973,4552
2549,2003,4552
2441,2111,4552
2423,2129,4552
2411,2141,4552
2399,2153,4552
2339,2213,4552
2309,2243,4552
4549,5,4554
4547,7,4554
4523,31,4554
4517,37,4554
4513,41,4554
4507,47,4554
4493,61,4554
4483,71,4554
4481,73,4554
4457,97,4554
4451,103,4554
4447,107,4554
4441,113,4554
4423,131,4554
4397,157,4554
4391,163,4554
4373,181,4554
4363,191,4554
4357,197,4554
4327,227,4554
4297,257,4554
4283,271,4554
4273,281,4554
4271,283,4554
4261,293,4554
4243,311,4554
4241,313,4554
4217,337,4554
4201,353,4554
4157,397,4554
4153,401,4554
4133,421,4554
4111,443,4554
4093,461,4554
4091,463,4554
4051,503,4554
4013,541,4554
4007,547,4554
3967,587,4554
3947,607,4554
3923,631,4554
3911,643,4554
3907,647,4554
3881,673,4554
3877,677,4554
3863,691,4554
3853,701,4554
3821,733,4554
3803,751,4554
3797,757,4554
3793,761,4554
3767,787,4554
3733,821,4554
3727,827,4554
3701,853,4554
3697,857,4554
3691,863,4554
3677,877,4554
3673,881,4554
3671,883,4554
3643,911,4554
3617,937,4554
3613,941,4554
3607,947,4554
3583,971,4554
3571,983,4554
3557,997,4554
3541,1013,4554
3533,1021,4554
3491,1063,4554
3467,1087,4554
3463,1091,4554
3461,1093,4554
3457,1097,4554
3391,1163,4554
3373,1181,4554
3361,1193,4554
3331,1223,4554
3323,1231,4554
3271,1283,4554
3257,1297,4554
3253,1301,4554
3251,1303,4554
3187,1367,4554
3181,1373,4554
3121,1433,4554
3083,1471,4554
3067,1487,4554
3061,1493,4554
3023,1531,4554
3011,1543,4554
3001,1553,4554
2971,1583,4554
2957,1597,4554
2953,1601,4554
2927,1627,4554
2917,1637,4554
2897,1657,4554
2887,1667,4554
2861,1693,4554
2857,1697,4554
2833,1721,4554
2801,1753,4554
2777,1777,4554
2767,1787,4554
2753,1801,4554
2731,1823,4554
2707,1847,4554
2693,1861,4554
2687,1867,4554
2683,1871,4554
2677,1877,4554
2647,1907,4554
2621,1933,4554
2557,1997,4554
2551,2003,4554
2543,2011,4554
2473,2081,4554
2467,2087,4554
2441,2113,4554
2423,2131,4554
2417,2137,4554
2411,2143,4554
2393,2161,4554
2351,2203,4554
2347,2207,4554
2341,2213,4554
2333,2221,4554
2311,2243,4554
2287,2267,4554
2281,2273,4554
4549,7,4556
4519,37,4556
4513,43,4556
4483,73,4556
4447,109,4556
4363,193,4556
4357,199,4556
4327,229,4556
4273,283,4556
4243,313,4556
4219,337,4556
4177,379,4556
4159,397,4556
4099,457,4556
4093,463,4556
4057,499,4556
3943,613,4556
3847,709,4556
3823,733,4556
3769,787,4556
3733,823,4556
3727,829,4556
3697,859,4556
3673,883,4556
3637,919,4556
3559,997,4556
3547,1009,4556
3517,1039,4556
3469,1087,4556
3463,1093,4556
3433,1123,4556
3343,1213,4556
3319,1237,4556
3307,1249,4556
3259,1297,4556
3253,1303,4556
3229,1327,4556
3109,1447,4556
3067,1489,4556
2887,1669,4556
2857,1699,4556
2833,1723,4556
2803,1753,4556
2797,1759,4556
2767,1789,4556
2689,1867,4556
2683,1873,4556
2677,1879,4556
2557,1999,4556
2539,2017,4556
2503,2053,4556
2473,2083,4556
2467,2089,4556
2377,2179,4556
2287,2269,4556
4547,11,4558
4517,41,4558
4457,101,4558
4451,107,4558
4421,137,4558
4409,149,4558
4391,167,4558
4289,269,4558
4241,317,4558
4211,347,4558
4157,401,4558
4139,419,4558
4127,431,4558
4091,467,4558
4079,479,4558
4049,509,4558
4001,557,4558
3989,569,4558
3917,641,4558
3911,647,4558
3881,677,4558
3797,761,4558
3761,797,4558
3719,839,4558
3701,857,4558
3677,881,4558
3671,887,4558
3617,941,4558
3581,977,4558
3539,1019,4558
3527,1031,4558
3467,1091,4558
3461,1097,4558
3449,1109,4558
3407,1151,4558
3371,1187,4558
3329,1229,4558
3299,1259,4558
3257,1301,4558
3251,1307,4558
3191,1367,4558
3119,1439,4558
2999,1559,4558
2957,1601,4558
2939,1619,4558
2861,1697,4558
2837,1721,4558
2711,1847,4558
2687,1871,4558
2657,1901,4558
2609,1949,4558
2579,1979,4558
2531,2027,4558
2477,2081,4558
2459,2099,4558
2447,2111,4558
2417,2141,4558
2351,2207,4558
4549,11,4560
4547,13,4560
4523,37,4560
4519,41,4560
4517,43,4560
4513,47,4560
4507,53,4560
4493,67,4560
4481,79,4560
4463,97,4560
4457,103,4560
4451,109,4560
4447,113,4560
4423,137,4560
4421,139,4560
4409,151,4560
4397,163,4560
4363,197,4560
4349,211,4560
4337,223,4560
4327,233,4560
4297,263,4560
4289,271,4560
4283,277,4560
4253,307,4560
4243,317,4560
4229,331,4560
4211,349,4560
4201,359,4560
4177,383,4560
4159,401,4560
4139,421,4560
4129,431,4560
4127,433,4560
4111,449,4560
4099,461,4560
4093,467,4560
4073,487,4560
4057,503,4560
4051,509,4560
4019,541,4560
4013,547,4560
4003,557,4560
3989,571,4560
3967,593,4560
3947,613,4560
3943,617,4560
3929,631,4560
3919,641,4560
3917,643,4560
3907,653,4560
3877,683,4560
3851,709,4560
3833,727,4560
3821,739,4560
3803,757,4560
3739,821,4560
3733,827,4560
3701,859,4560
3697,863,4560
3677,883,4560
3673,887,4560
3631,929,4560
3623,937,4560
3613,947,4560
3607,953,4560
3593,967,4560
3583,977,4560
3547,1013,4560
3541,1019,4560
3539,1021,4560
3529,1031,4560
3527,1033,4560
3511,1049,4560
3499,1061,4560
3491,1069,4560
3469,1091,4560
3467,1093,4560
3463,1097,4560
3457,1103,4560
3407,1153,4560
3389,1171,4560
3373,1187,4560
3359,1201,4560
3347,1213,4560
3343,1217,4560
3331,1229,4560
3329,1231,4560
3323,1237,4560
3301,1259,4560
3271,1289,4560
3259,1301,4560
3257,1303,4560
3253,1307,4560
3187,1373,4560
3137,1423,4560
3121,1439,4560
3109,1451,4560
3089,1471,4560
3079,1481,4560
3067,1493,4560
3061,1499,4560
3049,1511,4560
3037,1523,4560
3011,1549,4560
3001,1559,4560
2963,1597,4560
2953,1607,4560
2939,1621,4560
2903,1657,4560
2897,1663,4560
2861,1699,4560
2851,1709,4560
2837,1723,4560
2819,1741,4560
2801,1759,4560
2777,1783,4560
2749,1811,4560
2729,1831,4560
2713,1847,4560
2699,1861,4560
2693,1867,4560
2689,1871,4560
2687,1873,4560
2683,1877,4560
2671,1889,4560
2659,1901,4560
2647,1913,4560
2609,1951,4560
2557,2003,4560
2549,2011,4560
2543,2017,4560
2531,2029,4560
2521,2039,4560
2477,2083,4560
2473,2087,4560
2447,2113,4560
2423,2137,4560
2417,2143,4560
2399,2161,4560
2381,2179,4560
2357,2203,4560
2347,2213,4560
2339,2221,4560
2309,2251,4560
2293,2267,4560
2287,2273,4560
4549,13,4562
4519,43,4562
4483,79,4562
4423,139,4562
4363,199,4562
4339,223,4562
4231,331,4562
4153,409,4562
4129,433,4562
4099,463,4562
4021,541,4562
3943,619,4562
3931,631,4562
3919,643,4562
3889,673,4562
3853,709,4562
3823,739,4562
3793,769,4562
3739,823,4562
3733,829,4562
3709,853,4562
3643,919,4562
3571,991,4562
3541,1021,4562
3529,1033,4562
3511,1051,4562
3499,1063,4562
3469,1093,4562
3433,1129,4562
3391,1171,4562
3361,1201,4562
3331,1231,4562
3313,1249,4562
3271,1291,4562
3259,1303,4562
3181,1381,4562
3163,1399,4562
3109,1453,4562
3079,1483,4562
3019,1543,4562
2953,1609,4562
2803,1759,4562
2731,1831,4562
2689,1873,4562
2683,1879,4562
2551,2011,4562
2473,2089,4562
2383,2179,4562
2341,2221,4562
2311,2251,4562
2293,2269,4562
2281,2281,4562
4561,3,4564
4547,17,4564
4523,41,4564
4517,47,4564
4493,71,4564
4481,83,4564
4463,101,4564
4457,107,4564
4451,113,4564
4397,167,4564
4391,173,4564
4373,191,4564
4337,227,4564
4283,281,4564
4271,293,4564
4253,311,4564
4217,347,4564
4211,353,4564
4133,431,4564
4073,491,4564
4007,557,4564
4001,563,4564
3947,617,4564
3923,641,4564
3917,647,4564
3911,653,4564
3881,683,4564
3863,701,4564
3821,743,4564
3803,761,4564
3767,797,4564
3701,863,4564
3677,887,4564
3623,941,4564
3617,947,4564
3593,971,4564
3581,983,4564
3533,1031,4564
3467,1097,4564
3461,1103,4564
3413,1151,4564
3371,1193,4564
3347,1217,4564
3257,1307,4564
3203,1361,4564
3191,1373,4564
3137,1427,4564
3083,1481,4564
3041,1523,4564
3011,1553,4564
2963,1601,4564
2957,1607,4564
2927,1637,4564
2897,1667,4564
2843,1721,4564
2777,1787,4564
2753,1811,4564
2741,1823,4564
2693,1871,4564
2687,1877,4564
2663,1901,4564
2657,1907,4564
2633,1931,4564
2591,1973,4564
2477,2087,4564
2423,2141,4564
2411,2153,4564
2357,2207,4564
2351,2213,4564
2297,2267,4564
4561,5,4566
4549,17,4566
4547,19,4566
4523,43,4566
4519,47,4566
4513,53,4566
4507,59,4566
4493,73,4566
4483,83,4566
4463,103,4566
4457,109,4566
4409,157,4566
4373,193,4566
4339,227,4566
4337,229,4566
4327,239,4566
4297,269,4566
4289,277,4566
4283,283,4566
4273,293,4566
4259,307,4566
4253,313,4566
4229,337,4566
4219,347,4566
4217,349,4566
4177,389,4566
4157,409,4566
4133,433,4566
4127,439,4566
4099,467,4566
4079,487,4566
4057,509,4566
4019,547,4566
4003,563,4566
3989,577,4566
3967,599,4566
3947,619,4566
3923,643,4566
3919,647,4566
3907,659,4566
3889,677,4566
3847,719,4566
3833,733,4566
3823,743,4566
3797,769,4566
3793,773,4566
3779,787,4566
3769,797,4566
3739,827,4566
3727,839,4566
3709,857,4566
3659,907,4566
3637,929,4566
3613,953,4566
3583,983,4566
3557,1009,4566
3547,1019,4566
3533,1033,4566
3527,1039,4566
3517,1049,4566
3469,1097,4566
3463,1103,4566
3457,1109,4566
3449,1117,4566
3413,1153,4566
3373,1193,4566
3343,1223,4566
3329,1237,4566
3307,1259,4566
3259,1307,4566
3167,1399,4566
3137,1429,4566
3119,1447,4566
3083,1483,4566
3079,1487,4566
3067,1499,4566
3023,1543,4566
2999,1567,4566
2969,1597,4566
2957,1609,4566
2953,1613,4566
2939,1627,4566
2909,1657,4566
2903,1663,4566
2897,1669,4566
2857,1709,4566
2843,1723,4566
2833,1733,4566
2819,1747,4566
2789,1777,4566
2777,1789,4566
2719,1847,4566
2699,1867,4566
2693,1873,4566
2689,1877,4566
2687,1879,4566
2677,1889,4566
2659,1907,4566
2633,1933,4566
2617,1949,4566
2593,1973,4566
2579,1987,4566
2549,2017,4566
2539,2027,4566
2503,2063,4566
2477,2089,4566
2467,2099,4566
2437,2129,4566
2423,2143,4566
2297,2269,4566
2293,2273,4566
4561,7,4568
4549,19,4568
4507,61,4568
4441,127,4568
4357,211,4568
4339,229,4568
4327,241,4568
4297,271,4568
4261,307,4568
4231,337,4568
4219,349,4568
4201,367,4568
4159,409,4568
4129,439,4568
4111,457,4568
4027,541,4568
4021,547,4568
3967,601,4568
3907,661,4568
3877,691,4568
3739,829,4568
3709,859,4568
3691,877,4568
3631,937,4568
3571,997,4568
3559,1009,4568
3547,1021,4568
3529,1039,4568
3517,1051,4568
3499,1069,4568
3331,1237,4568
3319,1249,4568
3271,1297,4568
3187,1381,4568
3169,1399,4568
3121,1447,4568
3109,1459,4568
3079,1489,4568
3037,1531,4568
3019,1549,4568
3001,1567,4568
2971,1597,4568
2791,1777,4568
2767,1801,4568
2707,1861,4568
2689,1879,4568
2617,1951,4568
2557,2011,4568
2551,2017,4568
2539,2029,4568
2437,2131,4568
2389,2179,4568
2347,2221,4568
2287,2281,4568
4567,3,4570
4547,23,4570
4523,47,4570
4517,53,4570
4481,89,4570
4463,107,4570
4457,113,4570
4421,149,4570
4397,173,4570
4391,179,4570
4373,197,4570
4337,233,4570
4289,281,4570
4259,311,4570
4253,317,4570
4217,353,4570
4211,359,4570
4139,431,4570
4127,443,4570
4091,479,4570
4079,491,4570
4049,521,4570
4013,557,4570
4007,563,4570
4001,569,4570
3929,641,4570
3923,647,4570
3917,653,4570
3911,659,4570
3851,719,4570
3797,773,4570
3761,809,4570
3659,911,4570
3623,947,4570
3617,953,4570
3593,977,4570
3557,1013,4570
3539,1031,4570
3467,1103,4570
3461,1109,4570
3407,1163,4570
3389,1181,4570
3347,1223,4570
3251,1319,4570
3209,1361,4570
3203,1367,4570
3137,1433,4570
3119,1451,4570
3089,1481,4570
3083,1487,4570
3011,1559,4570
2999,1571,4570
2969,1601,4570
2963,1607,4570
2957,1613,4570
2903,1667,4570
2861,1709,4570
2837,1733,4570
2699,1871,4570
2693,1877,4570
2663,1907,4570
2657,1913,4570
2621,1949,4570
2591,1979,4570
2543,2027,4570
2531,2039,4570
2459,2111,4570
2441,2129,4570
2417,2153,4570
2357,2213,4570
2333,2237,4570
2297,2273,4570
4567,5,4572
4561,11,4572
4549,23,4572
4519,53,4572
4513,59,4572
4493,79,4572
4483,89,4572
4463,109,4572
4441,131,4572
4423,149,4572
4421,151,4572
4409,163,4572
4391,181,4572
4373,199,4572
4349,223,4572
4339,233,4572
4289,283,4572
4261,311,4572
4259,313,4572
4241,331,4572
4219,353,4572
4153,419,4572
4139,433,4572
4133,439,4572
4129,443,4572
4111,461,4572
4093,479,4572
4073,499,4572
4051,521,4572
4049,523,4572
4003,569,4572
4001,571,4572
3931,641,4572
3929,643,4572
3919,653,4572
3911,661,4572
3889,683,4572
3881,691,4572
3863,709,4572
3853,719,4572
3833,739,4572
3821,751,4572
3803,769,4572
3761,811,4572
3733,839,4572
3719,853,4572
3709,863,4572
3691,881,4572
3643,929,4572
3631,941,4572
3581,991,4572
3559,1013,4572
3541,1031,4572
3539,1033,4572
3533,1039,4572
3511,1061,4572
3469,1103,4572
3463,1109,4572
3449,1123,4572
3391,1181,4572
3371,1201,4572
3359,1213,4572
3343,1229,4572
3323,1249,4572
3313,1259,4572
3271,1301,4572
3253,1319,4572
3251,1321,4572
3191,1381,4572
3163,1409,4572
3121,1451,4572
3119,1453,4572
3089,1483,4572
3083,1489,4572
3079,1493,4572
3061,1511,4572
3049,1523,4572
3041,1531,4572
3023,1549,4572
3019,1553,4572
3001,1571,4572
2971,1601,4572
2963,1609,4572
2953,1619,4572
2909,1663,4572
2903,1669,4572
2879,1693,4572
2851,1721,4572
2819,1753,4572
2789,1783,4572
2749,1823,4572
2741,1831,4572
2711,1861,4572
2699,1873,4572
2693,1879,4572
2683,1889,4572
2671,1901,4572
2659,1913,4572
2621,1951,4572
2593,1979,4572
2579,1993,4572
2543,2029,4572
2503,2069,4572
2473,2099,4572
2459,2113,4572
2441,2131,4572
2411,2161,4572
2393,2179,4572
2351,2221,4572
2333,2239,4572
4567,7,4574
4561,13,4574
4513,61,4574
4507,67,4574
4447,127,4574
4423,151,4574
4363,211,4574
4297,277,4574
4261,313,4574
4243,331,4574
4201,373,4574
4177,397,4574
4153,421,4574
4111,463,4574
4051,523,4574
4027,547,4574
4003,571,4574
3967,607,4574
3943,631,4574
3931,643,4574
3847,727,4574
3823,751,4574
3697,877,4574
3691,883,4574
3637,937,4574
3607,967,4574
3583,991,4574
3541,1033,4574
3511,1063,4574
3457,1117,4574
3373,1201,4574
3361,1213,4574
3343,1231,4574
3271,1303,4574
3253,1321,4574
3121,1453,4574
2953,1621,4574
2917,1657,4574
2851,1723,4574
2833,1741,4574
2797,1777,4574
2791,1783,4574
2713,1861,4574
2707,1867,4574
2557,2017,4574
2521,2053,4574
2437,2137,4574
2371,2203,4574
2293,2281,4574
2287,2287,4574
4547,29,4576
4523,53,4576
4517,59,4576
4493,83,4576
4463,113,4576
4409,167,4576
4397,179,4576
4349,227,4576
4337,239,4576
4283,293,4576
4259,317,4576
4229,347,4576
4217,359,4576
4157,419,4576
4133,443,4576
4127,449,4576
4073,503,4576
4019,557,4576
4013,563,4576
4007,569,4576
3989,587,4576
3929,647,4576
3923,653,4576
3917,659,4576
3833,743,4576
3803,773,4576
3779,797,4576
3767,809,4576
3719,857,4576
3623,953,4576
3593,983,4576
3557,1019,4576
3527,1049,4576
3467,1109,4576
3413,1163,4576
3389,1187,4576
3359,1217,4576
3347,1229,4576
3299,1277,4576
3257,1319,4576
3209,1367,4576
3203,1373,4576
3167,1409,4576
3137,1439,4576
3089,1487,4576
3083,1493,4576
3023,1553,4576
2969,1607,4576
2963,1613,4576
2957,1619,4576
2939,1637,4576
2909,1667,4576
2879,1697,4576
2843,1733,4576
2789,1787,4576
2753,1823,4576
2729,1847,4576
2699,1877,4576
2687,1889,4576
2663,1913,4576
2579,1997,4576
2549,2027,4576
2477,2099,4576
2447,2129,4576
2423,2153,4576
2339,2237,4576
2333,2243,4576
2309,2267,4576
4567,11,4578
4561,17,4578
4549,29,4578
4547,31,4578
4519,59,4578
4517,61,4578
4507,71,4578
4481,97,4578
4451,127,4578
4447,131,4578
4441,137,4578
4421,157,4578
4397,181,4578
4349,229,4578
4339,239,4578
4337,241,4578
4327,251,4578
4297,281,4578
4271,307,4578
4261,317,4578
4241,337,4578
4231,347,4578
4229,349,4578
4219,359,4578
4211,367,4578
4177,401,4578
4159,419,4578
4157,421,4578
4139,439,4578
4129,449,4578
4111,467,4578
4099,479,4578
4091,487,4578
4079,499,4578
4057,521,4578
4021,557,4578
4007,571,4578
4001,577,4578
3947,631,4578
3931,647,4578
3919,659,4578
3917,661,4578
3877,701,4578
3851,727,4578
3821,757,4578
3769,809,4578
3767,811,4578
3739,839,4578
3719,859,4578
3701,877,4578
3697,881,4578
3691,887,4578
3671,907,4578
3659,919,4578
3637,941,4578
3631,947,4578
3607,971,4578
3581,997,4578
3559,1019,4578
3557,1021,4578
3547,1031,4578
3539,1039,4578
3529,1049,4578
3527,1051,4578
3517,1061,4578
3491,1087,4578
3469,1109,4578
3461,1117,4578
3449,1129,4578
3407,1171,4578
3391,1187,4578
3361,1217,4578
3347,1231,4578
3329,1249,4578
3319,1259,4578
3301,1277,4578
3299,1279,4578
3271,1307,4578
3259,1319,4578
3257,1321,4578
3251,1327,4578
3217,1361,4578
3169,1409,4578
3119,1459,4578
3089,1489,4578
3079,1499,4578
3067,1511,4578
3019,1559,4578
3011,1567,4578
2999,1579,4578
2971,1607,4578
2969,1609,4578
2957,1621,4578
2909,1669,4578
2879,1699,4578
2857,1721,4578
2837,1741,4578
2819,1759,4578
2801,1777,4578
2791,1787,4578
2789,1789,4578
2777,1801,4578
2767,1811,4578
2731,1847,4578
2711,1867,4578
2707,1871,4578
2699,1879,4578
2689,1889,4578
2677,1901,4578
2671,1907,4578
2647,1931,4578
2591,1987,4578
2579,1999,4578
2551,2027,4578
2549,2029,4578
2539,2039,4578
2467,2111,4578
2447,2131,4578
2441,2137,4578
2437,2141,4578
2417,2161,4578
2399,2179,4578
2371,2207,4578
2357,2221,4578
2341,2237,4578
2339,2239,4578
2311,2267,4578
2309,2269,4578
2297,2281,4578
4567,13,4580
4561,19,4580
4549,31,4580
4519,61,4580
4513,67,4580
4507,73,4580
4483,97,4580
4441,139,4580
4423,157,4580
4357,223,4580
4339,241,4580
4297,283,4580
4273,307,4580
4243,337,4580
4231,349,4580
4201,379,4580
4159,421,4580
4093,487,4580
4057,523,4580
4003,577,4580
3967,613,4580
3919,661,4580
3907,673,4580
3889,691,4580
3853,727,4580
3847,733,4580
3823,757,4580
3793,787,4580
3769,811,4580
3727,853,4580
3697,883,4580
3673,907,4580
3643,937,4580
3613,967,4580
3583,997,4580
3571,1009,4580
3559,1021,4580
3547,1033,4580
3541,1039,4580
3529,1051,4580
3517,1063,4580
3511,1069,4580
3463,1117,4580
3457,1123,4580
3343,1237,4580
3331,1249,4580
3301,1279,4580
3259,1321,4580
3253,1327,4580
3181,1399,4580
3121,1459,4580
3109,1471,4580
3049,1531,4580
3037,1543,4580
3001,1579,4580
2971,1609,4580
2953,1627,4580
2917,1663,4580
2887,1693,4580
2857,1723,4580
2833,1747,4580
2803,1777,4580
2797,1783,4580
2791,1789,4580
2749,1831,4580
2719,1861,4580
2713,1867,4580
2707,1873,4580
2647,1933,4580
2593,1987,4580
2551,2029,4580
2467,2113,4580
2437,2143,4580
2377,2203,4580
2341,2239,4580
2311,2269,4580
2293,2287,4580
4523,59,4582
4493,89,4582
4481,101,4582
4451,131,4582
4409,173,4582
4391,191,4582
4349,233,4582
4289,293,4582
4271,311,4582
4229,353,4582
4139,443,4582
4133,449,4582
4091,491,4582
4079,503,4582
4073,509,4582
4019,563,4582
4013,569,4582
3989,593,4582
3929,653,4582
3923,659,4582
3881,701,4582
3863,719,4582
3821,761,4582
3761,821,4582
3719,863,4582
3701,881,4582
3671,911,4582
3533,1049,4582
3491,1091,4582
3389,1193,4582
3359,1223,4582
3323,1259,4582
3299,1283,4582
3221,1361,4582
3209,1373,4582
3089,1493,4582
3083,1499,4582
3023,1559,4582
3011,1571,4582
2999,1583,4582
2969,1613,4582
2963,1619,4582
2861,1721,4582
2711,1871,4582
2693,1889,4582
2633,1949,4582
2609,1973,4582
2579,2003,4582
2543,2039,4582
2441,2141,4582
2339,2243,4582
2309,2273,4582
4567,17,4584
4561,23,4584
4547,37,4584
4523,61,4584
4517,67,4584
4513,71,4584
4483,101,4584
4481,103,4584
4457,127,4584
4447,137,4584
4421,163,4584
4391,193,4584
4373,211,4584
4357,227,4584
4327,257,4584
4273,311,4584
4271,313,4584
4253,331,4584
4231,353,4584
4217,367,4584
4211,373,4584
4201,383,4584
4153,431,4584
4127,457,4584
4093,491,4584
4027,557,4584
4021,563,4584
4013,571,4584
4007,577,4584
3967,617,4584
3943,641,4584
3931,653,4584
3923,661,4584
3911,673,4584
3907,677,4584
3851,733,4584
3833,751,4584
3823,761,4584
3797,787,4584
3761,823,4584
3727,857,4584
3701,883,4584
3697,887,4584
3677,907,4584
3673,911,4584
3643,941,4584
3637,947,4584
3631,953,4584
3617,967,4584
3613,971,4584
3607,977,4584
3593,991,4584
3571,1013,4584
3533,1051,4584
3491,1093,4584
3467,1117,4584
3461,1123,4584
3433,1151,4584
3413,1171,4584
3391,1193,4584
3371,1213,4584
3361,1223,4584
3347,1237,4584
3307,1277,4584
3301,1283,4584
3257,1327,4584
3217,1367,4584
3203,1381,4584
3137,1447,4584
3061,1523,4584
3041,1543,4584
3001,1583,4584
2971,1613,4584
2963,1621,4584
2957,1627,4584
2927,1657,4584
2917,1667,4584
2887,1697,4584
2861,1723,4584
2851,1733,4584
2843,1741,4584
2837,1747,4584
2801,1783,4584
2797,1787,4584
2753,1831,4584
2713,1871,4584
2711,1873,4584
2707,1877,4584
2683,1901,4584
2677,1907,4584
2671,1913,4584
2633,1951,4584
2591,1993,4584
2557,2027,4584
2531,2053,4584
2521,2063,4584
2503,2081,4584
2473,2111,4584
2447,2137,4584
2441,2143,4584
2423,2161,4584
2381,2203,4584
2377,2207,4584
2371,2213,4584
2347,2237,4584
2341,2243,4584
2333,2251,4584
2311,2273,4584
2297,2287,4584
4583,3,4586
4567,19,4586
4549,37,4586
4519,67,4586
4513,73,4586
4507,79,4586
4483,103,4586
4447,139,4586
4423,163,4586
4363,223,4586
4357,229,4586
4273,313,4586
4219,367,4586
4177,409,4586
4153,433,4586
4129,457,4586
4099,487,4586
3967,619,4586
3943,643,4586
3877,709,4586
3853,733,4586
3847,739,4586
3733,853,4586
3727,859,4586
3709,877,4586
3547,1039,4586
3517,1069,4586
3499,1087,4586
3469,1117,4586
3463,1123,4586
3457,1129,4586
3433,1153,4586
3373,1213,4586
3307,1279,4586
3259,1327,4586
3187,1399,4586
3163,1423,4586
3037,1549,4586
3019,1567,4586
2917,1669,4586
2887,1699,4586
2833,1753,4586
2803,1783,4586
2797,1789,4586
2719,1867,4586
2713,1873,4586
2707,1879,4586
2593,1993,4586
2557,2029,4586
2503,2083,4586
2473,2113,4586
2383,2203,4586
2347,2239,4586
2293,2293,4586
4583,5,4588
4547,41,4588
4517,71,4588
4481,107,4588
4457,131,4588
4451,137,4588
4421,167,4588
4409,179,4588
4397,191,4588
4391,197,4588
4349,239,4588
4337,251,4588
4271,317,4588
4241,347,4588
4229,359,4588
4157,431,4588
4139,449,4588
4127,461,4588
4079,509,4588
4019,569,4588
4001,587,4588
3989,599,4588
3947,641,4588
3929,659,4588
3911,677,4588
3779,809,4588
3767,821,4588
3761,827,4588
3701,887,4588
3677,911,4588
3659,929,4588
3617,971,4588
3557,1031,4588
3539,1049,4588
3527,1061,4588
3491,1097,4588
3407,1181,4588
3371,1217,4588
3359,1229,4588
3329,1259,4588
3299,1289,4588
3221,1367,4588
3137,1451,4588
3089,1499,4588
2969,1619,4588
2879,1709,4588
2801,1787,4588
2777,1811,4588
2741,1847,4588
2711,1877,4588
2699,1889,4588
2687,1901,4588
2657,1931,4588
2609,1979,4588
2591,1997,4588
2549,2039,4588
2477,2111,4588
2459,2129,4588
2447,2141,4588
2381,2207,4588
2351,2237,4588
4583,7,4590
4567,23,4590
4561,29,4590
4549,41,4590
4547,43,4590
4523,67,4590
4519,71,4590
4517,73,4590
4507,83,4590
4493,97,4590
4483,107,4590
4481,109,4590
4463,127,4590
4451,139,4590
4441,149,4590
4423,167,4590
4409,181,4590
4397,193,4590
4391,199,4590
4363,227,4590
4357,233,4590
4349,241,4590
4339,251,4590
4327,263,4590
4297,293,4590
4283,307,4590
4273,317,4590
4259,331,4590
4253,337,4590
4243,347,4590
4241,349,4590
4231,359,4590
4217,373,4590
4211,379,4590
4201,389,4590
4159,431,4590
4157,433,4590
4133,457,4590
4129,461,4590
4127,463,4590
4111,479,4590
4099,491,4590
4091,499,4590
4049,541,4590
4027,563,4590
4021,569,4590
4019,571,4590
4013,577,4590
4003,587,4590
3989,601,4590
3947,643,4590
3943,647,4590
3931,659,4590
3929,661,4590
3917,673,4590
3907,683,4590
3889,701,4590
3881,709,4590
3863,727,4590
3851,739,4590
3847,743,4590
3833,757,4590
3821,769,4590
3803,787,4590
3793,797,4590
3779,811,4590
3769,821,4590
3767,823,4590
3761,829,4590
3733,857,4590
3727,863,4590
3709,881,4590
3671,919,4590
3643,947,4590
3637,953,4590
3623,967,4590
3613,977,4590
3607,983,4590
3593,997,4590
3581,1009,4590
3571,1019,4590
3559,1031,4590
3557,1033,4590
3541,1049,4590
3539,1051,4590
3529,1061,4590
3527,1063,4590
3499,1091,4590
3467,1123,4590
3461,1129,4590
3389,1201,4590
3373,1217,4590
3361,1229,4590
3359,1231,4590
3331,1259,4590
3313,1277,4590
3307,1283,4590
3301,1289,4590
3299,1291,4590
3271,1319,4590
3229,1361,4590
3217,1373,4590
3209,1381,4590
3191,1399,4590
3181,1409,4590
3167,1423,4590
3163,1427,4590
3137,1453,4590
3119,1471,4590
3109,1481,4590
3079,1511,4590
3067,1523,4590
3041,1549,4590
3037,1553,4590
3023,1567,4590
3019,1571,4590
3011,1579,4590
2971,1619,4590
2969,1621,4590
2963,1627,4590
2953,1637,4590
2927,1663,4590
2897,1693,4590
2857,1733,4590
2843,1747,4590
2837,1753,4590
2803,1787,4590
2801,1789,4590
2789,1801,4590
2767,1823,4590
2729,1861,4590
2719,1871,4590
2713,1877,4590
2711,1879,4590
2689,1901,4590
2683,1907,4590
2677,1913,4590
2659,1931,4590
2657,1933,4590
2617,1973,4590
2593,1997,4590
2591,1999,4590
2579,2011,4590
2551,2039,4590
2521,2069,4590
2503,2087,4590
2477,2113,4590
2459,2131,4590
2447,2143,4590
2437,2153,4590
2411,2179,4590
2383,2207,4590
2377,2213,4590
2351,2239,4590
2347,2243,4590
2339,2251,4590
2309,2281,4590
2297,2293,4590
4561,31,4592
4549,43,4592
4519,73,4592
4513,79,4592
4483,109,4592
4441,151,4592
4363,229,4592
4261,331,4592
4243,349,4592
4219,373,4592
4159,433,4592
4153,439,4592
4129,463,4592
4093,499,4592
4051,541,4592
4021,571,4592
3931,661,4592
3919,673,4592
3853,739,4592
3823,769,4592
3769,823,4592
3739,853,4592
3733,859,4592
3709,883,4592
3673,919,4592
3583,1009,4592
3571,1021,4592
3559,1033,4592
3541,1051,4592
3529,1063,4592
3499,1093,4592
3469,1123,4592
3463,1129,4592
3391,1201,4592
3361,1231,4592
3343,1249,4592
3313,1279,4592
3301,1291,4592
3271,1321,4592
3169,1423,4592
3163,1429,4592
3121,1471,4592
3109,1483,4592
3061,1531,4592
3049,1543,4592
2971,1621,4592
2851,1741,4592
2833,1759,4592
2803,1789,4592
2791,1801,4592
2731,1861,4592
2719,1873,4592
2713,1879,4592
2659,1933,4592
2593,1999,4592
2539,2053,4592
2503,2089,4592
2389,2203,4592
2371,2221,4592
2341,2251,4592
2311,2281,4592
4591,3,4594
4583,11,4594
4547,47,4594
4523,71,4594
4493,101,4594
4481,113,4594
4463,131,4594
4457,137,4594
4421,173,4594
4397,197,4594
4337,257,4594
4283,311,4594
4241,353,4594
4211,383,4594
4133,461,4594
4127,467,4594
4091,503,4594
4073,521,4594
4007,587,4594
4001,593,4594
3947,647,4594
3917,677,4594
3911,683,4594
3851,743,4594
3833,761,4594
3821,773,4594
3797,797,4594
3767,827,4594
3623,971,4594
3617,977,4594
3581,1013,4594
3533,1061,4594
3491,1103,4594
3413,1181,4594
3407,1187,4594
3371,1223,4594
3221,1373,4594
3167,1427,4594
3083,1511,4594
3041,1553,4594
3023,1571,4594
3011,1583,4594
2957,1637,4594
2927,1667,4594
2897,1697,4594
2861,1733,4594
2693,1901,4594
2687,1907,4594
2663,1931,4594
2621,1973,4594
2591,2003,4594
2531,2063,4594
2441,2153,4594
2381,2213,4594
2357,2237,4594
2351,2243,4594
2297,2297,4594
4591,5,4596
4583,13,4596
4567,29,4596
4549,47,4596
4523,73,4596
4517,79,4596
4513,83,4596
4507,89,4596
4493,103,4596
4483,113,4596
4457,139,4596
4447,149,4596
4423,173,4596
4397,199,4596
4373,223,4596
4363,233,4596
4357,239,4596
4339,257,4596
4327,269,4596
4289,307,4596
4283,313,4596
4259,337,4596
4243,353,4596
4229,367,4596
4217,379,4596
4177,419,4596
4157,439,4596
4153,443,4596
4139,457,4596
4133,463,4596
4129,467,4596
4093,503,4596
4073,523,4596
4049,547,4596
4027,569,4596
4019,577,4596
4003,593,4596
3989,607,4596
3943,653,4596
3923,673,4596
3919,677,4596
3877,719,4596
3863,733,4596
3853,743,4596
3823,773,4596
3769,827,4596
3767,829,4596
3739,857,4596
3733,863,4596
3719,877,4596
3709,887,4596
3677,919,4596
3659,937,4596
3643,953,4596
3613,983,4596
3583,1013,4596
3557,1039,4596
3547,1049,4596
3533,1063,4596
3527,1069,4596
3499,1097,4596
3467,1129,4596
3433,1163,4596
3373,1223,4596
3359,1237,4596
3347,1249,4596
3319,1277,4596
3313,1283,4596
3307,1289,4596
3299,1297,4596
3229,1367,4596
3187,1409,4596
3169,1427,4596
3167,1429,4596
3163,1433,4596
3137,1459,4596
3109,1487,4596
3037,1559,4596
2999,1597,4596
2969,1627,4596
2939,1657,4596
2927,1669,4596
2903,1693,4596
2897,1699,4596
2887,1709,4596
2843,1753,4596
2837,1759,4596
2819,1777,4596
2749,1847,4596
2729,1867,4596
2719,1877,4596
2707,1889,4596
2689,1907,4596
2683,1913,4596
2663,1933,4596
2647,1949,4596
2617,1979,4596
2609,1987,4596
2593,2003,4596
2579,2017,4596
2557,2039,4596
2543,2053,4596
2467,2129,4596
2459,2137,4596
2417,2179,4596
2393,2203,4596
2389,2207,4596
2383,2213,4596
2357,2239,4596
2309,2287,4596
4591,7,4598
4567,31,4598
4561,37,4598
4519,79,4598
4447,151,4598
4441,157,4598
4357,241,4598
4327,271,4598
4261,337,4598
4231,367,4598
4219,379,4598
4201,397,4598
4177,421,4598
4159,439,4598
4111,487,4598
4099,499,4598
4057,541,4598
4051,547,4598
4027,571,4598
4021,577,4598
3967,631,4598
3907,691,4598
3889,709,4598
3847,751,4598
3769,829,4598
3739,859,4598
3691,907,4598
3631,967,4598
3607,991,4598
3559,1039,4598
3547,1051,4598
3529,1069,4598
3511,1087,4598
3469,1129,4598
3361,1237,4598
3319,1279,4598
3307,1291,4598
3301,1297,4598
3271,1327,4598
3217,1381,4598
3169,1429,4598
3109,1489,4598
3067,1531,4598
3049,1549,4598
3019,1579,4598
3001,1597,4598
2971,1627,4598
2857,1741,4598
2851,1747,4598
2797,1801,4598
2767,1831,4598
2731,1867,4598
2719,1879,4598
2647,1951,4598
2467,2131,4598
2437,2161,4598
2377,2221,4598
2347,2251,4598
2311,2287,4598
4597,3,4600
4583,17,4600
4547,53,4600
4517,83,4600
4493,107,4600
4463,137,4600
4451,149,4600
4421,179,4600
4409,191,4600
4373,227,4600
4349,251,4600
4337,263,4600
4289,311,4600
4283,317,4600
4253,347,4600
4241,359,4600
4217,383,4600
4211,389,4600
4157,443,4600
4139,461,4600
4133,467,4600
4091,509,4600
4079,521,4600
4013,587,4600
4007,593,4600
4001,599,4600
3947,653,4600
3923,677,4600
3917,683,4600
3881,719,4600
3803,797,4600
3779,821,4600
3761,839,4600
3719,881,4600
3671,929,4600
3659,941,4600
3623,977,4600
3617,983,4600
3581,1019,4600
3539,1061,4600
3491,1109,4600
3449,1151,4600
3413,1187,4600
3407,1193,4600
3371,1229,4600
3323,1277,4600
3299,1301,4600
3191,1409,4600
3167,1433,4600
3119,1481,4600
3089,1511,4600
3041,1559,4600
2999,1601,4600
2963,1637,4600
2903,1697,4600
2879,1721,4600
2789,1811,4600
2777,1823,4600
2753,1847,4600
2729,1871,4600
2711,1889,4600
2699,1901,4600
2693,1907,4600
2687,1913,4600
2621,1979,4600
2531,2069,4600
2459,2141,4600
2447,2153,4600
2393,2207,4600
2357,2243,4600
2333,2267,4600
4597,5,4602
4591,11,4602
4583,19,4602
4561,41,4602
4549,53,4602
4523,79,4602
4519,83,4602
4513,89,4602
4493,109,4602
4463,139,4602
4451,151,4602
4423,179,4602
4421,181,4602
4409,193,4602
4391,211,4602
4373,229,4602
4363,239,4602
4339,263,4602
4289,313,4602
4271,331,4602
4253,349,4602
4243,359,4602
4229,373,4602
4219,383,4602
4201,401,4602
4159,443,4602
4153,449,4602
4139,463,4602
4111,491,4602
4099,503,4602
4093,509,4602
4079,523,4602
4003,599,4602
4001,601,4602
3989,613,4602
3943,659,4602
3929,673,4602
3919,683,4602
3911,691,4602
3863,739,4602
3851,751,4602
3833,769,4602
3793,809,4602
3779,823,4602
3739,863,4602
3719,883,4602
3691,911,4602
3673,929,4602
3631,971,4602
3593,1009,4602
3583,1019,4602
3581,1021,4602
3571,1031,4602
3541,1061,4602
3539,1063,4602
3533,1069,4602
3511,1091,4602
3499,1103,4602
3449,1153,4602
3389,1213,4602
3373,1229,4602
3371,1231,4602
3343,1259,4602
3323,1279,4602
3319,1283,4602
3313,1289,4602
3301,1301,4602
3299,1303,4602
3229,1373,4602
3221,1381,4602
3203,1399,4602
3169,1433,4602
3163,1439,4602
3121,1481,4602
3119,1483,4602
3109,1493,4602
3079,1523,4602
3049,1553,4602
3023,1579,4602
3019,1583,4602
3001,1601,4602
2939,1663,4602
2909,1693,4602
2903,1699,4602
2879,1723,4602
2861,1741,4602
2843,1759,4602
2819,1783,4602
2801,1801,4602
2791,1811,4602
2741,1861,4602
2731,1871,4602
2729,1873,4602
2713,1889,4602
2689,1913,4602
2671,1931,4602
2609,1993,4602
2591,2011,4602
2549,2053,4602
2539,2063,4602
2521,2081,4602
2503,2099,4602
2473,2129,4602
2459,2143,4602
2441,2161,4602
2423,2179,4602
2399,2203,4602
2389,2213,4602
2381,2221,4602
2351,2251,4602
2333,2269,4602
2309,2293,4602
4597,7,4604
4591,13,4604
4567,37,4604
4561,43,4604
4507,97,4604
4447,157,4604
4441,163,4604
4423,181,4604
4363,241,4604
4327,277,4604
4297,307,4604
4273,331,4604
4231,373,4604
4057,547,4604
4027,577,4604
4003,601,4604
3943,661,4604
3931,673,4604
3877,727,4604
3853,751,4604
3847,757,4604
3793,811,4604
3727,877,4604
3697,907,4604
3637,967,4604
3613,991,4604
3607,997,4604
3583,1021,4604
3571,1033,4604
3541,1063,4604
3517,1087,4604
3511,1093,4604
3433,1171,4604
3391,1213,4604
3373,1231,4604
3313,1291,4604
3307,1297,4604
3301,1303,4604
3181,1423,4604
3121,1483,4604
3061,1543,4604
3037,1567,4604
2857,1747,4604
2851,1753,4604
2803,1801,4604
2731,1873,4604
2671,1933,4604
2617,1987,4604
2593,2011,4604
2551,2053,4604
2521,2083,4604
2473,2131,4604
2467,2137,4604
2383,2221,4604
2311,2293,4604
4603,3,4606
4583,23,4606
4547,59,4606
4523,83,4606
4517,89,4606
4493,113,4606
4457,149,4606
4409,197,4606
4373,233,4606
4349,257,4606
4337,269,4606
4289,317,4606
4259,347,4606
4253,353,4606
4217,389,4606
4157,449,4606
4139,467,4606
4127,479,4606
4049,557,4606
4019,587,4606
4013,593,4606
4007,599,4606
3989,617,4606
3947,659,4606
3929,677,4606
3923,683,4606
3863,743,4606
3833,773,4606
3797,809,4606
3779,827,4606
3767,839,4606
3719,887,4606
3677,929,4606
3659,947,4606
3623,983,4606
3593,1013,4606
3557,1049,4606
3413,1193,4606
3389,1217,4606
3347,1259,4606
3329,1277,4606
3323,1283,4606
3299,1307,4606
3167,1439,4606
3119,1487,4606
3083,1523,4606
3023,1583,4606
2999,1607,4606
2969,1637,4606
2939,1667,4606
2909,1697,4606
2897,1709,4606
2819,1787,4606
2729,1877,4606
2699,1907,4606
2693,1913,4606
2657,1949,4606
2633,1973,4606
2609,1997,4606
2579,2027,4606
2543,2063,4606
2477,2129,4606
2399,2207,4606
2393,2213,4606
2339,2267,4606
2333,2273,4606
2309,2297,4606
4603,5,4608
4597,11,4608
4591,17,4608
4567,41,4608
4561,47,4608
4549,59,4608
4547,61,4608
4519,89,4608
4507,101,4608
4481,127,4608
4457,151,4608
4451,157,4608
4441,167,4608
4409,199,4608
4397,211,4608
4357,251,4608
4339,269,4608
4337,271,4608
4327,281,4608
4297,311,4608
4271,337,4608
4261,347,4608
4259,349,4608
4241,367,4608
4229,379,4608
4219,389,4608
4211,397,4608
4177,431,4608
4159,449,4608
4129,479,4608
4099,509,4608
4051,557,4608
4021,587,4608
4007,601,4608
4001,607,4608
3989,619,4608
3967,641,4608
3947,661,4608
3931,677,4608
3917,691,4608
3907,701,4608
3889,719,4608
3881,727,4608
3851,757,4608
3847,761,4608
3821,787,4608
3797,811,4608
3779,829,4608
3769,839,4608
3727,881,4608
3701,907,4608
3697,911,4608
3671,937,4608
3637,971,4608
3631,977,4608
3617,991,4608
3559,1049,4608
3557,1051,4608
3547,1061,4608
3539,1069,4608
3517,1091,4608
3511,1097,4608
3499,1109,4608
3491,1117,4608
3457,1151,4608
3407,1201,4608
3391,1217,4608
3371,1237,4608
3359,1249,4608
3331,1277,4608
3329,1279,4608
3319,1289,4608
3307,1301,4608
3301,1307,4608
3209,1399,4608
3181,1427,4608
3169,1439,4608
3137,1471,4608
3121,1487,4608
3119,1489,4608
3109,1499,4608
3049,1559,4608
3041,1567,4608
3037,1571,4608
3011,1597,4608
3001,1607,4608
2999,1609,4608
2971,1637,4608
2939,1669,4608
2909,1699,4608
2887,1721,4608
2861,1747,4608
2819,1789,4608
2797,1811,4608
2777,1831,4608
2741,1867,4608
2731,1877,4608
2729,1879,4608
2719,1889,4608
2707,1901,4608
2677,1931,4608
2659,1949,4608
2657,1951,4608
2621,1987,4608
2609,1999,4608
2591,2017,4608
2579,2029,4608
2539,2069,4608
2521,2087,4608
2477,2131,4608
2467,2141,4608
2447,2161,4608
2371,2237,4608
2357,2251,4608
2341,2267,4608
2339,2269,4608
2311,2297,4608
4603,7,4610
4597,13,4610
4591,19,4610
4567,43,4610
4549,61,4610
4513,97,4610
4507,103,4610
4483,127,4610
4447,163,4610
4339,271,4610
4327,283,4610
4297,313,4610
4273,337,4610
4261,349,4610
4243,367,4610
4231,379,4610
4201,409,4610
4177,433,4610
4153,457,4610
4111,499,4610
4003,607,4610
3967,643,4610
3919,691,4610
3877,733,4610
3853,757,4610
3823,787,4610
3733,877,4610
3727,883,4610
3691,919,4610
3673,937,4610
3643,967,4610
3613,997,4610
3571,1039,4610
3559,1051,4610
3547,1063,4610
3541,1069,4610
3517,1093,4610
3457,1153,4610
3373,1237,4610
3361,1249,4610
3331,1279,4610
3319,1291,4610
3313,1297,4610
3307,1303,4610
3229,1381,4610
3187,1423,4610
3181,1429,4610
3163,1447,4610
3121,1489,4610
3079,1531,4610
3067,1543,4610
3061,1549,4610
3001,1609,4610
2953,1657,4610
2917,1693,4610
2887,1723,4610
2857,1753,4610
2851,1759,4610
2833,1777,4610
2749,1861,4610
2731,1879,4610
2677,1933,4610
2659,1951,4610
2617,1993,4610
2593,2017,4610
2557,2053,4610
2521,2089,4610
2473,2137,4610
2467,2143,4610
2389,2221,4610
2371,2239,4610
2341,2269,4610
4583,29,4612
4523,89,4612
4481,131,4612
4463,149,4612
4421,191,4612
4373,239,4612
4349,263,4612
4259,353,4612
4253,359,4612
4229,383,4612
4211,401,4612
4133,479,4612
4091,521,4612
4049,563,4612
4019,593,4612
4013,599,4612
3929,683,4612
3911,701,4612
3851,761,4612
3803,809,4612
3701,911,4612
3671,941,4612
3659,953,4612
3593,1019,4612
3581,1031,4612
3461,1151,4612
3449,1163,4612
3389,1223,4612
3329,1283,4612
3323,1289,4612
3251,1361,4612
3203,1409,4612
3119,1493,4612
3089,1523,4612
3041,1571,4612
3011,1601,4612
2999,1613,4612
2903,1709,4612
2879,1733,4612
2801,1811,4612
2789,1823,4612
2741,1871,4612
2711,1901,4612
2699,1913,4612
2663,1949,4612
2633,1979,4612
2609,2003,4612
2549,2063,4612
2543,2069,4612
2531,2081,4612
2459,2153,4612
2399,2213,4612
2339,2273,4612
4603,11,4614
4597,17,4614
4591,23,4614
4583,31,4614
4567,47,4614
4561,53,4614
4547,67,4614
4517,97,4614
4513,101,4614
4507,107,4614
4483,131,4614
4463,151,4614
4457,157,4614
4451,163,4614
4447,167,4614
4441,173,4614
4423,191,4614
4421,193,4614
4391,223,4614
4373,241,4614
4363,251,4614
4357,257,4614
4337,277,4614
4297,317,4614
4283,331,4614
4261,353,4614
4241,373,4614
4231,383,4614
4217,397,4614
4157,457,4614
4153,461,4614
4127,487,4614
4111,503,4614
4093,521,4614
4091,523,4614
4073,541,4614
4057,557,4614
4051,563,4614
4027,587,4614
4021,593,4614
4013,601,4614
4007,607,4614
4001,613,4614
3967,647,4614
3931,683,4614
3923,691,4614
3881,733,4614
3863,751,4614
3853,761,4614
3803,811,4614
3793,821,4614
3761,853,4614
3733,881,4614
3727,887,4614
3677,937,4614
3673,941,4614
3643,971,4614
3637,977,4614
3631,983,4614
3623,991,4614
3617,997,4614
3593,1021,4614
3583,1031,4614
3581,1033,4614
3527,1087,4614
3517,1097,4614
3511,1103,4614
3491,1123,4614
3463,1151,4614
3461,1153,4614
3433,1181,4614
3413,1201,4614
3391,1223,4614
3331,1283,4614
3323,1291,4614
3313,1301,4614
3307,1307,4614
3253,1361,4614
3191,1423,4614
3187,1427,4614
3181,1433,4614
3167,1447,4614
3163,1451,4614
3121,1493,4614
3083,1531,4614
3061,1553,4614
3001,1613,4614
2957,1657,4614
2917,1697,4614
2861,1753,4614
2837,1777,4614
2803,1811,4614
2791,1823,4614
2767,1847,4614
2753,1861,4614
2741,1873,4614
2713,1901,4614
2707,1907,4614
2683,1931,4614
2663,1951,4614
2621,1993,4614
2617,1997,4614
2551,2063,4614
2531,2083,4614
2503,2111,4614
2477,2137,4614
2473,2141,4614
2411,2203,4614
2393,2221,4614
2377,2237,4614
2371,2243,4614
2347,2267,4614
2341,2273,4614
2333,2281,4614
4603,13,4616
4597,19,4616
4549,67,4616
4519,97,4616
4513,103,4616
4507,109,4616
4423,193,4616
4339,277,4616
4243,373,4616
4219,397,4616
4177,439,4616
4159,457,4616
4153,463,4616
4129,487,4616
4093,523,4616
4003,613,4616
3943,673,4616
3907,709,4616
3889,727,4616
3877,739,4616
3847,769,4616
3793,823,4616
3739,877,4616
3733,883,4616
3709,907,4616
3697,919,4616
3607,1009,4616
3583,1033,4616
3547,1069,4616
3529,1087,4616
3499,1117,4616
3463,1153,4616
3319,1297,4616
3313,1303,4616
3217,1399,4616
3187,1429,4616
3169,1447,4616
3163,1453,4616
3067,1549,4616
3049,1567,4616
3037,1579,4616
3019,1597,4616
2953,1663,4616
2917,1699,4616
2857,1759,4616
2833,1783,4616
2749,1867,4616
2683,1933,4616
2617,1999,4616
2503,2113,4616
2473,2143,4616
2437,2179,4616
2377,2239,4616
2347,2269,4616
4547,71,4618
4517,101,4618
4481,137,4618
4451,167,4618
4421,197,4618
4391,227,4618
4349,269,4618
4337,281,4618
4271,347,4618
4259,359,4618
4229,389,4618
4217,401,4618
4157,461,4618
4139,479,4618
4127,491,4618
4049,569,4618
4019,599,4618
4001,617,4618
3917,701,4618
3821,797,4618
3797,821,4618
3779,839,4618
3761,857,4618
3677,941,4618
3671,947,4618
3557,1061,4618
3527,1091,4618
3467,1151,4618
3389,1229,4618
3359,1259,4618
3329,1289,4618
3299,1319,4618
3257,1361,4618
3251,1367,4618
3209,1409,4618
3191,1427,4618
3167,1451,4618
3137,1481,4618
3119,1499,4618
3011,1607,4618
2999,1619,4618
2909,1709,4618
2897,1721,4618
2741,1877,4618
2729,1889,4618
2711,1907,4618
2687,1931,4618
2621,1997,4618
2591,2027,4618
2579,2039,4618
2549,2069,4618
2531,2087,4618
2477,2141,4618
2411,2207,4618
2381,2237,4618
2351,2267,4618
2309,2309,4618
4603,17,4620
4597,23,4620
4591,29,4620
4583,37,4620
4567,53,4620
4561,59,4620
4549,71,4620
4547,73,4620
4523,97,4620
4519,101,4620
4517,103,4620
4513,107,4620
4507,113,4620
4493,127,4620
4483,137,4620
4481,139,4620
4463,157,4620
4457,163,4620
4447,173,4620
4441,179,4620
4423,197,4620
4421,199,4620
4409,211,4620
4397,223,4620
4391,229,4620
4363,257,4620
4357,263,4620
4349,271,4620
4339,281,4620
4337,283,4620
4327,293,4620
4289,331,4620
4283,337,4620
4273,347,4620
4271,349,4620
4261,359,4620
4253,367,4620
4241,379,4620
4231,389,4620
4219,401,4620
4211,409,4620
4201,419,4620
4177,443,4620
4159,461,4620
4157,463,4620
4153,467,4620
4133,487,4620
4129,491,4620
4111,509,4620
4099,521,4620
4079,541,4620
4073,547,4620
4057,563,4620
4051,569,4620
4049,571,4620
4027,593,4620
4021,599,4620
4019,601,4620
4013,607,4620
4007,613,4620
4003,617,4620
4001,619,4620
3989,631,4620
3967,653,4620
3947,673,4620
3943,677,4620
3929,691,4620
3919,701,4620
3911,709,4620
3881,739,4620
3877,743,4620
3863,757,4620
3851,769,4620
3847,773,4620
3833,787,4620
3823,797,4620
3797,823,4620
3793,827,4620
3767,853,4620
3761,859,4620
3739,881,4620
3733,887,4620
3709,911,4620
3701,919,4620
3691,929,4620
3673,947,4620
3643,977,4620
3637,983,4620
3623,997,4620
3607,1013,4620
3581,1039,4620
3571,1049,4620
3559,1061,4620
3557,1063,4620
3533,1087,4620
3529,1091,4620
3527,1093,4620
3517,1103,4620
3511,1109,4620
3491,1129,4620
3469,1151,4620
3467,1153,4620
3457,1163,4620
3449,1171,4620
3433,1187,4620
3407,1213,4620
3391,1229,4620
3389,1231,4620
3371,1249,4620
3361,1259,4620
3343,1277,4620
3331,1289,4620
3329,1291,4620
3323,1297,4620
3319,1301,4620
3313,1307,4620
3301,1319,4620
3299,1321,4620
3259,1361,4620
3253,1367,4620
3221,1399,4620
3191,1429,4620
3187,1433,4620
3181,1439,4620
3169,1451,4620
3167,1453,4620
3137,1483,4620
3121,1499,4620
3109,1511,4620
3089,1531,4620
3067,1553,4620
3061,1559,4620
3049,1571,4620
3041,1579,4620
3037,1583,4620
3023,1597,4620
3019,1601,4620
3011,1609,4620
3001,1619,4620
2999,1621,4620
2963,1657,4620
2957,1663,4620
2953,1667,4620
2927,1693,4620
2897,1723,4620
2887,1733,4620
2879,1741,4620
2861,1759,4620
2843,1777,4620
2837,1783,4620
2833,1787,4620
2819,1801,4620
2797,1823,4620
2789,1831,4620
2753,1867,4620
2749,1871,4620
2741,1879,4620
2731,1889,4620
2719,1901,4620
2713,1907,4620
2707,1913,4620
2689,1931,4620
2687,1933,4620
2671,1949,4620
2647,1973,4620
2633,1987,4620
2621,1999,4620
2617,2003,4620
2609,2011,4620
2593,2027,4620
2591,2029,4620
2557,2063,4620
2551,2069,4620
2539,2081,4620
2531,2089,4620
2521,2099,4620
2477,2143,4620
2467,2153,4620
2459,2161,4620
2441,2179,4620
2417,2203,4620
2399,2221,4620
2383,2237,4620
2381,2239,4620
2377,2243,4620
2351,2269,4620
2347,2273,4620
2339,2281,4620
2333,2287,4620
2311,2309,4620
4603,19,4622
4591,31,4622
4561,61,4622
4549,73,4622
4519,103,4622
4513,109,4622
4483,139,4622
4441,181,4622
4423,199,4622
4339,283,4622
4273,349,4622
4243,379,4622
4201,421,4622
4159,463,4622
4099,523,4622
4051,571,4622
4021,601,4622
4003,619,4622
3931,691,4622
3889,733,4622
3853,769,4622
3793,829,4622
3769,853,4622
3739,883,4622
3631,991,4622
3613,1009,4622
3583,1039,4622
3571,1051,4622
3559,1063,4622
3529,1093,4622
3499,1123,4622
3469,1153,4622
3391,1231,4622
3373,1249,4622
3343,1279,4622
3331,1291,4622
3319,1303,4622
3301,1321,4622
3169,1453,4622
3163,1459,4622
3079,1543,4622
3001,1621,4622
2953,1669,4622
2833,1789,4622
2791,1831,4622
2749,1873,4622
2689,1933,4622
2671,1951,4622
2593,2029,4622
2539,2083,4622
2383,2239,4622
2371,2251,4622
2341,2281,4622
2311,2311,4622
4621,3,4624
4583,41,4624
4523,101,4624
4517,107,4624
4493,131,4624
4457,167,4624
4451,173,4624
4397,227,4624
4391,233,4624
4373,251,4624
4271,353,4624
4241,383,4624
4157,467,4624
4133,491,4624
4007,617,4624
3947,677,4624
3923,701,4624
3881,743,4624
3863,761,4624
3851,773,4624
3803,821,4624
3797,827,4624
3767,857,4624
3761,863,4624
3677,947,4624
3671,953,4624
3593,1031,4624
3533,1091,4624
3527,1097,4624
3461,1163,4624
3407,1217,4624
3347,1277,4624
3323,1301,4624
3257,1367,4624
3251,1373,4624
3191,1433,4624
3137,1487,4624
3041,1583,4624
3023,1601,4624
3011,1613,4624
2957,1667,4624
2927,1697,4624
2903,1721,4624
2837,1787,4624
2801,1823,4624
2777,1847,4624
2753,1871,4624
2711,1913,4624
2693,1931,4624
2621,2003,4624
2543,2081,4624
2417,2207,4624
2411,2213,4624
2381,2243,4624
2357,2267,4624
2351,2273,4624
4621,5,4626
4603,23,4626
4597,29,4626
4583,43,4626
4567,59,4626
4547,79,4626
4523,103,4626
4519,107,4626
4517,109,4626
4513,113,4626
4463,163,4626
4447,179,4626
4397,229,4626
4363,263,4626
4357,269,4626
4349,277,4626
4289,337,4626
4273,353,4626
4259,367,4626
4253,373,4626
4243,383,4626
4229,397,4626
4217,409,4626
4177,449,4626
4159,467,4626
4139,487,4626
4127,499,4626
4079,547,4626
4057,569,4626
4049,577,4626
4027,599,4626
4019,607,4626
4013,613,4626
4007,619,4626
3967,659,4626
3943,683,4626
3917,709,4626
3907,719,4626
3853,773,4626
3803,823,4626
3797,829,4626
3769,857,4626
3767,859,4626
3739,887,4626
3719,907,4626
3697,929,4626
3673,953,4626
3659,967,4626
3643,983,4626
3617,1009,4626
3613,1013,4626
3607,1019,4626
3593,1033,4626
3557,1069,4626
3539,1087,4626
3533,1093,4626
3529,1097,4626
3517,1109,4626
3463,1163,4626
3433,1193,4626
3413,1213,4626
3389,1237,4626
3347,1279,4626
3343,1283,4626
3329,1297,4626
3323,1303,4626
3319,1307,4626
3307,1319,4626
3299,1327,4626
3259,1367,4626
3253,1373,4626
3217,1409,4626
3203,1423,4626
3187,1439,4626
3167,1459,4626
3137,1489,4626
3083,1543,4626
3067,1559,4626
3019,1607,4626
2999,1627,4626
2969,1657,4626
2963,1663,4626
2957,1669,4626
2927,1699,4626
2917,1709,4626
2903,1723,4626
2879,1747,4626
2843,1783,4626
2837,1789,4626
2803,1823,4626
2753,1873,4626
2749,1877,4626
2719,1907,4626
2713,1913,4626
2693,1933,4626
2677,1949,4626
2647,1979,4626
2633,1993,4626
2609,2017,4626
2557,2069,4626
2543,2083,4626
2539,2087,4626
2473,2153,4626
2447,2179,4626
2423,2203,4626
2389,2237,4626
2383,2243,4626
2357,2269,4626
2339,2287,4626
2333,2293,4626
4621,7,4628
4597,31,4628
4591,37,4628
4567,61,4628
4561,67,4628
4549,79,4628
4519,109,4628
4447,181,4628
4357,271,4628
4297,331,4628
4261,367,4628
4231,397,4628
4219,409,4628
4129,499,4628
4057,571,4628
4051,577,4628
4027,601,4628
4021,607,4628
3967,661,4628
3919,709,4628
3889,739,4628
3877,751,4628
3769,859,4628
3709,919,4628
3691,937,4628
3637,991,4628
3631,997,4628
3607,1021,4628
3559,1069,4628
3541,1087,4628
3511,1117,4628
3499,1129,4628
3457,1171,4628
3391,1237,4628
3331,1297,4628
3307,1321,4628
3301,1327,4628
3229,1399,4628
3181,1447,4628
3169,1459,4628
3079,1549,4628
3061,1567,4628
3049,1579,4628
3019,1609,4628
3001,1627,4628
2971,1657,4628
2887,1741,4628
2851,1777,4628
2797,1831,4628
2767,1861,4628
2749,1879,4628
2677,1951,4628
2617,2011,4628
2539,2089,4628
2467,2161,4628
2389,2239,4628
2377,2251,4628
2347,2281,4628
2341,2287,4628
4583,47,4630
4547,83,4630
4523,107,4630
4517,113,4630
4493,137,4630
4481,149,4630
4463,167,4630
4457,173,4630
4451,179,4630
4397,233,4630
4391,239,4630
4373,257,4630
4349,281,4630
4337,293,4630
4283,347,4630
4271,359,4630
4241,389,4630
4229,401,4630
4211,419,4630
4139,491,4630
4127,503,4630
4073,557,4630
4013,617,4630
3989,641,4630
3947,683,4630
3929,701,4630
3911,719,4630
3833,797,4630
3821,809,4630
3803,827,4630
3767,863,4630
3719,911,4630
3701,929,4630
3677,953,4630
3659,971,4630
3617,1013,4630
3581,1049,4630
3539,1091,4630
3533,1097,4630
3527,1103,4630
3467,1163,4630
3449,1181,4630
3413,1217,4630
3407,1223,4630
3371,1259,4630
3347,1283,4630
3329,1301,4630
3323,1307,4630
3257,1373,4630
3221,1409,4630
3203,1427,4630
3191,1439,4630
3137,1493,4630
3119,1511,4630
3023,1607,4630
3011,1619,4630
2963,1667,4630
2909,1721,4630
2897,1733,4630
2843,1787,4630
2819,1811,4630
2753,1877,4630
2741,1889,4630
2729,1901,4630
2699,1931,4630
2657,1973,4630
2633,1997,4630
2591,2039,4630
2549,2081,4630
2543,2087,4630
2531,2099,4630
2477,2153,4630
2423,2207,4630
2417,2213,4630
2393,2237,4630
2357,2273,4630
2333,2297,4630
4621,11,4632
4603,29,4632
4591,41,4632
4561,71,4632
4549,83,4632
4523,109,4632
4519,113,4632
4493,139,4632
4483,149,4632
4481,151,4632
4451,181,4632
4441,191,4632
4421,211,4632
4409,223,4632
4391,241,4632
4363,269,4632
4349,283,4632
4339,293,4632
4283,349,4632
4273,359,4632
4259,373,4632
4253,379,4632
4243,389,4632
4231,401,4632
4211,421,4632
4201,431,4632
4153,479,4632
4133,499,4632
4129,503,4632
4111,521,4632
4091,541,4632
4019,613,4632
4013,619,4632
4001,631,4632
3989,643,4632
3931,701,4632
3923,709,4632
3889,743,4632
3881,751,4632
3863,769,4632
3823,809,4632
3821,811,4632
3803,829,4632
3793,839,4632
3779,853,4632
3769,863,4632
3691,941,4632
3623,1009,4632
3613,1019,4632
3593,1039,4632
3583,1049,4632
3581,1051,4632
3571,1061,4632
3541,1091,4632
3539,1093,4632
3529,1103,4632
3469,1163,4632
3461,1171,4632
3373,1259,4632
3343,1289,4632
3331,1301,4632
3329,1303,4632
3313,1319,4632
3271,1361,4632
3259,1373,4632
3251,1381,4632
3209,1423,4632
3203,1429,4632
3181,1451,4632
3121,1511,4632
3109,1523,4632
3089,1543,4632
3083,1549,4632
3079,1553,4632
3061,1571,4632
3049,1583,4632
3023,1609,4632
3019,1613,4632
3011,1621,4632
2969,1663,4632
2963,1669,4632
2939,1693,4632
2909,1723,4632
2879,1753,4632
2843,1789,4632
2801,1831,4632
2753,1879,4632
2731,1901,4632
2719,1913,4632
2699,1933,4632
2683,1949,4632
2659,1973,4632
2633,1999,4632
2621,2011,4632
2593,2039,4632
2579,2053,4632
2551,2081,4632
2549,2083,4632
2543,2089,4632
2521,2111,4632
2503,2129,4632
2411,2221,4632
2393,2239,4632
2389,2243,4632
2381,2251,4632
2351,2281,4632
2339,2293,4632
4621,13,4634
4603,31,4634
4597,37,4634
4591,43,4634
4567,67,4634
4561,73,4634
4507,127,4634
4483,151,4634
4441,193,4634
4423,211,4634
4363,271,4634
4357,277,4634
4327,307,4634
4297,337,4634
4261,373,4634
4201,433,4634
4177,457,4634
4111,523,4634
4093,541,4634
4057,577,4634
4027,607,4634
4021,613,4634
4003,631,4634
3943,691,4634
3907,727,4634
3877,757,4634
3847,787,4634
3823,811,4634
3727,907,4634
3697,937,4634
3643,991,4634
3637,997,4634
3613,1021,4634
3583,1051,4634
3571,1063,4634
3547,1087,4634
3541,1093,4634
3517,1117,4634
3511,1123,4634
3463,1171,4634
3433,1201,4634
3343,1291,4634
3331,1303,4634
3313,1321,4634
3307,1327,4634
3253,1381,4634
3187,1447,4634
3181,1453,4634
3163,1471,4634
3067,1567,4634
3037,1597,4634
2971,1663,4634
2887,1747,4634
2857,1777,4634
2851,1783,4634
2833,1801,4634
2803,1831,4634
2767,1867,4634
2683,1951,4634
2647,1987,4634
2617,2017,4634
2551,2083,4634
2521,2113,4634
2503,2131,4634
2473,2161,4634
2383,2251,4634
2347,2287,4634
2341,2293,4634
4583,53,4636
4547,89,4636
4523,113,4636
4463,173,4636
4457,179,4636
4409,227,4636
4397,239,4636
4373,263,4636
4289,347,4636
4283,353,4636
4253,383,4636
4217,419,4636
4157,479,4636
4133,503,4636
4127,509,4636
4079,557,4636
4073,563,4636
4049,587,4636
4019,617,4636
3989,647,4636
3917,719,4636
3863,773,4636
3797,839,4636
3779,857,4636
3659,977,4636
3623,1013,4636
3617,1019,4636
3539,1097,4636
3533,1103,4636
3527,1109,4636
3449,1187,4636
3413,1223,4636
3407,1229,4636
3359,1277,4636
3347,1289,4636
3329,1307,4636
3209,1427,4636
3203,1433,4636
3137,1499,4636
3083,1553,4636
3023,1613,4636
2999,1637,4636
2969,1667,4636
2939,1697,4636
2927,1709,4636
2903,1733,4636
2789,1847,4636
2729,1907,4636
2687,1949,4636
2663,1973,4636
2657,1979,4636
2633,2003,4636
2609,2027,4636
2549,2087,4636
2423,2213,4636
2399,2237,4636
2393,2243,4636
2339,2297,4636
4621,17,4638
4597,41,4638
4591,47,4638
4567,71,4638
4549,89,4638
4507,131,4638
4481,157,4638
4457,181,4638
4447,191,4638
4441,197,4638
4409,229,4638
4397,241,4638
4357,281,4638
4327,311,4638
4289,349,4638
4271,367,4638
4259,379,4638
4241,397,4638
4229,409,4638
4219,419,4638
4217,421,4638
4177,461,4638
4159,479,4638
4139,499,4638
4129,509,4638
4091,547,4638
4051,587,4638
4021,617,4638
4019,619,4638
4007,631,4638
3947,691,4638
3929,709,4638
3919,719,4638
3911,727,4638
3881,757,4638
3877,761,4638
3851,787,4638
3779,859,4638
3761,877,4638
3727,911,4638
3719,919,4638
3709,929,4638
3701,937,4638
3697,941,4638
3691,947,4638
3671,967,4638
3617,1021,4638
3607,1031,4638
3547,1091,4638
3541,1097,4638
3529,1109,4638
3467,1171,4638
3457,1181,4638
3407,1231,4638
3389,1249,4638
3361,1277,4638
3359,1279,4638
3347,1291,4638
3331,1307,4638
3319,1319,4638
3271,1367,4638
3257,1381,4638
3229,1409,4638
3209,1429,4638
3191,1447,4638
3187,1451,4638
3167,1471,4638
3089,1549,4638
3079,1559,4638
3067,1571,4638
3041,1597,4638
3037,1601,4638
3019,1619,4638
3011,1627,4638
3001,1637,4638
2971,1667,4638
2969,1669,4638
2939,1699,4638
2917,1721,4638
2897,1741,4638
2879,1759,4638
2861,1777,4638
2851,1787,4638
2837,1801,4638
2791,1847,4638
2777,1861,4638
2767,1871,4638
2749,1889,4638
2731,1907,4638
2707,1931,4638
2689,1949,4638
2687,1951,4638
2659,1979,4638
2621,2017,4638
2609,2029,4638
2557,2081,4638
2551,2087,4638
2549,2089,4638
2539,2099,4638
2477,2161,4638
2459,2179,4638
2417,2221,4638
2399,2239,4638
2371,2267,4638
2357,2281,4638
2351,2287,4638
2341,2297,4638
4637,3,4640
4621,19,4640
4603,37,4640
4597,43,4640
4567,73,4640
4561,79,4640
4513,127,4640
4483,157,4640
4447,193,4640
4441,199,4640
4363,277,4640
4357,283,4640
4327,313,4640
4273,367,4640
4261,379,4640
4243,397,4640
4231,409,4640
4219,421,4640
4201,439,4640
4177,463,4640
4153,487,4640
4099,541,4640
4093,547,4640
4027,613,4640
4021,619,4640
3967,673,4640
3931,709,4640
3907,733,4640
3889,751,4640
3853,787,4640
3733,907,4640
3673,967,4640
3643,997,4640
3631,1009,4640
3607,1033,4640
3571,1069,4640
3547,1093,4640
3517,1123,4640
3511,1129,4640
3469,1171,4640
3391,1249,4640
3361,1279,4640
3343,1297,4640
3319,1321,4640
3313,1327,4640
3259,1381,4640
3217,1423,4640
3187,1453,4640
3181,1459,4640
3169,1471,4640
3109,1531,4640
3061,1579,4640
3019,1621,4640
2971,1669,4640
2917,1723,4640
2887,1753,4640
2857,1783,4640
2851,1789,4640
2767,1873,4640
2707,1933,4640
2689,1951,4640
2647,1993,4640
2557,2083,4640
2551,2089,4640
2503,2137,4640
2437,2203,4640
2389,2251,4640
2371,2269,4640
2347,2293,4640
4639,3,4642
4637,5,4642
4583,59,4642
4493,149,4642
4463,179,4642
4451,191,4642
4409,233,4642
4391,251,4642
4373,269,4642
4349,293,4642
4289,353,4642
4283,359,4642
4259,383,4642
4253,389,4642
4241,401,4642
4211,431,4642
4139,503,4642
4133,509,4642
4079,563,4642
4073,569,4642
4049,593,4642
4001,641,4642
3989,653,4642
3923,719,4642
3881,761,4642
3833,809,4642
3821,821,4642
3803,839,4642
3779,863,4642
3761,881,4642
3701,941,4642
3671,971,4642
3659,983,4642
3623,1019,4642
3593,1049,4642
3581,1061,4642
3539,1103,4642
3533,1109,4642
3491,1151,4642
3461,1181,4642
3449,1193,4642
3413,1229,4642
3359,1283,4642
3323,1319,4642
3209,1433,4642
3203,1439,4642
3191,1451,4642
3119,1523,4642
3089,1553,4642
3083,1559,4642
3041,1601,4642
3023,1619,4642
2909,1733,4642
2819,1823,4642
2753,1889,4642
2741,1901,4642
2729,1913,4642
2711,1931,4642
2693,1949,4642
2663,1979,4642
2579,2063,4642
2543,2099,4642
2531,2111,4642
2399,2243,4642
2333,2309,4642
4639,5,4644
4637,7,4644
4621,23,4644
4603,41,4644
4597,47,4644
4591,53,4644
4583,61,4644
4561,83,4644
4547,97,4644
4517,127,4644
4513,131,4644
4507,137,4644
4493,151,4644
4481,163,4644
4463,181,4644
4451,193,4644
4447,197,4644
4421,223,4644
4373,271,4644
4363,281,4644
4337,307,4644
4327,317,4644
4297,347,4644
4271,373,4644
4261,383,4644
4243,401,4644
4211,433,4644
4201,443,4644
4177,467,4644
4157,487,4644
4153,491,4644
4073,571,4644
4057,587,4644
4051,593,4644
4027,617,4644
4013,631,4644
4003,641,4644
4001,643,4644
3967,677,4644
3943,701,4644
3917,727,4644
3911,733,4644
3847,797,4644
3833,811,4644
3823,821,4644
3821,823,4644
3767,877,4644
3761,883,4644
3733,911,4644
3697,947,4644
3691,953,4644
3677,967,4644
3673,971,4644
3631,1013,4644
3623,1021,4644
3613,1031,4644
3593,1051,4644
3583,1061,4644
3581,1063,4644
3557,1087,4644
3547,1097,4644
3541,1103,4644
3527,1117,4644
3491,1153,4644
3463,1181,4644
3457,1187,4644
3413,1231,4644
3407,1237,4644
3361,1283,4644
3347,1297,4644
3343,1301,4644
3323,1321,4644
3271,1373,4644
3221,1423,4644
3217,1427,4644
3191,1453,4644
3163,1481,4644
3121,1523,4644
3061,1583,4644
3037,1607,4644
3023,1621,4644
2903,1741,4644
2897,1747,4644
2861,1783,4644
2857,1787,4644
2843,1801,4644
2833,1811,4644
2797,1847,4644
2777,1867,4644
2767,1877,4644
2731,1913,4644
2713,1931,4644
2711,1933,4644
2693,1951,4644
2671,1973,4644
2657,1987,4644
2647,1997,4644
2633,2011,4644
2617,2027,4644
2591,2053,4644
2557,2087,4644
2531,2113,4644
2503,2141,4644
2441,2203,4644
2437,2207,4644
2423,2221,4644
2393,2251,4644
2377,2267,4644
2371,2273,4644
2357,2287,4644
2351,2293,4644
2347,2297,4644
2333,2311,4644
4643,3,4646
4639,7,4646
4603,43,4646
4567,79,4646
4549,97,4646
4519,127,4646
4507,139,4646
4483,163,4646
4447,199,4646
4423,223,4646
4363,283,4646
4339,307,4646
4297,349,4646
4273,373,4646
4159,487,4646
4099,547,4646
4027,619,4646
4003,643,4646
3919,727,4646
3907,739,4646
3889,757,4646
3877,769,4646
3823,823,4646
3793,853,4646
3769,877,4646
3739,907,4646
3727,919,4646
3709,937,4646
3637,1009,4646
3613,1033,4646
3607,1039,4646
3583,1063,4646
3559,1087,4646
3529,1117,4646
3517,1129,4646
3433,1213,4646
3343,1303,4646
3319,1327,4646
3217,1429,4646
3187,1459,4646
3163,1483,4646
3079,1567,4646
3067,1579,4646
3049,1597,4646
3037,1609,4646
3019,1627,4646
2953,1693,4646
2887,1759,4646
2857,1789,4646
2767,1879,4646
2713,1933,4646
2659,1987,4646
2647,1999,4646
2617,2029,4646
2593,2053,4646
2557,2089,4646
2503,2143,4646
2467,2179,4646
2377,2269,4646
4643,5,4648
4637,11,4648
4547,101,4648
4517,131,4648
4481,167,4648
4457,191,4648
4451,197,4648
4421,227,4648
4409,239,4648
4397,251,4648
4391,257,4648
4337,311,4648
4289,359,4648
4259,389,4648
4229,419,4648
4217,431,4648
4157,491,4648
4139,509,4648
4127,521,4648
4091,557,4648
4079,569,4648
4049,599,4648
4007,641,4648
4001,647,4648
3989,659,4648
3947,701,4648
3929,719,4648
3851,797,4648
3821,827,4648
3767,881,4648
3761,887,4648
3719,929,4648
3701,947,4648
3677,971,4648
3671,977,4648
3617,1031,4648
3557,1091,4648
3539,1109,4648
3467,1181,4648
3461,1187,4648
3389,1259,4648
3371,1277,4648
3359,1289,4648
3347,1301,4648
3329,1319,4648
3221,1427,4648
3209,1439,4648
3167,1481,4648
3137,1511,4648
3089,1559,4648
3041,1607,4648
3011,1637,4648
2939,1709,4648
2927,1721,4648
2861,1787,4648
2837,1811,4648
2801,1847,4648
2777,1871,4648
2741,1907,4648
2699,1949,4648
2621,2027,4648
2609,2039,4648
2579,2069,4648
2549,2099,4648
2441,2207,4648
2411,2237,4648
2381,2267,4648
2351,2297,4648
2339,2309,4648
4643,7,4650
4639,11,4650
4637,13,4650
4621,29,4650
4603,47,4650
4597,53,4650
4591,59,4650
4583,67,4650
4567,83,4650
4561,89,4650
4549,101,4650
4547,103,4650
4523,127,4650
4519,131,4650
4513,137,4650
4493,157,4650
4483,167,4650
4457,193,4650
4451,199,4650
4423,227,4650
4421,229,4650
4409,241,4650
4373,277,4650
4357,293,4650
4339,311,4650
4337,313,4650
4297,353,4650
4283,367,4650
4271,379,4650
4261,389,4650
4253,397,4650
4241,409,4650
4231,419,4650
4229,421,4650
4219,431,4650
4217,433,4650
4211,439,4650
4201,449,4650
4159,491,4650
4129,521,4650
4127,523,4650
4093,557,4650
4079,571,4650
4073,577,4650
4057,593,4650
4051,599,4650
4049,601,4650
4019,631,4650
4007,643,4650
4003,647,4650
3989,661,4650
3967,683,4650
3931,719,4650
3923,727,4650
3917,733,4650
3911,739,4650
3907,743,4650
3889,761,4650
3881,769,4650
3877,773,4650
3863,787,4650
3853,797,4650
3823,827,4650
3821,829,4650
3797,853,4650
3793,857,4650
3769,881,4650
3767,883,4650
3739,911,4650
3709,941,4650
3697,953,4650
3673,977,4650
3659,991,4650
3637,1013,4650
3631,1019,4650
3617,1033,4650
3581,1069,4650
3559,1091,4650
3557,1093,4650
3547,1103,4650
3541,1109,4650
3533,1117,4650
3527,1123,4650
3499,1151,4650
3469,1181,4650
3463,1187,4650
3457,1193,4650
3449,1201,4650
3433,1217,4650
3413,1237,4650
3391,1259,4650
3373,1277,4650
3371,1279,4650
3361,1289,4650
3359,1291,4650
3347,1303,4650
3343,1307,4650
3331,1319,4650
3329,1321,4650
3323,1327,4650
3251,1399,4650
3221,1429,4650
3217,1433,4650
3203,1447,4650
3191,1459,4650
3169,1481,4650
3167,1483,4650
3163,1487,4650
3119,1531,4650
3083,1567,4650
3079,1571,4650
3067,1583,4650
3049,1601,4650
3041,1609,4650
3037,1613,4650
3023,1627,4650
2957,1693,4650
2953,1697,4650
2927,1723,4650
2917,1733,4650
2909,1741,4650
2903,1747,4650
2897,1753,4650
2861,1789,4650
2819,1831,4650
2803,1847,4650
2789,1861,4650
2777,1873,4650
2749,1901,4650
2719,1931,4650
2699,1951,4650
2677,1973,4650
2671,1979,4650
2663,1987,4650
2657,1993,4650
2647,2003,4650
2633,2017,4650
2621,2029,4650
2551,2099,4650
2539,2111,4650
2521,2129,4650
2447,2203,4650
2437,2213,4650
2411,2239,4650
2399,2251,4650
2383,2267,4650
2381,2269,4650
2377,2273,4650
2357,2293,4650
2341,2309,4650
2339,2311,4650
4649,3,4652
4639,13,4652
4621,31,4652
4591,61,4652
4549,103,4652
4513,139,4652
4441,211,4652
4423,229,4652
4339,313,4652
4273,379,4652
4243,409,4652
4231,421,4652
4219,433,4652
4153,499,4652
4129,523,4652
4111,541,4652
4051,601,4652
4021,631,4652
3943,709,4652
3919,733,4652
3823,829,4652
3793,859,4652
3769,883,4652
3733,919,4652
3643,1009,4652
3631,1021,4652
3613,1039,4652
3583,1069,4652
3559,1093,4652
3529,1123,4652
3499,1153,4652
3373,1279,4652
3361,1291,4652
3331,1321,4652
3271,1381,4652
3253,1399,4652
3229,1423,4652
3181,1471,4652
3169,1483,4652
3163,1489,4652
3121,1531,4652
3109,1543,4652
2953,1699,4652
2851,1801,4652
2791,1861,4652
2719,1933,4652
2659,1993,4652
2539,2113,4652
2521,2131,4652
2473,2179,4652
2383,2269,4652
2371,2281,4652
2341,2311,4652
4651,3,4654
4649,5,4654
4643,11,4654
4637,17,4654
4583,71,4654
4547,107,4654
4523,131,4654
4517,137,4654
4481,173,4654
4463,191,4654
4457,197,4654
4421,233,4654
4397,257,4654
4391,263,4654
4373,281,4654
4337,317,4654
4271,383,4654
4253,401,4654
4211,443,4654
4133,521,4654
4091,563,4654
4013,641,4654
4007,647,4654
4001,653,4654
3911,743,4654
3881,773,4654
3833,821,4654
3797,857,4654
3767,887,4654
3701,953,4654
3677,977,4654
3671,983,4654
3623,1031,4654
3593,1061,4654
3557,1097,4654
3491,1163,4654
3467,1187,4654
3461,1193,4654
3371,1283,4654
3347,1307,4654
3221,1433,4654
3203,1451,4654
3167,1487,4654
3083,1571,4654
3041,1613,4654
2957,1697,4654
2843,1811,4654
2777,1877,4654
2753,1901,4654
2741,1913,4654
2657,1997,4654
2591,2063,4654
2543,2111,4654
2447,2207,4654
2441,2213,4654
2417,2237,4654
2411,2243,4654
2381,2273,4654
2357,2297,4654
4651,5,4656
4649,7,4656
4643,13,4656
4639,17,4656
4637,19,4656
4603,53,4656
4597,59,4656
4583,73,4656
4567,89,4656
4549,107,4656
4547,109,4656
4519,137,4656
4517,139,4656
4507,149,4656
4493,163,4656
4483,173,4656
4463,193,4656
4457,199,4656
4423,233,4656
4373,283,4656
4363,293,4656
4349,307,4656
4339,317,4656
4297,359,4656
4289,367,4656
4283,373,4656
4273,383,4656
4259,397,4656
4217,439,4656
4177,479,4656
4157,499,4656
4153,503,4656
4133,523,4656
4099,557,4656
4093,563,4656
4079,577,4656
4057,599,4656
4049,607,4656
4013,643,4656
4003,653,4656
3947,709,4656
3929,727,4656
3923,733,4656
3917,739,4656
3847,809,4656
3833,823,4656
3803,853,4656
3797,859,4656
3793,863,4656
3779,877,4656
3769,887,4656
3727,929,4656
3719,937,4656
3709,947,4656
3673,983,4656
3659,997,4656
3643,1013,4656
3637,1019,4656
3623,1033,4656
3617,1039,4656
3607,1049,4656
3593,1063,4656
3559,1097,4656
3547,1109,4656
3539,1117,4656
3533,1123,4656
3527,1129,4656
3469,1187,4656
3463,1193,4656
3433,1223,4656
3407,1249,4656
3373,1283,4656
3359,1297,4656
3329,1327,4656
3257,1399,4656
3229,1427,4656
3217,1439,4656
3209,1447,4656
3203,1453,4656
3169,1487,4656
3167,1489,4656
3163,1493,4656
3089,1567,4656
3049,1607,4656
3037,1619,4656
3019,1637,4656
2999,1657,4656
2963,1693,4656
2957,1699,4656
2909,1747,4656
2903,1753,4656
2897,1759,4656
2879,1777,4656
2833,1823,4656
2789,1867,4656
2777,1879,4656
2767,1889,4656
2749,1907,4656
2707,1949,4656
2683,1973,4656
2677,1979,4656
2663,1993,4656
2659,1997,4656
2657,1999,4656
2617,2039,4656
2593,2063,4656
2557,2099,4656
2543,2113,4656
2503,2153,4656
2477,2179,4656
2417,2239,4656
2389,2267,4656
2383,2273,4656
2347,2309,4656
4651,7,4658
4639,19,4658
4621,37,4658
4597,61,4658
4591,67,4658
4561,97,4658
4549,109,4658
4519,139,4658
4507,151,4658
4447,211,4658
4327,331,4658
4261,397,4658
4219,439,4658
4201,457,4658
4159,499,4658
4111,547,4658
4057,601,4658
4051,607,4658
4027,631,4658
3967,691,4658
3931,727,4658
3919,739,4658
3907,751,4658
3889,769,4658
3847,811,4658
3739,919,4658
3691,967,4658
3637,1021,4658
3607,1051,4658
3571,1087,4658
3541,1117,4658
3529,1129,4658
3457,1201,4658
3361,1297,4658
3331,1327,4658
3259,1399,4658
3229,1429,4658
3187,1471,4658
3169,1489,4658
3109,1549,4658
3079,1579,4658
3061,1597,4658
3049,1609,4658
3037,1621,4658
3001,1657,4658
2917,1741,4658
2857,1801,4658
2797,1861,4658
2791,1867,4658
2707,1951,4658
2671,1987,4658
2659,1999,4658
2647,2011,4658
2521,2137,4658
2437,2221,4658
2389,2269,4658
2377,2281,4658
2371,2287,4658
2347,2311,4658
4657,3,4660
4649,11,4660
4643,17,4660
4637,23,4660
4547,113,4660
4523,137,4660
4493,167,4660
4481,179,4660
4463,197,4660
4421,239,4660
4409,251,4660
4397,263,4660
4391,269,4660
4349,311,4660
4271,389,4660
4259,401,4660
4241,419,4660
4229,431,4660
4217,443,4660
4211,449,4660
4157,503,4660
4139,521,4660
4091,569,4660
4073,587,4660
4019,641,4660
4013,647,4660
4007,653,4660
4001,659,4660
3917,743,4660
3863,797,4660
3851,809,4660
3833,827,4660
3821,839,4660
3803,857,4660
3797,863,4660
3779,881,4660
3719,941,4660
3677,983,4660
3557,1103,4660
3467,1193,4660
3371,1289,4660
3359,1301,4660
3299,1361,4660
3251,1409,4660
3221,1439,4660
3209,1451,4660
3167,1493,4660
3137,1523,4660
3089,1571,4660
3041,1619,4660
3023,1637,4660
2963,1697,4660
2939,1721,4660
2927,1733,4660
2837,1823,4660
2789,1871,4660
2753,1907,4660
2729,1931,4660
2711,1949,4660
2687,1973,4660
2663,1997,4660
2657,2003,4660
2633,2027,4660
2621,2039,4660
2591,2069,4660
2579,2081,4660
2549,2111,4660
2531,2129,4660
2447,2213,4660
2423,2237,4660
2417,2243,4660
2393,2267,4660
2351,2309,4660
4657,5,4662
4651,11,4662
4649,13,4662
4643,19,4662
4639,23,4662
4621,41,4662
4603,59,4662
4591,71,4662
4583,79,4662
4561,101,4662
4549,113,4662
4523,139,4662
4513,149,4662
4483,179,4662
4481,181,4662
4463,199,4662
4451,211,4662
4423,239,4662
4421,241,4662
4391,271,4662
4349,313,4662
4289,373,4662
4283,379,4662
4273,389,4662
4261,401,4662
4253,409,4662
4243,419,4662
4241,421,4662
4231,431,4662
4229,433,4662
4219,443,4662
4201,461,4662
4159,503,4662
4153,509,4662
4139,523,4662
4099,563,4662
4093,569,4662
4091,571,4662
4049,613,4662
4021,641,4662
4019,643,4662
4003,659,4662
4001,661,4662
3989,673,4662
3943,719,4662
3929,733,4662
3923,739,4662
3919,743,4662
3911,751,4662
3889,773,4662
3853,809,4662
3851,811,4662
3833,829,4662
3823,839,4662
3803,859,4662
3779,883,4662
3733,929,4662
3709,953,4662
3691,971,4662
3671,991,4662
3643,1019,4662
3631,1031,4662
3623,1039,4662
3613,1049,4662
3593,1069,4662
3571,1091,4662
3559,1103,4662
3539,1123,4662
3533,1129,4662
3511,1151,4662
3499,1163,4662
3491,1171,4662
3469,1193,4662
3461,1201,4662
3449,1213,4662
3433,1229,4662
3413,1249,4662
3373,1289,4662
3371,1291,4662
3361,1301,4662
3359,1303,4662
3343,1319,4662
3301,1361,4662
3253,1409,4662
3229,1433,4662
3209,1453,4662
3203,1459,4662
3191,1471,4662
3181,1481,4662
3169,1493,4662
3163,1499,4662
3119,1543,4662
3109,1553,4662
3083,1579,4662
3079,1583,4662
3061,1601,4662
3049,1613,4662
3041,1621,4662
2999,1663,4662
2969,1693,4662
2963,1699,4662
2953,1709,4662
2939,1723,4662
2909,1753,4662
2903,1759,4662
2879,1783,4662
2861,1801,4662
2851,1811,4662
2801,1861,4662
2791,1871,4662
2789,1873,4662
2749,1913,4662
2731,1931,4662
2729,1933,4662
2713,1949,4662
2711,1951,4662
2689,1973,4662
2683,1979,4662
2663,1999,4662
2659,2003,4662
2633,2029,4662
2609,2053,4662
2593,2069,4662
2579,2083,4662
2551,2111,4662
2549,2113,4662
2531,2131,4662
2521,2141,4662
2459,2203,4662
2441,2221,4662
2423,2239,4662
2411,2251,4662
2393,2269,4662
2389,2273,4662
2381,2281,4662
2351,2311,4662
4657,7,4664
4651,13,4664
4621,43,4664
4603,61,4664
4597,67,4664
4591,73,4664
4567,97,4664
4561,103,4664
4513,151,4664
4507,157,4664
4483,181,4664
4441,223,4664
4423,241,4664
4357,307,4664
4327,337,4664
4297,367,4664
4243,421,4664
4231,433,4664
4201,463,4664
4177,487,4664
4093,571,4664
4057,607,4664
4051,613,4664
4021,643,4664
4003,661,4664
3931,733,4664
3907,757,4664
3877,787,4664
3853,811,4664
3727,937,4664
3697,967,4664
3673,991,4664
3643,1021,4664
3631,1033,4664
3613,1051,4664
3571,1093,4664
3547,1117,4664
3541,1123,4664
3511,1153,4664
3463,1201,4664
3433,1231,4664
3373,1291,4664
3361,1303,4664
3343,1321,4664
3217,1447,4664
3181,1483,4664
3121,1543,4664
3067,1597,4664
3037,1627,4664
3001,1663,4664
2971,1693,4664
2917,1747,4664
2887,1777,4664
2833,1831,4664
2803,1861,4664
2797,1867,4664
2791,1873,4664
2731,1933,4664
2713,1951,4664
2677,1987,4664
2671,1993,4664
2647,2017,4664
2551,2113,4664
2521,2143,4664
2503,2161,4664
2383,2281,4664
2377,2287,4664
2371,2293,4664
4663,3,4666
4649,17,4666
4643,23,4666
4637,29,4666
4583,83,4666
4517,149,4666
4493,173,4666
4409,257,4666
4397,269,4666
4373,293,4666
4349,317,4666
4283,383,4666
4217,449,4666
4157,509,4666
4079,587,4666
4073,593,4666
4049,617,4666
4019,647,4666
4013,653,4666
4007,659,4666
3989,677,4666
3947,719,4666
3923,743,4666
3803,863,4666
3779,887,4666
3719,947,4666
3617,1049,4666
3557,1109,4666
3449,1217,4666
3407,1259,4666
3389,1277,4666
3359,1307,4666
3347,1319,4666
3299,1367,4666
3257,1409,4666
3167,1499,4666
3083,1583,4666
2999,1667,4666
2969,1697,4666
2957,1709,4666
2879,1787,4666
2843,1823,4666
2819,1847,4666
2789,1877,4666
2777,1889,4666
2753,1913,4666
2693,1973,4666
2687,1979,4666
2663,2003,4666
2579,2087,4666
2459,2207,4666
2423,2243,4666
2399,2267,4666
2393,2273,4666
2357,2309,4666
2333,2333,4666
4663,5,4668
4657,11,4668
4651,17,4668
4649,19,4668
4639,29,4668
4637,31,4668
4621,47,4668
4597,71,4668
4567,101,4668
4561,107,4668
4519,149,4668
4517,151,4668
4457,211,4668
4441,227,4668
4397,271,4668
4391,277,4668
4357,311,4668
4337,331,4668
4289,379,4668
4271,397,4668
4259,409,4668
4229,439,4668
4219,449,4668
4211,457,4668
4201,467,4668
4177,491,4668
4159,509,4668
4127,541,4668
4111,557,4668
4099,569,4668
4091,577,4668
4051,617,4668
4049,619,4668
4027,641,4668
4021,647,4668
4007,661,4668
3967,701,4668
3929,739,4668
3917,751,4668
3911,757,4668
3907,761,4668
3881,787,4668
3847,821,4668
3761,907,4668
3739,929,4668
3727,941,4668
3701,967,4668
3697,971,4668
3691,977,4668
3677,991,4668
3671,997,4668
3659,1009,4668
3637,1031,4668
3617,1051,4668
3607,1061,4668
3581,1087,4668
3571,1097,4668
3559,1109,4668
3539,1129,4668
3517,1151,4668
3467,1201,4668
3391,1277,4668
3389,1279,4668
3371,1297,4668
3361,1307,4668
3347,1321,4668
3307,1361,4668
3301,1367,4668
3259,1409,4668
3229,1439,4668
3221,1447,4668
3217,1451,4668
3209,1459,4668
3187,1481,4668
3181,1487,4668
3169,1499,4668
3137,1531,4668
3119,1549,4668
3109,1559,4668
3089,1579,4668
3067,1601,4668
3061,1607,4668
3049,1619,4668
3041,1627,4668
3011,1657,4668
3001,1667,4668
2999,1669,4668
2971,1697,4668
2969,1699,4668
2927,1741,4668
2909,1759,4668
2879,1789,4668
2857,1811,4668
2837,1831,4668
2801,1867,4668
2797,1871,4668
2791,1877,4668
2789,1879,4668
2767,1901,4668
2719,1949,4668
2689,1979,4668
2671,1997,4668
2657,2011,4668
2579,2089,4668
2557,2111,4668
2539,2129,4668
2531,2137,4668
2447,2221,4668
2417,2251,4668
2399,2269,4668
2381,2287,4668
2371,2297,4668
2357,2311,4668
4663,7,4670
4657,13,4670
4651,19,4670
4639,31,4670
4603,67,4670
4597,73,4670
4591,79,4670
4567,103,4670
4561,109,4670
4519,151,4670
4513,157,4670
4507,163,4670
4447,223,4670
4441,229,4670
4363,307,4670
4357,313,4670
4339,331,4670
4297,373,4670
4273,397,4670
4261,409,4670
4231,439,4670
4129,541,4670
4099,571,4670
4093,577,4670
4057,613,4670
4051,619,4670
4027,643,4670
3943,727,4670
3931,739,4670
3919,751,4670
3847,823,4670
3793,877,4670
3733,937,4670
3673,997,4670
3637,1033,4670
3631,1039,4670
3607,1063,4670
3583,1087,4670
3547,1123,4670
3541,1129,4670
3517,1153,4670
3499,1171,4670
3469,1201,4670
3457,1213,4670
3433,1237,4670
3391,1279,4670
3373,1297,4670
3343,1327,4670
3271,1399,4670
3217,1453,4670
3187,1483,4670
3181,1489,4670
3121,1549,4670
3061,1609,4670
3049,1621,4670
3001,1669,4670
2971,1699,4670
2917,1753,4670
2887,1783,4670
2803,1867,4670
2797,1873,4670
2791,1879,4670
2719,1951,4670
2683,1987,4670
2677,1993,4670
2671,1999,4670
2659,2011,4670
2617,2053,4670
2557,2113,4670
2539,2131,4670
2467,2203,4670
2389,2281,4670
2383,2287,4670
2377,2293,4670
4649,23,4672
4643,29,4672
4583,89,4672
4523,149,4672
4493,179,4672
4481,191,4672
4421,251,4672
4409,263,4672
4391,281,4672
4289,383,4672
4283,389,4672
4271,401,4672
4253,419,4672
4241,431,4672
4229,443,4672
4211,461,4672
4079,593,4672
4073,599,4672
4019,653,4672
4013,659,4672
3989,683,4672
3929,743,4672
3911,761,4672
3863,809,4672
3851,821,4672
3833,839,4672
3761,911,4672
3719,953,4672
3701,971,4672
3659,1013,4672
3623,1049,4672
3581,1091,4672
3491,1181,4672
3449,1223,4672
3413,1259,4672
3389,1283,4672
3371,1301,4672
3299,1373,4672
3221,1451,4672
3191,1481,4672
3119,1553,4672
3089,1583,4672
2963,1709,4672
2939,1733,4672
2861,1811,4672
2801,1871,4672
2741,1931,4672
2699,1973,4672
2693,1979,4672
2633,2039,4672
2609,2063,4672
2591,2081,4672
2543,2129,4672
2531,2141,4672
2459,2213,4672
2399,2273,4672
2339,2333,4672
4663,11,4674
4657,17,4674
4651,23,4674
4643,31,4674
4637,37,4674
4621,53,4674
4603,71,4674
4591,83,4674
4567,107,4674
4561,113,4674
4547,127,4674
4523,151,4674
4517,157,4674
4507,167,4674
4493,181,4674
4483,191,4674
4481,193,4674
4463,211,4674
4451,223,4674
4447,227,4674
4441,233,4674
4423,251,4674
4397,277,4674
4391,283,4674
4363,311,4674
4357,317,4674
4337,337,4674
4327,347,4674
4273,401,4674
4253,421,4674
4243,431,4674
4241,433,4674
4231,443,4674
4217,457,4674
4211,463,4674
4153,521,4674
4133,541,4674
4127,547,4674
4111,563,4674
4073,601,4674
4057,617,4674
4027,647,4674
4021,653,4674
4013,661,4674
4001,673,4674
3947,727,4674
3931,743,4674
3923,751,4674
3917,757,4674
3877,797,4674
3863,811,4674
3853,821,4674
3851,823,4674
3847,827,4674
3821,853,4674
3797,877,4674
3793,881,4674
3767,907,4674
3733,941,4674
3727,947,4674
3697,977,4674
3691,983,4674
3677,997,4674
3643,1031,4674
3623,1051,4674
3613,1061,4674
3583,1091,4674
3581,1093,4674
3571,1103,4674
3557,1117,4674
3511,1163,4674
3461,1213,4674
3457,1217,4674
3391,1283,4674
3373,1301,4674
3371,1303,4674
3347,1327,4674
3313,1361,4674
3307,1367,4674
3301,1373,4674
3251,1423,4674
3221,1453,4674
3203,1471,4674
3191,1483,4674
3187,1487,4674
3181,1493,4674
3163,1511,4674
3121,1553,4674
3067,1607,4674
3061,1613,4674
3037,1637,4674
3011,1663,4674
2953,1721,4674
2927,1747,4674
2897,1777,4674
2887,1787,4674
2851,1823,4674
2843,1831,4674
2803,1871,4674
2801,1873,4674
2797,1877,4674
2767,1907,4674
2741,1933,4674
2687,1987,4674
2677,1997,4674
2671,2003,4674
2663,2011,4674
2657,2017,4674
2647,2027,4674
2621,2053,4674
2593,2081,4674
2591,2083,4674
2543,2131,4674
2531,2143,4674
2521,2153,4674
2467,2207,4674
2437,2237,4674
2423,2251,4674
2393,2281,4674
2381,2293,4674
2377,2297,4674
2341,2333,4674
4673,3,4676
4663,13,4676
4657,19,4676
4639,37,4676
4603,73,4676
4597,79,4676
4567,109,4676
4549,127,4676
4519,157,4676
4513,163,4676
4483,193,4676
4447,229,4676
4363,313,4676
4339,337,4676
4327,349,4676
4297,379,4676
4243,433,4676
4219,457,4676
4177,499,4676
4153,523,4676
4129,547,4676
4099,577,4676
4057,619,4676
4003,673,4676
3967,709,4676
3943,733,4676
3919,757,4676
3907,769,4676
3889,787,4676
3853,823,4676
3847,829,4676
3823,853,4676
3793,883,4676
3769,907,4676
3739,937,4676
3709,967,4676
3643,1033,4676
3637,1039,4676
3613,1063,4676
3607,1069,4676
3583,1093,4676
3559,1117,4676
3547,1129,4676
3463,1213,4676
3373,1303,4676
3253,1423,4676
3229,1447,4676
3217,1459,4676
3187,1489,4676
3109,1567,4676
3079,1597,4676
3067,1609,4676
3049,1627,4676
3019,1657,4676
2953,1723,4676
2917,1759,4676
2887,1789,4676
2803,1873,4676
2797,1879,4676
2689,1987,4676
2683,1993,4676
2677,1999,4676
2659,2017,4676
2647,2029,4676
2593,2083,4676
2539,2137,4676
2473,2203,4676
2437,2239,4676
2389,2287,4676
2383,2293,4676
4673,5,4678
4649,29,4678
4637,41,4678
4547,131,4678
4481,197,4678
4451,227,4678
4421,257,4678
4409,269,4678
4397,281,4678
4289,389,4678
4259,419,4678
4229,449,4678
4217,461,4678
4211,467,4678
4157,521,4678
4091,587,4678
4079,599,4678
4019,659,4678
4001,677,4678
3917,761,4678
3881,797,4678
3851,827,4678
3821,857,4678
3797,881,4678
3767,911,4678
3701,977,4678
3659,1019,4678
3617,1061,4678
3581,1097,4678
3527,1151,4678
3491,1187,4678
3461,1217,4678
3449,1229,4678
3389,1289,4678
3371,1307,4678
3359,1319,4678
3251,1427,4678
3191,1487,4678
3167,1511,4678
3119,1559,4678
3041,1637,4678
3011,1667,4678
2969,1709,4678
2957,1721,4678
2801,1877,4678
2789,1889,4678
2777,1901,4678
2729,1949,4678
2699,1979,4678
2609,2069,4678
2591,2087,4678
2579,2099,4678
2549,2129,4678
2441,2237,4678
2411,2267,4678
2381,2297,4678
2339,2339,4678
4673,7,4680
4663,17,4680
4657,23,4680
4651,29,4680
4649,31,4680
4643,37,4680
4639,41,4680
4637,43,4680
4621,59,4680
4597,83,4680
4591,89,4680
4583,97,4680
4567,113,4680
4549,131,4680
4523,157,4680
4517,163,4680
4513,167,4680
4507,173,4680
4483,197,4680
4481,199,4680
4457,223,4680
4451,229,4680
4447,233,4680
4441,239,4680
4423,257,4680
4409,271,4680
4397,283,4680
4373,307,4680
4363,317,4680
4349,331,4680
4327,353,4680
4297,383,4680
4283,397,4680
4271,409,4680
4261,419,4680
4259,421,4680
4241,439,4680
4231,449,4680
4219,461,4680
4217,463,4680
4201,479,4680
4177,503,4680
4159,521,4680
4157,523,4680
4139,541,4680
4133,547,4680
4111,569,4680
4093,587,4680
4079,601,4680
4073,607,4680
4049,631,4680
4027,653,4680
4021,659,4680
4019,661,4680
4007,673,4680
4003,677,4680
3989,691,4680
3947,733,4680
3929,751,4680
3923,757,4680
3919,761,4680
3911,769,4680
3907,773,4680
3853,827,4680
3851,829,4680
3823,857,4680
3821,859,4680
3803,877,4680
3797,883,4680
3793,887,4680
3769,911,4680
3761,919,4680
3739,941,4680
3733,947,4680
3727,953,4680
3709,971,4680
3697,983,4680
3671,1009,4680
3659,1021,4680
3631,1049,4680
3617,1063,4680
3593,1087,4680
3583,1097,4680
3571,1109,4680
3557,1123,4680
3529,1151,4680
3527,1153,4680
3517,1163,4680
3499,1181,4680
3467,1213,4680
3463,1217,4680
3457,1223,4680
3449,1231,4680
3391,1289,4680
3389,1291,4680
3373,1307,4680
3361,1319,4680
3359,1321,4680
3319,1361,4680
3313,1367,4680
3307,1373,4680
3299,1381,4680
3271,1409,4680
3257,1423,4680
3253,1427,4680
3251,1429,4680
3229,1451,4680
3221,1459,4680
3209,1471,4680
3191,1489,4680
3187,1493,4680
3181,1499,4680
3169,1511,4680
3137,1543,4680
3121,1559,4680
3109,1571,4680
3083,1597,4680
3079,1601,4680
3067,1613,4680
3061,1619,4680
3023,1657,4680
3011,1669,4680
2971,1709,4680
2957,1723,4680
2939,1741,4680
2927,1753,4680
2903,1777,4680
2897,1783,4680
2879,1801,4680
2857,1823,4680
2833,1847,4680
2819,1861,4680
2803,1877,4680
2801,1879,4680
2791,1889,4680
2767,1913,4680
2749,1931,4680
2731,1949,4680
2729,1951,4680
2707,1973,4680
2693,1987,4680
2687,1993,4680
2683,1997,4680
2677,2003,4680
2663,2017,4680
2617,2063,4680
2593,2087,4680
2591,2089,4680
2551,2129,4680
2549,2131,4680
2543,2137,4680
2539,2141,4680
2477,2203,4680
2473,2207,4680
2467,2213,4680
2459,2221,4680
2441,2239,4680
2437,2243,4680
2411,2269,4680
2399,2281,4680
2393,2287,4680
2383,2297,4680
2371,2309,4680
2347,2333,4680
2341,2339,4680
4679,3,4682
4663,19,4682
4651,31,4682
4639,43,4682
4621,61,4682
4603,79,4682
4519,163,4682
4483,199,4682
4441,241,4682
4273,409,4682
4261,421,4682
4243,439,4682
4219,463,4682
4159,523,4682
4111,571,4682
4051,631,4682
4021,661,4682
3943,739,4682
3931,751,4682
3853,829,4682
3823,859,4682
3691,991,4682
3673,1009,4682
3643,1039,4682
3631,1051,4682
3613,1069,4682
3559,1123,4682
3529,1153,4682
3511,1171,4682
3469,1213,4682
3433,1249,4682
3391,1291,4682
3361,1321,4682
3301,1381,4682
3259,1423,4682
3253,1429,4682
3229,1453,4682
3061,1621,4682
3019,1663,4682
2851,1831,4682
2803,1879,4682
2749,1933,4682
2731,1951,4682
2689,1993,4682
2683,1999,4682
2671,2011,4682
2593,2089,4682
2551,2131,4682
2539,2143,4682
2521,2161,4682
2503,2179,4682
2389,2293,4682
2371,2311,4682
2341,2341,4682
4679,5,4684
4673,11,4684
4643,41,4684
4637,47,4684
4583,101,4684
4547,137,4684
4517,167,4684
4493,191,4684
4457,227,4684
4451,233,4684
4421,263,4684
4391,293,4684
4373,311,4684
4337,347,4684
4283,401,4684
4253,431,4684
4241,443,4684
4217,467,4684
4127,557,4684
4091,593,4684
4007,677,4684
4001,683,4684
3923,761,4684
3911,773,4684
3863,821,4684
3821,863,4684
3803,881,4684
3797,887,4684
3701,983,4684
3671,1013,4684
3623,1061,4684
3593,1091,4684
3581,1103,4684
3533,1151,4684
3491,1193,4684
3467,1217,4684
3461,1223,4684
3407,1277,4684
3323,1361,4684
3257,1427,4684
3251,1433,4684
3203,1481,4684
3191,1493,4684
3083,1601,4684
2963,1721,4684
2897,1787,4684
2861,1823,4684
2837,1847,4684
2777,1907,4684
2753,1931,4684
2711,1973,4684
2687,1997,4684
2657,2027,4684
2621,2063,4684
2543,2141,4684
2531,2153,4684
2477,2207,4684
2447,2237,4684
2441,2243,4684
2417,2267,4684
2411,2273,4684
2351,2333,4684
4679,7,4686
4673,13,4686
4663,23,4686
4657,29,4686
4649,37,4686
4643,43,4686
4639,47,4686
4603,83,4686
4597,89,4686
4583,103,4686
4549,137,4686
4547,139,4686
4523,163,4686
4519,167,4686
4513,173,4686
4507,179,4686
4493,193,4686
4463,223,4686
4457,229,4686
4447,239,4686
4423,263,4686
4409,277,4686
4373,313,4686
4349,337,4686
4339,347,4686
4337,349,4686
4327,359,4686
4297,389,4686
4289,397,4686
4253,433,4686
4243,443,4686
4229,457,4686
4219,467,4686
4177,509,4686
4139,547,4686
4129,557,4686
4099,587,4686
4093,593,4686
4079,607,4686
4073,613,4686
4027,659,4686
4013,673,4686
4003,683,4686
3967,719,4686
3947,739,4686
3943,743,4686
3929,757,4686
3917,769,4686
3889,797,4686
3877,809,4686
3863,823,4686
3847,839,4686
3833,853,4686
3823,863,4686
3803,883,4686
3779,907,4686
3767,919,4686
3739,947,4686
3733,953,4686
3719,967,4686
3709,977,4686
3677,1009,4686
3673,1013,4686
3637,1049,4686
3623,1063,4686
3617,1069,4686
3593,1093,4686
3583,1103,4686
3557,1129,4686
3533,1153,4686
3499,1187,4686
3469,1217,4686
3463,1223,4686
3457,1229,4686
3449,1237,4686
3407,1279,4686
3389,1297,4686
3359,1327,4686
3319,1367,4686
3313,1373,4686
3259,1427,4686
3257,1429,4686
3253,1433,4686
3203,1483,4686
3187,1499,4686
3163,1523,4686
3137,1549,4686
3119,1567,4686
3089,1597,4686
3079,1607,4686
3067,1619,4686
3049,1637,4686
3023,1663,4686
3019,1667,4686
2963,1723,4686
2953,1733,4686
2939,1747,4686
2927,1759,4686
2909,1777,4686
2903,1783,4686
2897,1789,4686
2819,1867,4686
2797,1889,4686
2753,1933,4686
2713,1973,4686
2707,1979,4686
2699,1987,4686
2693,1993,4686
2689,1997,4686
2687,1999,4686
2683,2003,4686
2659,2027,4686
2657,2029,4686
2647,2039,4686
2633,2053,4686
2617,2069,4686
2557,2129,4686
2549,2137,4686
2543,2143,4686
2473,2213,4686
2447,2239,4686
2417,2269,4686
2399,2287,4686
2393,2293,4686
2389,2297,4686
2377,2309,4686
2347,2339,4686
4657,31,4688
4651,37,4688
4621,67,4688
4591,97,4688
4561,127,4688
4549,139,4688
4507,181,4688
4447,241,4688
4357,331,4688
4339,349,4688
4231,457,4688
4201,487,4688
4111,577,4688
4057,631,4688
4027,661,4688
3931,757,4688
3919,769,4688
3877,811,4688
3769,919,4688
3697,991,4688
3691,997,4688
3637,1051,4688
3571,1117,4688
3559,1129,4688
3517,1171,4688
3457,1231,4688
3391,1297,4688
3361,1327,4688
3307,1381,4688
3259,1429,4688
3229,1459,4688
3217,1471,4688
3121,1567,4688
3109,1579,4688
3079,1609,4688
3067,1621,4688
3061,1627,4688
3019,1669,4688
2887,1801,4688
2857,1831,4688
2689,1999,4688
2677,2011,4688
2671,2017,4688
2659,2029,4688
2557,2131,4688
2551,2137,4688
2467,2221,4688
2437,2251,4688
2377,2311,4688
2347,2341,4688
4679,11,4690
4673,17,4690
4649,41,4690
4643,47,4690
4637,53,4690
4583,107,4690
4523,167,4690
4517,173,4690
4493,197,4690
4463,227,4690
4457,233,4690
4451,239,4690
4421,269,4690
4409,281,4690
4397,293,4690
4373,317,4690
4337,353,4690
4289,401,4690
4271,419,4690
4259,431,4690
4241,449,4690
4229,461,4690
4211,479,4690
4133,557,4690
4127,563,4690
4091,599,4690
4073,617,4690
4049,641,4690
4013,677,4690
4007,683,4690
3989,701,4690
3947,743,4690
3929,761,4690
3917,773,4690
3881,809,4690
3863,827,4690
3851,839,4690
3833,857,4690
3803,887,4690
3779,911,4690
3761,929,4690
3719,971,4690
3677,1013,4690
3671,1019,4690
3659,1031,4690
3593,1097,4690
3581,1109,4690
3539,1151,4690
3527,1163,4690
3467,1223,4690
3461,1229,4690
3413,1277,4690
3407,1283,4690
3389,1301,4690
3371,1319,4690
3329,1361,4690
3323,1367,4690
3257,1433,4690
3251,1439,4690
3209,1481,4690
3203,1487,4690
3191,1499,4690
3167,1523,4690
3137,1553,4690
3119,1571,4690
3089,1601,4690
3083,1607,4690
3023,1667,4690
2969,1721,4690
2957,1733,4690
2903,1787,4690
2879,1811,4690
2843,1847,4690
2819,1871,4690
2801,1889,4690
2789,1901,4690
2777,1913,4690
2741,1949,4690
2711,1979,4690
2693,1997,4690
2687,2003,4690
2663,2027,4690
2621,2069,4690
2609,2081,4690
2591,2099,4690
2579,2111,4690
2549,2141,4690
2477,2213,4690
2447,2243,4690
2423,2267,4690
2417,2273,4690
2393,2297,4690
2381,2309,4690
2357,2333,4690
2351,2339,4690
4679,13,4692
4673,19,4692
4663,29,4692
4651,41,4692
4649,43,4692
4639,53,4692
4621,71,4692
4603,89,4692
4591,101,4692
4583,109,4692
4561,131,4692
4519,173,4692
4513,179,4692
4493,199,4692
4481,211,4692
4463,229,4692
4451,241,4692
4441,251,4692
4423,269,4692
4421,271,4692
4409,283,4692
4339,353,4692
4283,409,4692
4273,419,4692
4271,421,4692
4261,431,4692
4259,433,4692
4253,439,4692
4243,449,4692
4231,461,4692
4229,463,4692
4201,491,4692
4129,563,4692
4099,593,4692
4093,599,4692
4091,601,4692
4079,613,4692
4073,619,4692
4051,641,4692
4049,643,4692
4019,673,4692
4001,691,4692
3931,761,4692
3923,769,4692
3919,773,4692
3881,811,4692
3863,829,4692
3853,839,4692
3833,859,4692
3739,953,4692
3709,983,4692
3701,991,4692
3673,1019,4692
3671,1021,4692
3659,1033,4692
3643,1049,4692
3631,1061,4692
3623,1069,4692
3583,1109,4692
3541,1151,4692
3539,1153,4692
3529,1163,4692
3511,1181,4692
3499,1193,4692
3491,1201,4692
3469,1223,4692
3463,1229,4692
3461,1231,4692
3433,1259,4692
3413,1279,4692
3391,1301,4692
3389,1303,4692
3373,1319,4692
3371,1321,4692
3331,1361,4692
3319,1373,4692
3259,1433,4692
3253,1439,4692
3221,1471,4692
3209,1483,4692
3203,1489,4692
3181,1511,4692
3169,1523,4692
3121,1571,4692
3109,1583,4692
3083,1609,4692
3079,1613,4692
3023,1669,4692
2999,1693,4692
2971,1721,4692
2969,1723,4692
2939,1753,4692
2909,1783,4692
2903,1789,4692
2861,1831,4692
2819,1873,4692
2803,1889,4692
2791,1901,4692
2741,1951,4692
2719,1973,4692
2713,1979,4692
2699,1993,4692
2693,1999,4692
2689,2003,4692
2663,2029,4692
2609,2083,4692
2593,2099,4692
2579,2113,4692
2551,2141,4692
2549,2143,4692
2539,2153,4692
2531,2161,4692
2441,2251,4692
2423,2269,4692
2411,2281,4692
2399,2293,4692
2383,2309,4692
2381,2311,4692
2351,2341,4692
4691,3,4694
4663,31,4694
4657,37,4694
4651,43,4694
4621,73,4694
4597,97,4694
4591,103,4694
4567,127,4694
4513,181,4694
4483,211,4694
4423,271,4694
4363,331,4694
4357,337,4694
4327,367,4694
4297,397,4694
4273,421,4694
4261,433,4694
4231,463,4694
4153,541,4694
4093,601,4694
4051,643,4694
4021,673,4694
4003,691,4694
3967,727,4694
3943,751,4694
3907,787,4694
3727,967,4694
3697,997,4694
3673,1021,4694
3643,1051,4694
3631,1063,4694
3607,1087,4694
3571,1123,4694
3541,1153,4694
3463,1231,4694
3457,1237,4694
3391,1303,4694
3373,1321,4694
3313,1381,4694
3271,1423,4694
3163,1531,4694
3067,1627,4694
3037,1657,4694
3001,1693,4694
2971,1723,4694
2953,1741,4694
2917,1777,4694
2833,1861,4694
2707,1987,4694
2683,2011,4694
2677,2017,4694
2557,2137,4694
2551,2143,4694
2473,2221,4694
2383,2311,4694
2347,2347,4694
4691,5,4696
4679,17,4696
4673,23,4696
4649,47,4696
4643,53,4696
4637,59,4696
4583,113,4696
4547,149,4696
4523,173,4696
4517,179,4696
4463,233,4696
4457,239,4696
4349,347,4696
4337,359,4696
4253,443,4696
4229,467,4696
4217,479,4696
4139,557,4696
4133,563,4696
4127,569,4696
4079,617,4696
4049,647,4696
4019,677,4696
4013,683,4696
3923,773,4696
3833,863,4696
3767,929,4696
3719,977,4696
3677,1019,4696
3593,1103,4696
3533,1163,4696
3467,1229,4696
3413,1283,4696
3407,1289,4696
3389,1307,4696
3329,1367,4696
3323,1373,4696
3257,1439,4696
3209,1487,4696
3203,1493,4696
3137,1559,4696
3089,1607,4696
3083,1613,4696
2999,1697,4696
2963,1733,4696
2909,1787,4696
2819,1877,4696
2789,1907,4696
2699,1997,4696
2693,2003,4696
2657,2039,4696
2633,2063,4696
2609,2087,4696
2543,2153,4696
2459,2237,4696
2423,2273,4696
2399,2297,4696
2357,2339,4696
4691,7,4698
4679,19,4698
4657,41,4698
4651,47,4698
4639,59,4698
4637,61,4698
4597,101,4698
4591,107,4698
4567,131,4698
4561,137,4698
4549,149,4698
4547,151,4698
4519,179,4698
4517,181,4698
4507,191,4698
4457,241,4698
4447,251,4698
4441,257,4698
4421,277,4698
4391,307,4698
4349,349,4698
4339,359,4698
4297,401,4698
4289,409,4698
4259,439,4698
4241,457,4698
4231,467,4698
4219,479,4698
4211,487,4698
4177,521,4698
4157,541,4698
4129,569,4698
4127,571,4698
4111,587,4698
4099,599,4698
4091,607,4698
4079,619,4698
4057,641,4698
4051,647,4698
4021,677,4698
4007,691,4698
3989,709,4698
3947,751,4698
3929,769,4698
3911,787,4698
3889,809,4698
3877,821,4698
3821,877,4698
3779,919,4698
3769,929,4698
3761,937,4698
3727,971,4698
3701,997,4698
3677,1021,4698
3659,1039,4698
3637,1061,4698
3607,1091,4698
3581,1117,4698
3547,1151,4698
3527,1171,4698
3517,1181,4698
3511,1187,4698
3469,1229,4698
3467,1231,4698
3461,1237,4698
3449,1249,4698
3407,1291,4698
3391,1307,4698
3371,1327,4698
3331,1367,4698
3299,1399,4698
3271,1427,4698
3259,1439,4698
3251,1447,4698
3217,1481,4698
3209,1489,4698
3187,1511,4698
3167,1531,4698
3119,1579,4698
3089,1609,4698
3079,1619,4698
3061,1637,4698
3041,1657,4698
3001,1697,4698
2999,1699,4698
2957,1741,4698
2939,1759,4698
2909,1789,4698
2897,1801,4698
2887,1811,4698
2851,1847,4698
2837,1861,4698
2819,1879,4698
2797,1901,4698
2791,1907,4698
2767,1931,4698
2749,1949,4698
2719,1979,4698
2711,1987,4698
2699,1999,4698
2687,2011,4698
2671,2027,4698
2659,2039,4698
2617,2081,4698
2609,2089,4698
2557,2141,4698
2477,2221,4698
2459,2239,4698
2447,2251,4698
2417,2281,4698
2411,2287,4698
2389,2309,4698
2357,2341,4698
2351,2347,4698
4663,37,4700
4657,43,4700
4639,61,4700
4621,79,4700
4603,97,4700
4597,103,4700
4591,109,4700
4561,139,4700
4549,151,4700
4519,181,4700
4507,193,4700
4423,277,4700
4363,337,4700
4327,373,4700
4261,439,4700
4243,457,4700
4201,499,4700
4177,523,4700
4159,541,4700
4153,547,4700
4129,571,4700
4099,601,4700
4093,607,4700
4057,643,4700
4027,673,4700
3967,733,4700
3943,757,4700
3931,769,4700
3889,811,4700
3877,823,4700
3847,853,4700
3823,877,4700
3793,907,4700
3733,967,4700
3709,991,4700
3691,1009,4700
3637,1063,4700
3631,1069,4700
3613,1087,4700
3607,1093,4700
3583,1117,4700
3571,1129,4700
3547,1153,4700
3529,1171,4700
3499,1201,4700
3469,1231,4700
3463,1237,4700
3373,1327,4700
3319,1381,4700
3301,1399,4700
3271,1429,4700
3253,1447,4700
3229,1471,4700
3217,1483,4700
3169,1531,4700
3121,1579,4700
3079,1621,4700
3037,1663,4700
3001,1699,4700
2953,1747,4700
2917,1783,4700
2833,1867,4700
2767,1933,4700
2749,1951,4700
2713,1987,4700
2707,1993,4700
2689,2011,4700
2683,2017,4700
2671,2029,4700
2647,2053,4700
2617,2083,4700
2557,2143,4700
2539,2161,4700
2521,2179,4700
2389,2311,4700
4691,11,4702
4679,23,4702
4673,29,4702
4649,53,4702
4643,59,4702
4523,179,4702
4463,239,4702
4451,251,4702
4421,281,4702
4409,293,4702
4391,311,4702
4349,353,4702
4283,419,4702
4271,431,4702
4259,443,4702
4253,449,4702
4241,461,4702
4211,491,4702
4139,563,4702
4133,569,4702
4049,653,4702
4019,683,4702
4001,701,4702
3929,773,4702
3881,821,4702
3863,839,4702
3821,881,4702
3761,941,4702
3719,983,4702
3671,1031,4702
3593,1109,4702
3539,1163,4702
3413,1289,4702
3329,1373,4702
3251,1451,4702
3221,1481,4702
3209,1493,4702
3203,1499,4702
3191,1511,4702
3119,1583,4702
3089,1613,4702
3083,1619,4702
2969,1733,4702
2879,1823,4702
2801,1901,4702
2789,1913,4702
2753,1949,4702
2729,1973,4702
2699,2003,4702
2663,2039,4702
2633,2069,4702
2621,2081,4702
2591,2111,4702
2549,2153,4702
2459,2243,4702
2393,2309,4702
2351,2351,4702
4691,13,4704
4673,31,4704
4663,41,4704
4657,47,4704
4651,53,4704
4643,61,4704
4637,67,4704
4621,83,4704
4603,101,4704
4597,107,4704
4591,113,4704
4567,137,4704
4547,157,4704
4523,181,4704
4513,191,4704
4507,197,4704
4493,211,4704
4481,223,4704
4463,241,4704
4447,257,4704
4441,263,4704
4423,281,4704
4421,283,4704
4397,307,4704
4391,313,4704
4373,331,4704
4357,347,4704
4337,367,4704
4283,421,4704
4273,431,4704
4271,433,4704
4261,443,4704
4243,461,4704
4241,463,4704
4217,487,4704
4201,503,4704
4157,547,4704
4133,571,4704
4127,577,4704
4111,593,4704
4091,613,4704
4073,631,4704
4057,647,4704
4051,653,4704
4027,677,4704
4021,683,4704
4013,691,4704
4003,701,4704
3947,757,4704
3943,761,4704
3931,773,4704
3917,787,4704
3907,797,4704
3881,823,4704
3877,827,4704
3851,853,4704
3847,857,4704
3823,881,4704
3821,883,4704
3797,907,4704
3793,911,4704
3767,937,4704
3733,971,4704
3727,977,4704
3691,1013,4704
3673,1031,4704
3671,1033,4704
3643,1061,4704
3617,1087,4704
3613,1091,4704
3607,1097,4704
3581,1123,4704
3541,1163,4704
3533,1171,4704
3517,1187,4704
3511,1193,4704
3491,1213,4704
3467,1237,4704
3413,1291,4704
3407,1297,4704
3343,1361,4704
3331,1373,4704
3323,1381,4704
3271,1433,4704
3257,1447,4704
3253,1451,4704
3251,1453,4704
3221,1483,4704
3217,1487,4704
3181,1523,4704
3137,1567,4704
3121,1583,4704
3083,1621,4704
3067,1637,4704
3041,1663,4704
3037,1667,4704
3011,1693,4704
2971,1733,4704
2963,1741,4704
2957,1747,4704
2927,1777,4704
2917,1787,4704
2903,1801,4704
2857,1847,4704
2843,1861,4704
2837,1867,4704
2833,1871,4704
2803,1901,4704
2797,1907,4704
2791,1913,4704
2753,1951,4704
2731,1973,4704
2711,1993,4704
2707,1997,4704
2693,2011,4704
2687,2017,4704
2677,2027,4704
2621,2083,4704
2617,2087,4704
2593,2111,4704
2591,2113,4704
2551,2153,4704
2543,2161,4704
2467,2237,4704
2437,2267,4704
2423,2281,4704
2417,2287,4704
2411,2293,4704
2393,2311,4704
2371,2333,4704
2357,2347,4704
4703,3,4706
4663,43,4706
4639,67,4706
4603,103,4706
4597,109,4706
4567,139,4706
4549,157,4706
4513,193,4706
4507,199,4706
4483,223,4706
4423,283,4706
4357,349,4706
4339,367,4706
4327,379,4706
4297,409,4706
4273,433,4706
4243,463,4706
4219,487,4706
4159,547,4706
4129,577,4706
4099,607,4706
4093,613,4706
3967,739,4706
3919,787,4706
3877,829,4706
3853,853,4706
3847,859,4706
3823,883,4706
3769,937,4706
3739,967,4706
3709,997,4706
3697,1009,4706
3673,1033,4706
3643,1063,4706
3637,1069,4706
3613,1093,4706
3583,1123,4706
3469,1237,4706
3457,1249,4706
3307,1399,4706
3259,1447,4706
3253,1453,4706
3217,1489,4706
3163,1543,4706
3109,1597,4706
3079,1627,4706
3049,1657,4706
3037,1669,4706
2953,1753,4706
2917,1789,4706
2833,1873,4706
2719,1987,4706
2713,1993,4706
2707,1999,4706
2689,2017,4706
2677,2029,4706
2617,2089,4706
2593,2113,4706
2503,2203,4706
2467,2239,4706
2437,2269,4706
4703,5,4708
4691,17,4708
4679,29,4708
4649,59,4708
4637,71,4708
4517,191,4708
4481,227,4708
4457,251,4708
4451,257,4708
4397,311,4708
4391,317,4708
4349,359,4708
4289,419,4708
4259,449,4708
4241,467,4708
4229,479,4708
4217,491,4708
4139,569,4708
4091,617,4708
4049,659,4708
4007,701,4708
3989,719,4708
3947,761,4708
3911,797,4708
3881,827,4708
3851,857,4708
3821,887,4708
3797,911,4708
3779,929,4708
3767,941,4708
3761,947,4708
3677,1031,4708
3659,1049,4708
3617,1091,4708
3557,1151,4708
3527,1181,4708
3491,1217,4708
3449,1259,4708
3407,1301,4708
3389,1319,4708
3347,1361,4708
3299,1409,4708
3257,1451,4708
3221,1487,4708
3209,1499,4708
3137,1571,4708
3089,1619,4708
3041,1667,4708
3011,1697,4708
2999,1709,4708
2897,1811,4708
2861,1847,4708
2837,1871,4708
2819,1889,4708
2801,1907,4708
2777,1931,4708
2729,1979,4708
2711,1997,4708
2621,2087,4708
2609,2099,4708
2579,2129,4708
2441,2267,4708
2411,2297,4708
2399,2309,4708
2357,2351,4708
4703,7,4710
4691,19,4710
4679,31,4710
4673,37,4710
4663,47,4710
4657,53,4710
4651,59,4710
4649,61,4710
4643,67,4710
4639,71,4710
4637,73,4710
4621,89,4710
4603,107,4710
4597,113,4710
4583,127,4710
4561,149,4710
4547,163,4710
4519,191,4710
4517,193,4710
4513,197,4710
4483,227,4710
4481,229,4710
4447,263,4710
4441,269,4710
4397,313,4710
4373,337,4710
4363,347,4710
4357,353,4710
4337,373,4710
4327,383,4710
4289,421,4710
4271,439,4710
4261,449,4710
4253,457,4710
4243,467,4710
4231,479,4710
4219,491,4710
4211,499,4710
4201,509,4710
4153,557,4710
4139,571,4710
4133,577,4710
4111,599,4710
4093,617,4710
4091,619,4710
4079,631,4710
4057,653,4710
4051,659,4710
4049,661,4710
4027,683,4710
4019,691,4710
4001,709,4710
3967,743,4710
3923,787,4710
3889,821,4710
3881,829,4710
3853,857,4710
3851,859,4710
3847,863,4710
3833,877,4710
3823,887,4710
3803,907,4710
3769,941,4710
3739,971,4710
3733,977,4710
3727,983,4710
3719,991,4710
3701,1009,4710
3697,1013,4710
3691,1019,4710
3677,1033,4710
3671,1039,4710
3659,1051,4710
3623,1087,4710
3617,1093,4710
3613,1097,4710
3607,1103,4710
3593,1117,4710
3581,1129,4710
3559,1151,4710
3557,1153,4710
3547,1163,4710
3539,1171,4710
3529,1181,4710
3517,1193,4710
3461,1249,4710
3433,1277,4710
3413,1297,4710
3407,1303,4710
3391,1319,4710
3389,1321,4710
3343,1367,4710
3329,1381,4710
3301,1409,4710
3271,1439,4710
3259,1451,4710
3257,1453,4710
3251,1459,4710
3229,1481,4710
3221,1489,4710
3217,1493,4710
3187,1523,4710
3167,1543,4710
3109,1601,4710
3089,1621,4710
3083,1627,4710
3041,1669,4710
3011,1699,4710
3001,1709,4710
2969,1741,4710
2963,1747,4710
2957,1753,4710
2927,1783,4710
2909,1801,4710
2887,1823,4710
2879,1831,4710
2843,1867,4710
2837,1873,4710
2833,1877,4710
2803,1907,4710
2797,1913,4710
2777,1933,4710
2731,1979,4710
2713,1997,4710
2711,1999,4710
2707,2003,4710
2699,2011,4710
2693,2017,4710
2683,2027,4710
2671,2039,4710
2657,2053,4710
2647,2063,4710
2621,2089,4710
2579,2131,4710
2557,2153,4710
2549,2161,4710
2531,2179,4710
2503,2207,4710
2473,2237,4710
2467,2243,4710
2459,2251,4710
2441,2269,4710
2437,2273,4710
2423,2287,4710
2417,2293,4710
2399,2311,4710
2377,2333,4710
2371,2339,4710
4651,61,4712
4639,73,4712
4603,109,4712
4561,151,4712
4549,163,4712
4519,193,4712
4513,199,4712
4483,229,4712
4441,271,4712
4363,349,4712
4339,373,4712
4273,439,4712
4111,601,4712
4099,613,4712
4093,619,4712
4051,661,4712
4021,691,4712
4003,709,4712
3943,769,4712
3889,823,4712
3853,859,4712
3793,919,4712
3691,1021,4712
3673,1039,4712
3643,1069,4712
3583,1129,4712
3559,1153,4712
3541,1171,4712
3511,1201,4712
3499,1213,4712
3463,1249,4712
3433,1279,4712
3391,1321,4712
3331,1381,4712
3313,1399,4712
3259,1453,4712
3253,1459,4712
3229,1483,4712
3181,1531,4712
3169,1543,4712
3163,1549,4712
3049,1663,4712
3019,1693,4712
2971,1741,4712
2953,1759,4712
2851,1861,4712
2833,1879,4712
2719,1993,4712
2713,1999,4712
2683,2029,4712
2659,2053,4712
2551,2161,4712
2473,2239,4712
2371,2341,4712
4703,11,4714
4691,23,4714
4673,41,4714
4643,71,4714
4583,131,4714
4547,167,4714
4523,191,4714
4517,197,4714
4481,233,4714
4463,251,4714
4457,257,4714
4451,263,4714
4421,293,4714
4397,317,4714
4283,431,4714
4271,443,4714
4253,461,4714
4211,503,4714
4157,557,4714
4127,587,4714
4073,641,4714
4013,701,4714
3917,797,4714
3851,863,4714
3833,881,4714
3803,911,4714
3767,947,4714
3761,953,4714
3701,1013,4714
3623,1091,4714
3617,1097,4714
3533,1181,4714
3527,1187,4714
3491,1223,4714
3413,1301,4714
3407,1307,4714
3347,1367,4714
3221,1493,4714
3203,1511,4714
3191,1523,4714
2927,1787,4714
2903,1811,4714
2843,1871,4714
2837,1877,4714
2801,1913,4714
2741,1973,4714
2711,2003,4714
2687,2027,4714
2633,2081,4714
2477,2237,4714
2447,2267,4714
2441,2273,4714
2417,2297,4714
2381,2333,4714
2357,2357,4714
4703,13,4716
4679,37,4716
4673,43,4716
4663,53,4716
4657,59,4716
4649,67,4716
4643,73,4716
4637,79,4716
4603,113,4716
4567,149,4716
4549,167,4716
4523,193,4716
4519,197,4716
4517,199,4716
4493,223,4716
4483,233,4716
4447,269,4716
4423,293,4716
4409,307,4716
4363,353,4716
4357,359,4716
4349,367,4716
4337,379,4716
4327,389,4716
4297,419,4716
4283,433,4716
4273,443,4716
4259,457,4716
4253,463,4716
4229,487,4716
4217,499,4716
4159,557,4716
4153,563,4716
4139,577,4716
4129,587,4716
4099,617,4716
4073,643,4716
4057,659,4716
4007,709,4716
3989,727,4716
3947,769,4716
3943,773,4716
3929,787,4716
3919,797,4716
3907,809,4716
3889,827,4716
3877,839,4716
3863,853,4716
3853,863,4716
3833,883,4716
3797,919,4716
3779,937,4716
3769,947,4716
3739,977,4716
3733,983,4716
3719,997,4716
3697,1019,4716
3677,1039,4716
3623,1093,4716
3613,1103,4716
3607,1109,4716
3593,1123,4716
3529,1187,4716
3499,1217,4716
3467,1249,4716
3457,1259,4716
3433,1283,4716
3413,1303,4716
3389,1327,4716
3343,1373,4716
3307,1409,4716
3257,1459,4716
3229,1487,4716
3217,1499,4716
3167,1549,4716
3163,1553,4716
3137,1579,4716
3119,1597,4716
3109,1607,4716
3089,1627,4716
3079,1637,4716
3049,1667,4716
3023,1693,4716
3019,1697,4716
2969,1747,4716
2963,1753,4716
2957,1759,4716
2939,1777,4716
2927,1789,4716
2843,1873,4716
2837,1879,4716
2803,1913,4716
2767,1949,4716
2729,1987,4716
2719,1997,4716
2713,2003,4716
2699,2017,4716
2689,2027,4716
2687,2029,4716
2677,2039,4716
2663,2053,4716
2647,2069,4716
2633,2083,4716
2617,2099,4716
2579,2137,4716
2503,2213,4716
2477,2239,4716
2473,2243,4716
2447,2269,4716
2423,2293,4716
2383,2333,4716
2377,2339,4716
4657,61,4718
4651,67,4718
4639,79,4718
4621,97,4718
4591,127,4718
4567,151,4718
4561,157,4718
4519,199,4718
4507,211,4718
4447,271,4718
4441,277,4718
4339,379,4718
4297,421,4718
4261,457,4718
4231,487,4718
4219,499,4718
4177,541,4718
4111,607,4718
4099,619,4718
4057,661,4718
4027,691,4718
3967,751,4718
3931,787,4718
3907,811,4718
3889,829,4718
3727,991,4718
3709,1009,4718
3697,1021,4718
3631,1087,4718
3547,1171,4718
3517,1201,4718
3469,1249,4718
3391,1327,4718
3319,1399,4718
3271,1447,4718
3259,1459,4718
3229,1489,4718
3187,1531,4718
3169,1549,4718
3121,1597,4718
3109,1609,4718
3061,1657,4718
3049,1669,4718
3019,1699,4718
2971,1747,4718
2917,1801,4718
2887,1831,4718
2857,1861,4718
2851,1867,4718
2767,1951,4718
2731,1987,4718
2719,1999,4718
2707,2011,4718
2689,2029,4718
2557,2161,4718
2539,2179,4718
2467,2251,4718
2437,2281,4718
2377,2341,4718
2371,2347,4718
4703,17,4720
4691,29,4720
4679,41,4720
4673,47,4720
4649,71,4720
4637,83,4720
4583,137,4720
4547,173,4720
4523,197,4720
4493,227,4720
4481,239,4720
4463,257,4720
4457,263,4720
4451,269,4720
4409,311,4720
4373,347,4720
4337,383,4720
4289,431,4720
4271,449,4720
4259,461,4720
4253,467,4720
4241,479,4720
4229,491,4720
4217,503,4720
4211,509,4720
4157,563,4720
4133,587,4720
4127,593,4720
4079,641,4720
4073,647,4720
4019,701,4720
4001,719,4720
3947,773,4720
3923,797,4720
3911,809,4720
3881,839,4720
3863,857,4720
3833,887,4720
3779,941,4720
3767,953,4720
3701,1019,4720
3671,1049,4720
3659,1061,4720
3623,1097,4720
3617,1103,4720
3557,1163,4720
3539,1181,4720
3533,1187,4720
3527,1193,4720
3491,1229,4720
3461,1259,4720
3413,1307,4720
3359,1361,4720
3347,1373,4720
3221,1499,4720
3209,1511,4720
3167,1553,4720
3137,1583,4720
3119,1601,4720
3083,1637,4720
3023,1697,4720
3011,1709,4720
2999,1721,4720
2909,1811,4720
2897,1823,4720
2843,1877,4720
2819,1901,4720
2789,1931,4720
2741,1979,4720
2693,2027,4720
2657,2063,4720
2633,2087,4720
2621,2099,4720
2609,2111,4720
2591,2129,4720
2579,2141,4720
2477,2243,4720
2447,2273,4720
2423,2297,4720
2411,2309,4720
2381,2339,4720
4703,19,4722
4691,31,4722
4679,43,4722
4663,59,4722
4651,71,4722
4649,73,4722
4643,79,4722
4639,83,4722
4621,101,4722
4591,131,4722
4583,139,4722
4549,173,4722
4523,199,4722
4493,229,4722
4483,239,4722
4481,241,4722
4451,271,4722
4441,281,4722
4409,313,4722
4391,331,4722
4373,349,4722
4363,359,4722
4349,373,4722
4339,383,4722
4289,433,4722
4283,439,4722
4273,449,4722
4261,461,4722
4259,463,4722
4243,479,4722
4231,491,4722
4219,503,4722
4201,521,4722
4159,563,4722
4153,569,4722
4129,593,4722
4091,631,4722
4079,643,4722
4049,673,4722
4021,701,4722
4013,709,4722
4003,719,4722
3989,733,4722
3911,811,4722
3863,859,4722
3803,919,4722
3793,929,4722
3769,953,4722
3739,983,4722
3709,1013,4722
3701,1021,4722
3691,1031,4722
3673,1049,4722
3671,1051,4722
3659,1063,4722
3631,1091,4722
3613,1109,4722
3593,1129,4722
3571,1151,4722
3559,1163,4722
3541,1181,4722
3529,1193,4722
3499,1223,4722
3491,1231,4722
3463,1259,4722
3433,1289,4722
3361,1361,4722
3323,1399,4722
3313,1409,4722
3299,1423,4722
3271,1451,4722
3251,1471,4722
3229,1493,4722
3191,1531,4722
3169,1553,4722
3163,1559,4722
3121,1601,4722
3109,1613,4722
3023,1699,4722
3001,1721,4722
2999,1723,4722
2969,1753,4722
2963,1759,4722
2939,1783,4722
2861,1861,4722
2851,1871,4722
2843,1879,4722
2833,1889,4722
2791,1931,4722
2789,1933,4722
2749,1973,4722
2729,1993,4722
2719,2003,4722
2711,2011,4722
2693,2029,4722
2683,2039,4722
2659,2063,4722
2633,2089,4722
2609,2113,4722
2593,2129,4722
2591,2131,4722
2579,2143,4722
2543,2179,4722
2441,2281,4722
2411,2311,4722
2389,2333,4722
2383,2339,4722
2381,2341,4722
2371,2351,4722
4721,3,4724
4663,61,4724
4657,67,4724
4651,73,4724
4621,103,4724
4597,127,4724
4567,157,4724
4561,163,4724
4513,211,4724
4483,241,4724
4447,277,4724
4441,283,4724
4357,367,4724
4327,397,4724
4261,463,4724
4201,523,4724
4177,547,4724
4153,571,4724
4111,613,4724
4093,631,4724
4051,673,4724
3967,757,4724
3847,877,4724
3733,991,4724
3727,997,4724
3691,1033,4724
3673,1051,4724
3637,1087,4724
3631,1093,4724
3607,1117,4724
3571,1153,4724
3511,1213,4724
3433,1291,4724
3343,1381,4724
3301,1423,4724
3271,1453,4724
3253,1471,4724
3181,1543,4724
3067,1657,4724
3061,1663,4724
3001,1723,4724
2971,1753,4724
2857,1867,4724
2851,1873,4724
2791,1933,4724
2731,1993,4724
2713,2011,4724
2707,2017,4724
2671,2053,4724
2593,2131,4724
2521,2203,4724
2503,2221,4724
2473,2251,4724
2437,2287,4724
2383,2341,4724
2377,2347,4724
4723,3,4726
4721,5,4726
4703,23,4726
4679,47,4726
4673,53,4726
4643,83,4726
4637,89,4726
4547,179,4726
4493,233,4726
4463,263,4726
4457,269,4726
4409,317,4726
4373,353,4726
4337,389,4726
4283,443,4726
4259,467,4726
4217,509,4726
4157,569,4726
4139,587,4726
4133,593,4726
4127,599,4726
4079,647,4726
4073,653,4726
4049,677,4726
4007,719,4726
3929,797,4726
3917,809,4726
3863,863,4726
3797,929,4726
3779,947,4726
3677,1049,4726
3623,1103,4726
3617,1109,4726
3539,1187,4726
3533,1193,4726
3467,1259,4726
3449,1277,4726
3407,1319,4726
3359,1367,4726
3299,1427,4726
3203,1523,4726
3167,1559,4726
3119,1607,4726
3089,1637,4726
2939,1787,4726
2903,1823,4726
2879,1847,4726
2837,1889,4726
2819,1907,4726
2777,1949,4726
2753,1973,4726
2729,1997,4726
2699,2027,4726
2687,2039,4726
2663,2063,4726
2657,2069,4726
2459,2267,4726
2417,2309,4726
2393,2333,4726
4723,5,4728
4721,7,4728
4691,37,4728
4657,71,4728
4649,79,4728
4639,89,4728
4621,107,4728
4597,131,4728
4591,137,4728
4561,167,4728
4549,179,4728
4547,181,4728
4517,211,4728
4457,271,4728
4451,277,4728
4447,281,4728
4421,307,4728
4397,331,4728
4391,337,4728
4349,379,4728
4339,389,4728
4327,401,4728
4297,431,4728
4289,439,4728
4271,457,4728
4261,467,4728
4241,487,4728
4229,499,4728
4219,509,4728
4159,569,4728
4157,571,4728
4129,599,4728
4127,601,4728
4111,617,4728
4051,677,4728
4027,701,4728
4019,709,4728
4001,727,4728
3989,739,4728
3967,761,4728
3931,797,4728
3919,809,4728
3917,811,4728
3907,821,4728
3889,839,4728
3851,877,4728
3847,881,4728
3821,907,4728
3761,967,4728
3719,1009,4728
3709,1019,4728
3697,1031,4728
3677,1051,4728
3659,1069,4728
3637,1091,4728
3631,1097,4728
3557,1171,4728
3547,1181,4728
3541,1187,4728
3527,1201,4728
3511,1217,4728
3499,1229,4728
3491,1237,4728
3469,1259,4728
3449,1279,4728
3407,1321,4728
3361,1367,4728
3347,1381,4728
3329,1399,4728
3319,1409,4728
3301,1427,4728
3299,1429,4728
3257,1471,4728
3229,1499,4728
3217,1511,4728
3169,1559,4728
3121,1607,4728
3119,1609,4728
3109,1619,4728
3061,1667,4728
3019,1709,4728
2969,1759,4728
2939,1789,4728
2927,1801,4728
2917,1811,4728
2897,1831,4728
2861,1867,4728
2857,1871,4728
2851,1877,4728
2797,1931,4728
2777,1951,4728
2749,1979,4728
2741,1987,4728
2731,1997,4728
2729,1999,4728
2711,2017,4728
2699,2029,4728
2689,2039,4728
2659,2069,4728
2647,2081,4728
2617,2111,4728
2591,2137,4728
2549,2179,4728
2521,2207,4728
2477,2251,4728
2459,2269,4728
2447,2281,4728
2441,2287,4728
2417,2311,4728
2389,2339,4728
2381,2347,4728
2377,2351,4728
2371,2357,4728
4723,7,4730
4663,67,4730
4657,73,4730
4651,79,4730
4621,109,4730
4603,127,4730
4591,139,4730
4567,163,4730
4549,181,4730
4519,211,4730
4507,223,4730
4447,283,4730
4423,307,4730
4363,367,4730
4357,373,4730
4297,433,4730
4273,457,4730
4243,487,4730
4231,499,4730
4159,571,4730
4153,577,4730
4129,601,4730
4111,619,4730
4099,631,4730
4057,673,4730
4021,709,4730
4003,727,4730
3943,787,4730
3919,811,4730
3907,823,4730
3877,853,4730
3853,877,4730
3847,883,4730
3823,907,4730
3793,937,4730
3739,991,4730
3733,997,4730
3709,1021,4730
3697,1033,4730
3691,1039,4730
3643,1087,4730
3637,1093,4730
3613,1117,4730
3607,1123,4730
3559,1171,4730
3529,1201,4730
3517,1213,4730
3499,1231,4730
3433,1297,4730
3331,1399,4730
3307,1423,4730
3301,1429,4730
3271,1459,4730
3259,1471,4730
3187,1543,4730
3181,1549,4730
3163,1567,4730
3121,1609,4730
3109,1621,4730
3067,1663,4730
3061,1669,4730
3037,1693,4730
2971,1759,4730
2953,1777,4730
2857,1873,4730
2851,1879,4730
2797,1933,4730
2731,1999,4730
2719,2011,4730
2713,2017,4730
2677,2053,4730
2647,2083,4730
2617,2113,4730
2593,2137,4730
2551,2179,4730
2437,2293,4730
2389,2341,4730
2383,2347,4730
4729,3,4732
4721,11,4732
4703,29,4732
4691,41,4732
4679,53,4732
4673,59,4732
4649,83,4732
4643,89,4732
4583,149,4732
4493,239,4732
4481,251,4732
4463,269,4732
4451,281,4732
4421,311,4732
4373,359,4732
4349,383,4732
4289,443,4732
4283,449,4732
4271,461,4732
4253,479,4732
4241,491,4732
4229,503,4732
4211,521,4732
4139,593,4732
4133,599,4732
4091,641,4732
4079,653,4732
4073,659,4732
4049,683,4732
4013,719,4732
3989,743,4732
3923,809,4732
3911,821,4732
3851,881,4732
3821,911,4732
3803,929,4732
3779,953,4732
3761,971,4732
3719,1013,4732
3701,1031,4732
3671,1061,4732
3623,1109,4732
3581,1151,4732
3539,1193,4732
3449,1283,4732
3413,1319,4732
3371,1361,4732
3359,1373,4732
3323,1409,4732
3299,1433,4732
3251,1481,4732
3221,1511,4732
3209,1523,4732
3119,1613,4732
3023,1709,4732
3011,1721,4732
2999,1733,4732
2909,1823,4732
2861,1871,4732
2843,1889,4732
2819,1913,4732
2801,1931,4732
2753,1979,4732
2729,2003,4732
2693,2039,4732
2663,2069,4732
2633,2099,4732
2621,2111,4732
2591,2141,4732
2579,2153,4732
2459,2273,4732
2423,2309,4732
2399,2333,4732
2393,2339,4732
2381,2351,4732
4729,5,4734
4723,11,4734
4721,13,4734
4703,31,4734
4691,43,4734
4673,61,4734
4663,71,4734
4651,83,4734
4637,97,4734
4621,113,4734
4603,131,4734
4597,137,4734
4583,151,4734
4567,167,4734
4561,173,4734
4523,211,4734
4507,227,4734
4493,241,4734
4483,251,4734
4463,271,4734
4457,277,4734
4451,283,4734
4441,293,4734
4423,311,4734
4421,313,4734
4397,337,4734
4337,397,4734
4273,461,4734
4271,463,4734
4243,491,4734
4231,503,4734
4211,523,4734
4177,557,4734
4157,577,4734
4133,601,4734
4127,607,4734
4093,641,4734
4091,643,4734
4073,661,4734
4057,677,4734
4051,683,4734
4007,727,4734
4001,733,4734
3947,787,4734
3923,811,4734
3911,823,4734
3907,827,4734
3881,853,4734
3877,857,4734
3853,881,4734
3851,883,4734
3847,887,4734
3823,911,4734
3797,937,4734
3793,941,4734
3767,967,4734
3701,1033,4734
3673,1061,4734
3671,1063,4734
3643,1091,4734
3637,1097,4734
3631,1103,4734
3617,1117,4734
3583,1151,4734
3581,1153,4734
3571,1163,4734
3547,1187,4734
3541,1193,4734
3533,1201,4734
3517,1217,4734
3511,1223,4734
3457,1277,4734
3433,1301,4734
3413,1321,4734
3407,1327,4734
3373,1361,4734
3361,1373,4734
3307,1427,4734
3301,1433,4734
3253,1481,4734
3251,1483,4734
3203,1531,4734
3191,1543,4734
3181,1553,4734
3167,1567,4734
3163,1571,4734
3137,1597,4734
3121,1613,4734
3067,1667,4734
3041,1693,4734
3037,1697,4734
3011,1723,4734
3001,1733,4734
2957,1777,4734
2903,1831,4734
2887,1847,4734
2861,1873,4734
2857,1877,4734
2833,1901,4734
2803,1931,4734
2801,1933,4734
2741,1993,4734
2731,2003,4734
2707,2027,4734
2671,2063,4734
2647,2087,4734
2621,2113,4734
2593,2141,4734
2591,2143,4734
2531,2203,4734
2521,2213,4734
2467,2267,4734
2447,2287,4734
2441,2293,4734
2437,2297,4734
2423,2311,4734
2393,2341,4734
2383,2351,4734
2377,2357,4734
4733,3,4736
4729,7,4736
4723,13,4736
4663,73,4736
4657,79,4736
4639,97,4736
4597,139,4736
4513,223,4736
4507,229,4736
4423,313,4736
4363,373,4736
4357,379,4736
4339,397,4736
4327,409,4736
4297,439,4736
4273,463,4736
4159,577,4736
4129,607,4736
4093,643,4736
4027,709,4736
4003,733,4736
3967,769,4736
3907,829,4736
3877,859,4736
3853,883,4736
3769,967,4736
3739,997,4736
3727,1009,4736
3697,1039,4736
3673,1063,4736
3643,1093,4736
3613,1123,4736
3607,1129,4736
3583,1153,4736
3499,1237,4736
3457,1279,4736
3433,1303,4736
3313,1423,4736
3307,1429,4736
3253,1483,4736
3187,1549,4736
3169,1567,4736
3109,1627,4736
3079,1657,4736
3067,1669,4736
3037,1699,4736
2953,1783,4736
2857,1879,4736
2803,1933,4736
2749,1987,4736
2719,2017,4736
2707,2029,4736
2683,2053,4736
2647,2089,4736
2593,2143,4736
2557,2179,4736
2467,2269,4736
2389,2347,4736
4733,5,4738
4721,17,4738
4691,47,4738
4679,59,4738
4649,89,4738
4637,101,4738
4547,191,4738
4481,257,4738
4457,281,4738
4421,317,4738
4391,347,4738
4349,389,4738
4337,401,4738
4289,449,4738
4271,467,4738
4259,479,4738
4229,509,4738
4217,521,4738
4139,599,4738
4091,647,4738
4079,659,4738
4019,719,4738
3929,809,4738
3917,821,4738
3911,827,4738
3881,857,4738
3851,887,4738
3797,941,4738
3767,971,4738
3761,977,4738
3719,1019,4738
3677,1061,4738
3557,1181,4738
3461,1277,4738
3449,1289,4738
3371,1367,4738
3329,1409,4738
3299,1439,4738
3257,1481,4738
3251,1487,4738
3167,1571,4738
3137,1601,4738
3119,1619,4738
3041,1697,4738
2927,1811,4738
2861,1877,4738
2837,1901,4738
2789,1949,4738
2741,1997,4738
2711,2027,4738
2699,2039,4738
2657,2081,4738
2609,2129,4738
2531,2207,4738
2441,2297,4738
2399,2339,4738
2381,2357,4738
4733,7,4740
4729,11,4740
4723,17,4740
4721,19,4740
4703,37,4740
4679,61,4740
4673,67,4740
4657,83,4740
4651,89,4740
4643,97,4740
4639,101,4740
4637,103,4740
4603,137,4740
4591,149,4740
4583,157,4740
4567,173,4740
4561,179,4740
4549,191,4740
4547,193,4740
4517,223,4740
4513,227,4740
4507,233,4740
4483,257,4740
4463,277,4740
4457,283,4740
4447,293,4740
4423,317,4740
4409,331,4740
4391,349,4740
4373,367,4740
4357,383,4740
4339,401,4740
4297,443,4740
4283,457,4740
4273,467,4740
4261,479,4740
4253,487,4740
4241,499,4740
4231,509,4740
4219,521,4740
4217,523,4740
4177,563,4740
4153,587,4740
4139,601,4740
4133,607,4740
4127,613,4740
4099,641,4740
4093,647,4740
4079,661,4740
4057,683,4740
4049,691,4740
4021,719,4740
4013,727,4740
4007,733,4740
4001,739,4740
3989,751,4740
3967,773,4740
3943,797,4740
3931,809,4740
3929,811,4740
3919,821,4740
3917,823,4740
3911,829,4740
3881,859,4740
3877,863,4740
3863,877,4740
3853,887,4740
3833,907,4740
3821,919,4740
3803,937,4740
3793,947,4740
3769,971,4740
3727,1013,4740
3719,1021,4740
3709,1031,4740
3701,1039,4740
3691,1049,4740
3677,1063,4740
3671,1069,4740
3643,1097,4740
3637,1103,4740
3631,1109,4740
3623,1117,4740
3617,1123,4740
3559,1181,4740
3547,1193,4740
3539,1201,4740
3527,1213,4740
3517,1223,4740
3511,1229,4740
3491,1249,4740
3463,1277,4740
3461,1279,4740
3457,1283,4740
3449,1291,4740
3433,1307,4740
3413,1327,4740
3373,1367,4740
3359,1381,4740
3331,1409,4740
3313,1427,4740
3307,1433,4740
3301,1439,4740
3259,1481,4740
3257,1483,4740
3253,1487,4740
3251,1489,4740
3229,1511,4740
3217,1523,4740
3209,1531,4740
3191,1549,4740
3187,1553,4740
3181,1559,4740
3169,1571,4740
3121,1619,4740
3119,1621,4740
3083,1657,4740
3041,1699,4740
3019,1721,4740
2999,1741,4740
2963,1777,4740
2957,1783,4740
2953,1787,4740
2939,1801,4740
2917,1823,4740
2909,1831,4740
2879,1861,4740
2861,1879,4740
2851,1889,4740
2833,1907,4740
2791,1949,4740
2789,1951,4740
2767,1973,4740
2753,1987,4740
2741,1999,4740
2729,2011,4740
2713,2027,4740
2711,2029,4740
2687,2053,4740
2677,2063,4740
2671,2069,4740
2659,2081,4740
2657,2083,4740
2609,2131,4740
2579,2161,4740
2503,2237,4740
2473,2267,4740
2467,2273,4740
2459,2281,4740
2447,2293,4740
2399,2341,4740
2393,2347,4740
2389,2351,4740
2383,2357,4740
4729,13,4742
4723,19,4742
4663,79,4742
4639,103,4742
4603,139,4742
4591,151,4742
4561,181,4742
4549,193,4742
4519,223,4742
4513,229,4742
4363,379,4742
4243,499,4742
4219,523,4742
4201,541,4742
4129,613,4742
4111,631,4742
4099,643,4742
4051,691,4742
4003,739,4742
3931,811,4742
3919,823,4742
3889,853,4742
3823,919,4742
3733,1009,4742
3709,1033,4742
3691,1051,4742
3673,1069,4742
3613,1129,4742
3571,1171,4742
3541,1201,4742
3529,1213,4742
3511,1231,4742
3463,1279,4742
3361,1381,4742
3343,1399,4742
3319,1423,4742
3313,1429,4742
3271,1471,4742
3259,1483,4742
3253,1489,4742
3163,1579,4742
3121,1621,4742
3079,1663,4742
3049,1693,4742
3019,1723,4742
3001,1741,4742
2953,1789,4742
2791,1951,4742
2749,1993,4742
2731,2011,4742
2713,2029,4742
2689,2053,4742
2659,2083,4742
2539,2203,4742
2521,2221,4742
2503,2239,4742
2473,2269,4742
2371,2371,4742
4733,11,4744
4721,23,4744
4703,41,4744
4691,53,4744
4673,71,4744
4643,101,4744
4637,107,4744
4547,197,4744
4517,227,4744
4493,251,4744
4481,263,4744
4463,281,4744
4451,293,4744
4397,347,4744
4391,353,4744
4283,461,4744
4253,491,4744
4241,503,4744
4157,587,4744
4127,617,4744
4091,653,4744
4001,743,4744
3947,797,4744
3923,821,4744
3917,827,4744
3881,863,4744
3863,881,4744
3833,911,4744
3803,941,4744
3797,947,4744
3767,977,4744
3761,983,4744
3593,1151,4744
3581,1163,4744
3557,1187,4744
3527,1217,4744
3467,1277,4744
3461,1283,4744
3371,1373,4744
3257,1487,4744
3251,1493,4744
3221,1523,4744
3191,1553,4744
3137,1607,4744
3023,1721,4744
3011,1733,4744
2957,1787,4744
2897,1847,4744
2843,1901,4744
2837,1907,4744
2741,2003,4744
2663,2081,4744
2657,2087,4744
2633,2111,4744
2591,2153,4744
2531,2213,4744
2477,2267,4744
2447,2297,4744
2411,2333,4744
2393,2351,4744
4733,13,4746
4729,17,4746
4723,23,4746
4703,43,4746
4679,67,4746
4673,73,4746
4663,83,4746
4657,89,4746
4649,97,4746
4643,103,4746
4639,107,4746
4637,109,4746
4597,149,4746
4583,163,4746
4567,179,4746
4549,197,4746
4547,199,4746
4523,223,4746
4519,227,4746
4517,229,4746
4513,233,4746
4507,239,4746
4483,263,4746
4463,283,4746
4409,337,4746
4397,349,4746
4373,373,4746
4363,383,4746
4357,389,4746
4349,397,4746
4337,409,4746
4327,419,4746
4297,449,4746
4289,457,4746
4283,463,4746
4259,487,4746
4243,503,4746
4177,569,4746
4159,587,4746
4153,593,4746
4139,607,4746
4133,613,4746
4129,617,4746
4127,619,4746
4099,647,4746
4093,653,4746
4073,673,4746
4027,719,4746
4019,727,4746
4013,733,4746
4007,739,4746
4003,743,4746
3989,757,4746
3923,823,4746
3919,827,4746
3917,829,4746
3907,839,4746
3889,857,4746
3863,883,4746
3793,953,4746
3779,967,4746
3769,977,4746
3733,1013,4746
3727,1019,4746
3697,1049,4746
3677,1069,4746
3659,1087,4746
3643,1103,4746
3637,1109,4746
3623,1123,4746
3617,1129,4746
3593,1153,4746
3583,1163,4746
3559,1187,4746
3533,1213,4746
3529,1217,4746
3517,1229,4746
3469,1277,4746
3467,1279,4746
3463,1283,4746
3457,1289,4746
3449,1297,4746
3373,1373,4746
3347,1399,4746
3323,1423,4746
3319,1427,4746
3313,1433,4746
3307,1439,4746
3299,1447,4746
3259,1487,4746
3257,1489,4746
3253,1493,4746
3203,1543,4746
3187,1559,4746
3167,1579,4746
3163,1583,4746
3137,1609,4746
3119,1627,4746
3109,1637,4746
3089,1657,4746
3083,1663,4746
3079,1667,4746
3049,1697,4746
3037,1709,4746
3023,1723,4746
2999,1747,4746
2969,1777,4746
2963,1783,4746
2957,1789,4746
2879,1867,4746
2857,1889,4746
2833,1913,4746
2797,1949,4746
2767,1979,4746
2753,1993,4746
2749,1997,4746
2729,2017,4746
2719,2027,4746
2707,2039,4746
2693,2053,4746
2683,2063,4746
2677,2069,4746
2663,2083,4746
2659,2087,4746
2657,2089,4746
2647,2099,4746
2633,2113,4746
2617,2129,4746
2609,2137,4746
2593,2153,4746
2543,2203,4746
2539,2207,4746
2503,2243,4746
2477,2269,4746
2473,2273,4746
2459,2287,4746
2437,2309,4746
2399,2347,4746
2389,2357,4746
4729,19,4748
4651,97,4748
4639,109,4748
4621,127,4748
4597,151,4748
4591,157,4748
4567,181,4748
4549,199,4748
4519,229,4748
4507,241,4748
4441,307,4748
4339,409,4748
4327,421,4748
4261,487,4748
4201,547,4748
4177,571,4748
4129,619,4748
4057,691,4748
4021,727,4748
3919,829,4748
3889,859,4748
3739,1009,4748
3727,1021,4748
3709,1039,4748
3697,1051,4748
3631,1117,4748
3547,1201,4748
3517,1231,4748
3511,1237,4748
3499,1249,4748
3469,1279,4748
3457,1291,4748
3319,1429,4748
3301,1447,4748
3259,1489,4748
3217,1531,4748
3181,1567,4748
3169,1579,4748
3121,1627,4748
3079,1669,4748
3049,1699,4748
3001,1747,4748
2971,1777,4748
2917,1831,4748
2887,1861,4748
2797,1951,4748
2749,1999,4748
2731,2017,4748
2719,2029,4748
2659,2089,4748
2617,2131,4748
2467,2281,4748
2437,2311,4748
2377,2371,4748
4733,17,4750
4721,29,4750
4703,47,4750
4691,59,4750
4679,71,4750
4649,101,4750
4643,107,4750
4637,113,4750
4583,167,4750
4523,227,4750
4517,233,4750
4493,257,4750
4481,269,4750
4457,293,4750
4397,353,4750
4391,359,4750
4349,401,4750
4289,461,4750
4283,467,4750
4271,479,4750
4259,491,4750
4241,509,4750
4229,521,4750
4157,593,4750
4133,617,4750
4091,659,4750
4073,677,4750
4049,701,4750
4007,743,4750
3989,761,4750
3929,821,4750
3923,827,4750
3911,839,4750
3863,887,4750
3821,929,4750
3803,947,4750
3797,953,4750
3779,971,4750
3767,983,4750
3719,1031,4750
3701,1049,4750
3659,1091,4750
3557,1193,4750
3533,1217,4750
3527,1223,4750
3491,1259,4750
3467,1283,4750
3461,1289,4750
3449,1301,4750
3389,1361,4750
3323,1427,4750
3299,1451,4750
3257,1493,4750
3251,1499,4750
3191,1559,4750
3167,1583,4750
3137,1613,4750
3083,1667,4750
3041,1709,4750
2963,1787,4750
2939,1811,4750
2927,1823,4750
2903,1847,4750
2879,1871,4750
2861,1889,4750
2843,1907,4750
2837,1913,4750
2819,1931,4750
2801,1949,4750
2777,1973,4750
2753,1997,4750
2711,2039,4750
2687,2063,4750
2663,2087,4750
2621,2129,4750
2609,2141,4750
2543,2207,4750
2477,2273,4750
2441,2309,4750
2417,2333,4750
2411,2339,4750
2399,2351,4750
2393,2357,4750
4733,19,4752
4729,23,4752
4723,29,4752
4721,31,4752
4691,61,4752
4679,73,4752
4673,79,4752
4663,89,4752
4651,101,4752
4649,103,4752
4643,109,4752
4639,113,4752
4621,131,4752
4603,149,4752
4561,191,4752
4523,229,4752
4519,233,4752
4513,239,4752
4483,269,4752
4481,271,4752
4441,311,4752
4421,331,4752
4373,379,4752
4363,389,4752
4289,463,4752
4273,479,4752
4261,491,4752
4253,499,4752
4243,509,4752
4231,521,4752
4229,523,4752
4211,541,4752
4159,593,4752
4153,599,4752
4139,613,4752
4133,619,4752
4111,641,4752
4099,653,4752
4093,659,4752
4091,661,4752
4079,673,4752
4051,701,4752
4019,733,4752
4013,739,4752
4001,751,4752
3943,809,4752
3931,821,4752
3929,823,4752
3923,829,4752
3889,863,4752
3833,919,4752
3823,929,4752
3769,983,4752
3761,991,4752
3739,1013,4752
3733,1019,4752
3719,1033,4752
3701,1051,4752
3691,1061,4752
3659,1093,4752
3643,1109,4752
3623,1129,4752
3581,1171,4752
3571,1181,4752
3559,1193,4752
3539,1213,4752
3529,1223,4752
3469,1283,4752
3463,1289,4752
3461,1291,4752
3449,1303,4752
3433,1319,4752
3391,1361,4752
3371,1381,4752
3343,1409,4752
3329,1423,4752
3323,1429,4752
3319,1433,4752
3313,1439,4752
3301,1451,4752
3299,1453,4752
3271,1481,4752
3259,1493,4752
3253,1499,4752
3229,1523,4752
3221,1531,4752
3209,1543,4752
3203,1549,4752
3181,1571,4752
3169,1583,4752
3089,1663,4752
3083,1669,4752
3019,1733,4752
3011,1741,4752
2999,1753,4752
2969,1783,4752
2963,1789,4752
2879,1873,4752
2851,1901,4752
2819,1933,4752
2803,1949,4752
2801,1951,4752
2753,1999,4752
2749,2003,4752
2741,2011,4752
2713,2039,4752
2699,2053,4752
2689,2063,4752
2683,2069,4752
2671,2081,4752
2663,2089,4752
2621,2131,4752
2609,2143,4752
2591,2161,4752
2549,2203,4752
2539,2213,4752
2531,2221,4752
2459,2293,4752
2441,2311,4752
2411,2341,4752
2381,2371,4752
4751,3,4754
4723,31,4754
4657,97,4754
4651,103,4754
4603,151,4754
4597,157,4754
4591,163,4754
4561,193,4754
4513,241,4754
4483,271,4754
4447,307,4754
4441,313,4754
4423,331,4754
4357,397,4754
4297,457,4754
4231,523,4754
4177,577,4754
4153,601,4754
4111,643,4754
4093,661,4754
4027,727,4754
4021,733,4754
4003,751,4754
3967,787,4754
3943,811,4754
3931,823,4754
3877,877,4754
3847,907,4754
3733,1021,4754
3691,1063,4754
3637,1117,4754
3631,1123,4754
3583,1171,4754
3541,1213,4754
3517,1237,4754
3463,1291,4754
3457,1297,4754
3433,1321,4754
3373,1381,4754
3331,1423,4754
3307,1447,4754
3301,1453,4754
3271,1483,4754
3187,1567,4754
3061,1693,4754
3001,1753,4754
2971,1783,4754
2953,1801,4754
2887,1867,4754
2803,1951,4754
2767,1987,4754
2671,2083,4754
2617,2137,4754
2593,2161,4754
2551,2203,4754
2503,2251,4754
2473,2281,4754
2467,2287,4754
2383,2371,4754
2377,2377,4754
4751,5,4756
4733,23,4756
4703,53,4756
4673,83,4756
4649,107,4756
4643,113,4756
4583,173,4756
4523,233,4756
4517,239,4756
4493,263,4756
4463,293,4756
4409,347,4756
4397,359,4756
4373,383,4756
4337,419,4756
4289,467,4756
4253,503,4756
4157,599,4756
4139,617,4756
4079,677,4756
4073,683,4756
4013,743,4756
3947,809,4756
3929,827,4756
3917,839,4756
3803,953,4756
3779,977,4756
3659,1097,4756
3593,1163,4756
3539,1217,4756
3533,1223,4756
3527,1229,4756
3467,1289,4756
3449,1307,4756
3389,1367,4756
3347,1409,4756
3329,1427,4756
3323,1433,4756
3257,1499,4756
3203,1553,4756
3137,1619,4756
3119,1637,4756
3089,1667,4756
3023,1733,4756
2969,1787,4756
2909,1847,4756
2879,1877,4756
2843,1913,4756
2777,1979,4756
2753,2003,4756
2729,2027,4756
2693,2063,4756
2687,2069,4756
2657,2099,4756
2549,2207,4756
2543,2213,4756
2459,2297,4756
2447,2309,4756
2423,2333,4756
2417,2339,4756
2399,2357,4756
4751,7,4758
4729,29,4758
4721,37,4758
4691,67,4758
4679,79,4758
4657,101,4758
4651,107,4758
4649,109,4758
4621,137,4758
4591,167,4758
4567,191,4758
4561,197,4758
4547,211,4758
4519,239,4758
4517,241,4758
4507,251,4758
4481,277,4758
4451,307,4758
4447,311,4758
4441,317,4758
4421,337,4758
4409,349,4758
4391,367,4758
4357,401,4758
4349,409,4758
4339,419,4758
4337,421,4758
4327,431,4758
4297,461,4758
4271,487,4758
4259,499,4758
4217,541,4758
4211,547,4758
4201,557,4758
4159,599,4758
4157,601,4758
4139,619,4758
4127,631,4758
4111,647,4758
4099,659,4758
4057,701,4758
4049,709,4758
4019,739,4758
4007,751,4758
4001,757,4758
3989,769,4758
3947,811,4758
3931,827,4758
3929,829,4758
3919,839,4758
3881,877,4758
3877,881,4758
3851,907,4758
3847,911,4758
3821,937,4758
3767,991,4758
3761,997,4758
3739,1019,4758
3727,1031,4758
3719,1039,4758
3709,1049,4758
3697,1061,4758
3671,1087,4758
3607,1151,4758
3571,1187,4758
3557,1201,4758
3541,1217,4758
3529,1229,4758
3527,1231,4758
3499,1259,4758
3469,1289,4758
3467,1291,4758
3461,1297,4758
3457,1301,4758
3391,1367,4758
3359,1399,4758
3331,1427,4758
3329,1429,4758
3319,1439,4758
3307,1451,4758
3299,1459,4758
3271,1487,4758
3259,1499,4758
3209,1549,4758
3191,1567,4758
3187,1571,4758
3137,1621,4758
3121,1637,4758
3089,1669,4758
3061,1697,4758
3049,1709,4758
3037,1721,4758
3011,1747,4758
2999,1759,4758
2971,1787,4758
2969,1789,4758
2957,1801,4758
2927,1831,4758
2897,1861,4758
2887,1871,4758
2879,1879,4758
2857,1901,4758
2851,1907,4758
2741,2017,4758
2731,2027,4758
2729,2029,4758
2719,2039,4758
2689,2069,4758
2677,2081,4758
2671,2087,4758
2659,2099,4758
2647,2111,4758
2621,2137,4758
2617,2141,4758
2579,2179,4758
2551,2207,4758
2521,2237,4758
2477,2281,4758
2447,2311,4758
2417,2341,4758
2411,2347,4758
2381,2377,4758
4729,31,4760
4723,37,4760
4663,97,4760
4657,103,4760
4651,109,4760
4621,139,4760
4603,157,4760
4597,163,4760
4567,193,4760
4561,199,4760
4549,211,4760
4519,241,4760
4483,277,4760
4447,313,4760
4423,337,4760
4363,397,4760
4339,421,4760
4327,433,4760
4297,463,4760
4273,487,4760
4261,499,4760
4219,541,4760
4159,601,4760
4153,607,4760
4129,631,4760
4099,661,4760
4051,709,4760
4027,733,4760
4021,739,4760
4003,757,4760
3931,829,4760
3907,853,4760
3877,883,4760
3853,907,4760
3823,937,4760
3793,967,4760
3769,991,4760
3739,1021,4760
3727,1033,4760
3709,1051,4760
3697,1063,4760
3691,1069,4760
3673,1087,4760
3643,1117,4760
3637,1123,4760
3631,1129,4760
3607,1153,4760
3559,1201,4760
3547,1213,4760
3529,1231,4760
3511,1249,4760
3469,1291,4760
3463,1297,4760
3457,1303,4760
3433,1327,4760
3361,1399,4760
3331,1429,4760
3313,1447,4760
3307,1453,4760
3301,1459,4760
3271,1489,4760
3229,1531,4760
3217,1543,4760
3181,1579,4760
3163,1597,4760
3067,1693,4760
3061,1699,4760
3037,1723,4760
3019,1741,4760
3001,1759,4760
2971,1789,4760
2887,1873,4760
2767,1993,4760
2749,2011,4760
2731,2029,4760
2707,2053,4760
2677,2083,4760
2671,2089,4760
2647,2113,4760
2617,2143,4760
2557,2203,4760
2539,2221,4760
2521,2239,4760
2473,2287,4760
2467,2293,4760
2389,2371,4760
2383,2377,4760
4759,3,4762
4751,11,4762
4733,29,4762
4721,41,4762
4703,59,4762
4691,71,4762
4679,83,4762
4673,89,4762
4649,113,4762
4583,179,4762
4523,239,4762
4493,269,4762
4481,281,4762
4451,311,4762
4409,353,4762
4373,389,4762
4283,479,4762
4271,491,4762
4259,503,4762
4253,509,4762
4241,521,4762
4079,683,4762
4019,743,4762
4001,761,4762
3989,773,4762
3923,839,4762
3881,881,4762
3851,911,4762
3833,929,4762
3821,941,4762
3779,983,4762
3701,1061,4762
3671,1091,4762
3659,1103,4762
3581,1181,4762
3539,1223,4762
3533,1229,4762
3461,1301,4762
3389,1373,4762
3329,1433,4762
3323,1439,4762
3251,1511,4762
3209,1553,4762
3203,1559,4762
3191,1571,4762
3041,1721,4762
2939,1823,4762
2861,1901,4762
2789,1973,4762
2699,2063,4762
2693,2069,4762
2663,2099,4762
2633,2129,4762
2621,2141,4762
2609,2153,4762
2549,2213,4762
2423,2339,4762
2411,2351,4762
2381,2381,4762
4759,5,4764
4751,13,4764
4733,31,4764
4723,41,4764
4721,43,4764
4703,61,4764
4691,73,4764
4663,101,4764
4657,107,4764
4651,113,4764
4637,127,4764
4597,167,4764
4591,173,4764
4583,181,4764
4567,197,4764
4523,241,4764
4513,251,4764
4507,257,4764
4493,271,4764
4483,281,4764
4481,283,4764
4457,307,4764
4451,313,4764
4447,317,4764
4397,367,4764
4391,373,4764
4363,401,4764
4297,467,4764
4273,491,4764
4261,503,4764
4243,521,4764
4241,523,4764
4217,547,4764
4201,563,4764
4177,587,4764
4157,607,4764
4133,631,4764
4111,653,4764
4091,673,4764
4073,691,4764
4021,743,4764
4013,751,4764
4007,757,4764
4003,761,4764
3967,797,4764
3943,821,4764
3911,853,4764
3907,857,4764
3881,883,4764
3877,887,4764
3853,911,4764
3823,941,4764
3797,967,4764
3793,971,4764
3767,997,4764
3733,1031,4764
3701,1063,4764
3677,1087,4764
3673,1091,4764
3671,1093,4764
3613,1151,4764
3593,1171,4764
3583,1181,4764
3571,1193,4764
3547,1217,4764
3541,1223,4764
3533,1231,4764
3527,1237,4764
3467,1297,4764
3463,1301,4764
3461,1303,4764
3457,1307,4764
3391,1373,4764
3331,1433,4764
3313,1451,4764
3271,1493,4764
3253,1511,4764
3221,1543,4764
3181,1583,4764
3167,1597,4764
3163,1601,4764
3137,1627,4764
3067,1697,4764
3041,1723,4764
3023,1741,4764
3011,1753,4764
2963,1801,4764
2953,1811,4764
2917,1847,4764
2903,1861,4764
2897,1867,4764
2887,1877,4764
2857,1907,4764
2851,1913,4764
2833,1931,4764
2791,1973,4764
2777,1987,4764
2767,1997,4764
2753,2011,4764
2711,2053,4764
2683,2081,4764
2677,2087,4764
2633,2131,4764
2621,2143,4764
2557,2207,4764
2551,2213,4764
2543,2221,4764
2521,2243,4764
2477,2287,4764
2467,2297,4764
2423,2341,4764
2417,2347,4764
2393,2371,4764
2383,2381,4764
4759,7,4766
4729,37,4766
4723,43,4766
4663,103,4766
4657,109,4766
4639,127,4766
4603,163,4766
4567,199,4766
4483,283,4766
4357,409,4766
4327,439,4766
4243,523,4766
4219,547,4766
4159,607,4766
4153,613,4766
4093,673,4766
4057,709,4766
4027,739,4766
3943,823,4766
3907,859,4766
3889,877,4766
3847,919,4766
3769,997,4766
3733,1033,4766
3727,1039,4766
3697,1069,4766
3673,1093,4766
3643,1123,4766
3637,1129,4766
3613,1153,4766
3529,1237,4766
3517,1249,4766
3469,1297,4766
3463,1303,4766
3343,1423,4766
3319,1447,4766
3313,1453,4766
3307,1459,4766
3217,1549,4766
3187,1579,4766
3169,1597,4766
3109,1657,4766
3067,1699,4766
3019,1747,4766
2887,1879,4766
2833,1933,4766
2767,1999,4766
2749,2017,4766
2713,2053,4766
2683,2083,4766
2677,2089,4766
2473,2293,4766
2389,2377,4766
2383,2383,4766
4751,17,4768
4721,47,4768
4679,89,4768
4637,131,4768
4517,251,4768
4457,311,4768
4451,317,4768
4421,347,4768
4409,359,4768
4349,419,4768
4337,431,4768
4289,479,4768
4259,509,4768
4211,557,4768
4127,641,4768
4091,677,4768
4049,719,4768
4007,761,4768
3947,821,4768
3929,839,4768
3911,857,4768
3881,887,4768
3821,947,4768
3797,971,4768
3719,1049,4768
3677,1091,4768
3671,1097,4768
3659,1109,4768
3617,1151,4768
3581,1187,4768
3539,1229,4768
3491,1277,4768
3467,1301,4768
3461,1307,4768
3449,1319,4768
3407,1361,4768
3359,1409,4768
3329,1439,4768
3257,1511,4768
3209,1559,4768
3167,1601,4768
2957,1811,4768
2897,1871,4768
2879,1889,4768
2861,1907,4768
2837,1931,4768
2819,1949,4768
2789,1979,4768
2741,2027,4768
2729,2039,4768
2699,2069,4768
2687,2081,4768
2657,2111,4768
2531,2237,4768
2459,2309,4768
2417,2351,4768
2411,2357,4768
4759,11,4770
4751,19,4770
4733,37,4770
4729,41,4770
4723,47,4770
4703,67,4770
4691,79,4770
4673,97,4770
4663,107,4770
4657,113,4770
4643,127,4770
4639,131,4770
4621,149,4770
4603,167,4770
4597,173,4770
4591,179,4770
4547,223,4770
4519,251,4770
4513,257,4770
4507,263,4770
4493,277,4770
4463,307,4770
4457,313,4770
4423,347,4770
4421,349,4770
4397,373,4770
4391,379,4770
4373,397,4770
4349,421,4770
4339,431,4770
4337,433,4770
4327,443,4770
4283,487,4770
4271,499,4770
4261,509,4770
4229,541,4770
4201,569,4770
4177,593,4770
4157,613,4770
4153,617,4770
4139,631,4770
4129,641,4770
4127,643,4770
4111,659,4770
4093,677,4770
4079,691,4770
4051,719,4770
4027,743,4770
4019,751,4770
4013,757,4770
4001,769,4770
3947,823,4770
3943,827,4770
3931,839,4770
3917,853,4770
3911,859,4770
3907,863,4770
3889,881,4770
3863,907,4770
3851,919,4770
3833,937,4770
3823,947,4770
3803,967,4770
3793,977,4770
3779,991,4770
3761,1009,4770
3739,1031,4770
3719,1051,4770
3709,1061,4770
3701,1069,4770
3677,1093,4770
3673,1097,4770
3617,1153,4770
3607,1163,4770
3583,1187,4770
3557,1213,4770
3547,1223,4770
3541,1229,4770
3539,1231,4770
3533,1237,4770
3511,1259,4770
3491,1279,4770
3469,1301,4770
3467,1303,4770
3463,1307,4770
3449,1321,4770
3389,1381,4770
3371,1399,4770
3361,1409,4770
3347,1423,4770
3343,1427,4770
3331,1439,4770
3323,1447,4770
3319,1451,4770
3299,1471,4770
3271,1499,4770
3259,1511,4770
3221,1549,4770
3217,1553,4770
3203,1567,4770
3191,1579,4770
3187,1583,4770
3169,1601,4770
3163,1607,4770
3061,1709,4770
3049,1721,4770
3037,1733,4770
3023,1747,4770
3011,1759,4770
2969,1801,4770
2939,1831,4770
2909,1861,4770
2903,1867,4770
2897,1873,4770
2857,1913,4770
2837,1933,4770
2819,1951,4770
2797,1973,4770
2791,1979,4770
2777,1993,4770
2767,2003,4770
2753,2017,4770
2741,2029,4770
2731,2039,4770
2707,2063,4770
2689,2081,4770
2687,2083,4770
2683,2087,4770
2671,2099,4770
2659,2111,4770
2657,2113,4770
2633,2137,4770
2617,2153,4770
2609,2161,4770
2591,2179,4770
2557,2213,4770
2549,2221,4770
2531,2239,4770
2503,2267,4770
2477,2293,4770
2473,2297,4770
2459,2311,4770
2437,2333,4770
2423,2347,4770
2399,2371,4770
2393,2377,4770
2389,2381,4770
4759,13,4772
4729,43,4772
4663,109,4772
4621,151,4772
4591,181,4772
4561,211,4772
4549,223,4772
4441,331,4772
4423,349,4772
4363,409,4772
4339,433,4772
4273,499,4772
4231,541,4772
4201,571,4772
4159,613,4772
4153,619,4772
4129,643,4772
4111,661,4772
4099,673,4772
4021,751,4772
4003,769,4772
3943,829,4772
3919,853,4772
3889,883,4772
3853,919,4772
3739,1033,4772
3733,1039,4772
3709,1063,4772
3643,1129,4772
3571,1201,4772
3559,1213,4772
3541,1231,4772
3469,1303,4772
3391,1381,4772
3373,1399,4772
3343,1429,4772
3319,1453,4772
3313,1459,4772
3301,1471,4772
3229,1543,4772
3163,1609,4772
3109,1663,4772
3079,1693,4772
3049,1723,4772
3019,1753,4772
2971,1801,4772
2719,2053,4772
2689,2083,4772
2683,2089,4772
2659,2113,4772
2593,2179,4772
2551,2221,4772
2521,2251,4772
2503,2269,4772
2389,2383,4772
4751,23,4774
4733,41,4774
4721,53,4774
4703,71,4774
4691,83,4774
4673,101,4774
4643,131,4774
4637,137,4774
4583,191,4774
4547,227,4774
4523,251,4774
4517,257,4774
4493,281,4774
4481,293,4774
4463,311,4774
4457,317,4774
4421,353,4774
4391,383,4774
4373,401,4774
4283,491,4774
4271,503,4774
4253,521,4774
4217,557,4774
4211,563,4774
4157,617,4774
4133,641,4774
4127,647,4774
4091,683,4774
4073,701,4774
4013,761,4774
4001,773,4774
3947,827,4774
3917,857,4774
3911,863,4774
3863,911,4774
3833,941,4774
3821,953,4774
3803,971,4774
3797,977,4774
3761,1013,4774
3677,1097,4774
3671,1103,4774
3623,1151,4774
3593,1181,4774
3581,1193,4774
3557,1217,4774
3491,1283,4774
3467,1307,4774
3413,1361,4774
3407,1367,4774
3347,1427,4774
3323,1451,4774
3251,1523,4774
3221,1553,4774
3203,1571,4774
3191,1583,4774
3167,1607,4774
3137,1637,4774
3041,1733,4774
2963,1811,4774
2927,1847,4774
2903,1871,4774
2897,1877,4774
2861,1913,4774
2843,1931,4774
2801,1973,4774
2777,1997,4774
2711,2063,4774
2693,2081,4774
2687,2087,4774
2663,2111,4774
2633,2141,4774
2621,2153,4774
2531,2243,4774
2477,2297,4774
2441,2333,4774
2423,2351,4774
2417,2357,4774
2393,2381,4774
4759,17,4776
4733,43,4776
4729,47,4776
4723,53,4776
4703,73,4776
4679,97,4776
4673,103,4776
4663,113,4776
4649,127,4776
4639,137,4776
4637,139,4776
4603,173,4776
4597,179,4776
4583,193,4776
4549,227,4776
4547,229,4776
4519,257,4776
4513,263,4776
4507,269,4776
4493,283,4776
4483,293,4776
4463,313,4776
4423,353,4776
4409,367,4776
4397,379,4776
4357,419,4776
4337,439,4776
4327,449,4776
4297,479,4776
4289,487,4776
4273,503,4776
4253,523,4776
4229,547,4776
4219,557,4776
4177,599,4776
4159,617,4776
4157,619,4776
4133,643,4776
4129,647,4776
4099,677,4776
4093,683,4776
4057,719,4776
4049,727,4776
4019,757,4776
4007,769,4776
4003,773,4776
3989,787,4776
3967,809,4776
3947,829,4776
3923,853,4776
3919,857,4776
3917,859,4776
3889,887,4776
3847,929,4776
3823,953,4776
3793,983,4776
3779,997,4776
3767,1009,4776
3727,1049,4776
3673,1103,4776
3659,1117,4776
3623,1153,4776
3613,1163,4776
3583,1193,4776
3559,1217,4776
3547,1229,4776
3539,1237,4776
3527,1249,4776
3517,1259,4776
3499,1277,4776
3469,1307,4776
3457,1319,4776
3449,1327,4776
3347,1429,4776
3343,1433,4776
3329,1447,4776
3323,1453,4776
3253,1523,4776
3217,1559,4776
3209,1567,4776
3169,1607,4776
3167,1609,4776
3163,1613,4776
3119,1657,4776
3109,1667,4776
3083,1693,4776
3079,1697,4776
3067,1709,4776
3023,1753,4776
2999,1777,4776
2953,1823,4776
2909,1867,4776
2903,1873,4776
2897,1879,4776
2887,1889,4776
2843,1933,4776
2803,1973,4776
2797,1979,4776
2789,1987,4776
2777,1999,4776
2749,2027,4776
2713,2063,4776
2707,2069,4776
2693,2083,4776
2689,2087,4776
2687,2089,4776
2677,2099,4776
2663,2113,4776
2647,2129,4776
2633,2143,4776
2539,2237,4776
2503,2273,4776
2467,2309,4776
2437,2339,4776
2399,2377,4776
2393,2383,4776
4759,19,4778
4651,127,4778
4639,139,4778
4621,157,4778
4597,181,4778
4567,211,4778
4549,229,4778
4507,271,4778
4447,331,4778
4441,337,4778
4357,421,4778
4339,439,4778
4231,547,4778
4201,577,4778
4177,601,4778
4159,619,4778
4051,727,4778
4027,751,4778
4021,757,4778
3967,811,4778
3919,859,4778
3769,1009,4778
3739,1039,4778
3727,1051,4778
3709,1069,4778
3691,1087,4778
3607,1171,4778
3547,1231,4778
3541,1237,4778
3529,1249,4778
3499,1279,4778
3457,1321,4778
3331,1447,4778
3319,1459,4778
3307,1471,4778
3229,1549,4778
3181,1597,4778
3169,1609,4778
3121,1657,4778
3109,1669,4778
3079,1699,4778
3037,1741,4778
3019,1759,4778
3001,1777,4778
2917,1861,4778
2791,1987,4778
2767,2011,4778
2749,2029,4778
2689,2089,4778
2647,2131,4778
2617,2161,4778
2557,2221,4778
2539,2239,4778
2467,2311,4778
2437,2341,4778
2389,2389,4778
4751,29,4780
4733,47,4780
4721,59,4780
4691,89,4780
4679,101,4780
4673,107,4780
4649,131,4780
4643,137,4780
4583,197,4780
4547,233,4780
4523,257,4780
4517,263,4780
4463,317,4780
4421,359,4780
4397,383,4780
4391,389,4780
4349,431,4780
4337,443,4780
4289,491,4780
4271,509,4780
4259,521,4780
4217,563,4780
4211,569,4780
4139,641,4780
4133,647,4780
4127,653,4780
4079,701,4780
4019,761,4780
4007,773,4780
3923,857,4780
3917,863,4780
3851,929,4780
3833,947,4780
3803,977,4780
3797,983,4780
3767,1013,4780
3761,1019,4780
3719,1061,4780
3677,1103,4780
3671,1109,4780
3617,1163,4780
3593,1187,4780
3557,1223,4780
3491,1289,4780
3461,1319,4780
3413,1367,4780
3407,1373,4780
3371,1409,4780
3347,1433,4780
3329,1451,4780
3299,1481,4780
3257,1523,4780
3221,1559,4780
3209,1571,4780
3167,1613,4780
3083,1697,4780
2969,1811,4780
2957,1823,4780
2909,1871,4780
2903,1877,4780
2879,1901,4780
2801,1979,4780
2777,2003,4780
2753,2027,4780
2741,2039,4780
2711,2069,4780
2699,2081,4780
2693,2087,4780
2543,2237,4780
2447,2333,4780
2441,2339,4780
2423,2357,4780
2399,2381,4780
4759,23,4782
4751,31,4782
4729,53,4782
4723,59,4782
4721,61,4782
4703,79,4782
4679,103,4782
4673,109,4782
4651,131,4782
4643,139,4782
4603,179,4782
4591,191,4782
4583,199,4782
4549,233,4782
4519,263,4782
4513,269,4782
4451,331,4782
4423,359,4782
4409,373,4782
4373,409,4782
4363,419,4782
4349,433,4782
4339,443,4782
4283,499,4782
4273,509,4782
4261,521,4782
4259,523,4782
4241,541,4782
4219,563,4782
4211,571,4782
4139,643,4782
4129,653,4782
4099,683,4782
4091,691,4782
4073,709,4782
4049,733,4782
4021,761,4782
4013,769,4782
3943,839,4782
3929,853,4782
3923,859,4782
3919,863,4782
3863,919,4782
3853,929,4782
3769,1013,4782
3761,1021,4782
3733,1049,4782
3719,1063,4782
3691,1091,4782
3673,1109,4782
3659,1123,4782
3631,1151,4782
3581,1201,4782
3559,1223,4782
3533,1249,4782
3499,1283,4782
3491,1291,4782
3463,1319,4782
3461,1321,4782
3373,1409,4782
3359,1423,4782
3343,1439,4782
3331,1451,4782
3329,1453,4782
3323,1459,4782
3301,1481,4782
3299,1483,4782
3271,1511,4782
3259,1523,4782
3251,1531,4782
3229,1553,4782
3203,1579,4782
3181,1601,4782
3169,1613,4782
3163,1619,4782
3119,1663,4782
3089,1693,4782
3083,1699,4782
3061,1721,4782
3049,1733,4782
3041,1741,4782
3023,1759,4782
2999,1783,4782
2971,1811,4782
2909,1873,4782
2903,1879,4782
2851,1931,4782
2833,1949,4782
2803,1979,4782
2789,1993,4782
2753,2029,4782
2729,2053,4782
2719,2063,4782
2713,2069,4782
2699,2083,4782
2693,2089,4782
2683,2099,4782
2671,2111,4782
2621,2161,4782
2579,2203,4782
2543,2239,4782
2539,2243,4782
2531,2251,4782
2473,2309,4782
2441,2341,4782
2411,2371,4782
2399,2383,4782
2393,2389,4782
4723,61,4784
4657,127,4784
4621,163,4784
4603,181,4784
4591,193,4784
4561,223,4784
4513,271,4784
4507,277,4784
4447,337,4784
4363,421,4784
4327,457,4784
4297,487,4784
4261,523,4784
4243,541,4784
4177,607,4784
4153,631,4784
4111,673,4784
4093,691,4784
4057,727,4784
4051,733,4784
4027,757,4784
3931,853,4784
3907,877,4784
3877,907,4784
3847,937,4784
3793,991,4784
3733,1051,4784
3697,1087,4784
3691,1093,4784
3631,1153,4784
3613,1171,4784
3583,1201,4784
3571,1213,4784
3547,1237,4784
3463,1321,4784
3457,1327,4784
3361,1423,4784
3331,1453,4784
3313,1471,4784
3301,1483,4784
3253,1531,4784
3217,1567,4784
3187,1597,4784
3163,1621,4784
3121,1663,4784
3061,1723,4784
3037,1747,4784
3001,1783,4784
2953,1831,4784
2917,1867,4784
2851,1933,4784
2833,1951,4784
2797,1987,4784
2791,1993,4784
2767,2017,4784
2731,2053,4784
2671,2113,4784
2647,2137,4784
2503,2281,4784
2473,2311,4784
2437,2347,4784
4783,3,4786
4733,53,4786
4703,83,4786
4679,107,4786
4673,113,4786
4649,137,4786
4637,149,4786
4547,239,4786
4523,263,4786
4517,269,4786
4493,293,4786
4397,389,4786
4337,449,4786
4283,503,4786
4229,557,4786
4217,569,4786
4139,647,4786
4133,653,4786
4127,659,4786
4013,773,4786
3989,797,4786
3947,839,4786
3929,857,4786
3923,863,4786
3833,953,4786
3803,983,4786
3767,1019,4786
3677,1109,4786
3623,1163,4786
3593,1193,4786
3557,1229,4786
3527,1259,4786
3467,1319,4786
3413,1373,4786
3359,1427,4786
3347,1439,4786
3299,1487,4786
3203,1583,4786
3167,1619,4786
3119,1667,4786
3089,1697,4786
2999,1787,4786
2963,1823,4786
2939,1847,4786
2909,1877,4786
2897,1889,4786
2879,1907,4786
2837,1949,4786
2789,1997,4786
2699,2087,4786
2687,2099,4786
2657,2129,4786
2633,2153,4786
2579,2207,4786
2549,2237,4786
2543,2243,4786
2477,2309,4786
2447,2339,4786
2393,2393,4786
4783,5,4788
4759,29,4788
4751,37,4788
4729,59,4788
4721,67,4788
4691,97,4788
4679,109,4788
4657,131,4788
4651,137,4788
4649,139,4788
4639,149,4788
4637,151,4788
4621,167,4788
4597,191,4788
4591,197,4788
4561,227,4788
4549,239,4788
4547,241,4788
4519,269,4788
4517,271,4788
4507,281,4788
4481,307,4788
4457,331,4788
4451,337,4788
4441,347,4788
4421,367,4788
4409,379,4788
4391,397,4788
4357,431,4788
4349,439,4788
4339,449,4788
4327,461,4788
4297,491,4788
4289,499,4788
4241,547,4788
4231,557,4788
4219,569,4788
4217,571,4788
4211,577,4788
4201,587,4788
4157,631,4788
4129,659,4788
4127,661,4788
4111,677,4788
4079,709,4788
4049,739,4788
4027,761,4788
4019,769,4788
4001,787,4788
3967,821,4788
3931,857,4788
3929,859,4788
3911,877,4788
3907,881,4788
3881,907,4788
3877,911,4788
3851,937,4788
3847,941,4788
3821,967,4788
3797,991,4788
3779,1009,4788
3769,1019,4788
3767,1021,4788
3739,1049,4788
3727,1061,4788
3719,1069,4788
3701,1087,4788
3697,1091,4788
3691,1097,4788
3671,1117,4788
3659,1129,4788
3637,1151,4788
3617,1171,4788
3607,1181,4788
3571,1217,4788
3559,1229,4788
3557,1231,4788
3539,1249,4788
3529,1259,4788
3511,1277,4788
3499,1289,4788
3491,1297,4788
3469,1319,4788
3467,1321,4788
3461,1327,4788
3407,1381,4788
3389,1399,4788
3361,1427,4788
3359,1429,4788
3329,1459,4788
3307,1481,4788
3301,1487,4788
3299,1489,4788
3257,1531,4788
3229,1559,4788
3221,1567,4788
3217,1571,4788
3209,1579,4788
3191,1597,4788
3187,1601,4788
3181,1607,4788
3169,1619,4788
3167,1621,4788
3121,1667,4788
3119,1669,4788
3089,1699,4788
3079,1709,4788
3067,1721,4788
3041,1747,4788
3011,1777,4788
3001,1787,4788
2999,1789,4788
2957,1831,4788
2927,1861,4788
2917,1871,4788
2909,1879,4788
2887,1901,4788
2857,1931,4788
2837,1951,4788
2801,1987,4788
2791,1997,4788
2789,1999,4788
2777,2011,4788
2749,2039,4788
2719,2069,4788
2707,2081,4788
2699,2089,4788
2689,2099,4788
2677,2111,4788
2659,2129,4788
2657,2131,4788
2647,2141,4788
2609,2179,4788
2551,2237,4788
2549,2239,4788
2521,2267,4788
2477,2311,4788
2447,2341,4788
2441,2347,4788
2437,2351,4788
2417,2371,4788
2411,2377,4788
2399,2389,4788
4787,3,4790
4783,7,4790
4759,31,4790
4729,61,4790
4723,67,4790
4663,127,4790
4651,139,4790
4639,151,4790
4597,193,4790
4591,199,4790
4567,223,4790
4561,229,4790
4549,241,4790
4519,271,4790
4513,277,4790
4507,283,4790
4483,307,4790
4441,349,4790
4423,367,4790
4357,433,4790
4327,463,4790
4243,547,4790
4219,571,4790
4177,613,4790
4159,631,4790
4129,661,4790
4099,691,4790
4057,733,4790
4051,739,4790
4021,769,4790
4003,787,4790
3967,823,4790
3931,859,4790
3907,883,4790
3853,937,4790
3823,967,4790
3793,997,4790
3769,1021,4790
3739,1051,4790
3727,1063,4790
3697,1093,4790
3673,1117,4790
3637,1153,4790
3559,1231,4790
3541,1249,4790
3511,1279,4790
3499,1291,4790
3469,1321,4790
3463,1327,4790
3391,1399,4790
3361,1429,4790
3343,1447,4790
3331,1459,4790
3319,1471,4790
3307,1483,4790
3301,1489,4790
3259,1531,4790
3181,1609,4790
3169,1621,4790
3163,1627,4790
3121,1669,4790
3067,1723,4790
3049,1741,4790
3037,1753,4790
3001,1789,4790
2917,1873,4790
2857,1933,4790
2803,1987,4790
2797,1993,4790
2791,1999,4790
2707,2083,4790
2677,2113,4790
2659,2131,4790
2647,2143,4790
2551,2239,4790
2539,2251,4790
2521,2269,4790
2503,2287,4790
4789,3,4792
4787,5,4792
4751,41,4792
4733,59,4792
4721,71,4792
4703,89,4792
4691,101,4792
4679,113,4792
4643,149,4792
4523,269,4792
4481,311,4792
4409,383,4792
4391,401,4792
4373,419,4792
4349,443,4792
4289,503,4792
4283,509,4792
4271,521,4792
4229,563,4792
4139,653,4792
4133,659,4792
4091,701,4792
4073,719,4792
4049,743,4792
4019,773,4792
3929,863,4792
3911,881,4792
3881,911,4792
3863,929,4792
3851,941,4792
3821,971,4792
3779,1013,4792
3761,1031,4792
3701,1091,4792
3533,1259,4792
3491,1301,4792
3359,1433,4792
3299,1493,4792
3221,1571,4792
3209,1583,4792
3191,1601,4792
3083,1709,4792
2969,1823,4792
2903,1889,4792
2879,1913,4792
2861,1931,4792
2843,1949,4792
2819,1973,4792
2789,2003,4792
2753,2039,4792
2729,2063,4792
2711,2081,4792
2693,2099,4792
2663,2129,4792
2579,2213,4792
2549,2243,4792
2459,2333,4792
2441,2351,4792
2411,2381,4792
2399,2393,4792
4789,5,4794
4787,7,4794
4783,11,4794
4751,43,4794
4733,61,4794
4723,71,4794
4721,73,4794
4691,103,4794
4663,131,4794
4657,137,4794
4643,151,4794
4637,157,4794
4621,173,4794
4603,191,4794
4597,197,4794
4583,211,4794
4567,227,4794
4561,233,4794
4523,271,4794
4517,277,4794
4513,281,4794
4483,311,4794
4481,313,4794
4463,331,4794
4457,337,4794
4447,347,4794
4441,353,4794
4421,373,4794
4397,397,4794
4373,421,4794
4363,431,4794
4337,457,4794
4327,467,4794
4273,521,4794
4271,523,4794
4253,541,4794
4231,563,4794
4217,577,4794
4201,593,4794
4177,617,4794
4153,641,4794
4133,661,4794
4111,683,4794
4093,701,4794
4051,743,4794
4021,773,4794
4007,787,4794
3967,827,4794
3931,863,4794
3917,877,4794
3911,883,4794
3907,887,4794
3853,941,4794
3847,947,4794
3823,971,4794
3803,991,4794
3797,997,4794
3761,1033,4794
3733,1061,4794
3701,1093,4794
3697,1097,4794
3691,1103,4794
3677,1117,4794
3671,1123,4794
3643,1151,4794
3631,1163,4794
3623,1171,4794
3613,1181,4794
3607,1187,4794
3593,1201,4794
3581,1213,4794
3571,1223,4794
3557,1237,4794
3517,1277,4794
3511,1283,4794
3491,1303,4794
3467,1327,4794
3433,1361,4794
3413,1381,4794
3371,1423,4794
3361,1433,4794
3347,1447,4794
3343,1451,4794
3323,1471,4794
3313,1481,4794
3307,1487,4794
3301,1493,4794
3271,1523,4794
3251,1543,4794
3187,1607,4794
3181,1613,4794
3167,1627,4794
3137,1657,4794
3061,1733,4794
3041,1753,4794
3011,1783,4794
2971,1823,4794
2963,1831,4794
2927,1867,4794
2917,1877,4794
2887,1907,4794
2861,1933,4794
2843,1951,4794
2801,1993,4794
2797,1997,4794
2791,2003,4794
2777,2017,4794
2767,2027,4794
2741,2053,4794
2731,2063,4794
2713,2081,4794
2711,2083,4794
2707,2087,4794
2683,2111,4794
2663,2131,4794
2657,2137,4794
2633,2161,4794
2591,2203,4794
2557,2237,4794
2551,2243,4794
2543,2251,4794
2521,2273,4794
2447,2347,4794
2437,2357,4794
2423,2371,4794
2417,2377,4794
2411,2383,4794
4793,3,4796
4789,7,4796
4783,13,4796
4759,37,4796
4729,67,4796
4723,73,4796
4657,139,4796
4639,157,4796
4603,193,4796
4597,199,4796
4567,229,4796
4519,277,4796
4513,283,4796
4483,313,4796
4447,349,4796
4423,373,4796
4363,433,4796
4357,439,4796
4339,457,4796
4297,499,4796
4273,523,4796
4219,577,4796
4177,619,4796
4153,643,4796
4057,739,4796
4027,769,4796
3967,829,4796
3943,853,4796
3919,877,4796
3889,907,4796
3877,919,4796
3733,1063,4796
3727,1069,4796
3709,1087,4796
3673,1123,4796
3643,1153,4796
3583,1213,4796
3559,1237,4796
3547,1249,4796
3517,1279,4796
3499,1297,4796
3469,1327,4796
3373,1423,4796
3343,1453,4796
3313,1483,4796
3307,1489,4796
3253,1543,4796
3229,1567,4796
3217,1579,4796
3187,1609,4796
3169,1627,4796
3049,1747,4796
3037,1759,4796
3019,1777,4796
2917,1879,4796
2803,1993,4796
2797,1999,4796
2767,2029,4796
2713,2083,4796
2707,2089,4796
2683,2113,4796
2659,2137,4796
2617,2179,4796
2593,2203,4796
2557,2239,4796
2503,2293,4796
4793,5,4798
4787,11,4798
4751,47,4798
4691,107,4798
4649,149,4798
4547,251,4798
4517,281,4798
4481,317,4798
4451,347,4798
4409,389,4798
4397,401,4798
4349,449,4798
4337,461,4798
4289,509,4798
4241,557,4798
4229,569,4798
4211,587,4798
4157,641,4798
4139,659,4798
4079,719,4798
4001,797,4798
3989,809,4798
3917,881,4798
3911,887,4798
3851,947,4798
3821,977,4798
3779,1019,4798
3767,1031,4798
3701,1097,4798
3617,1181,4798
3581,1217,4798
3539,1259,4798
3491,1307,4798
3389,1409,4798
3371,1427,4798
3359,1439,4798
3347,1451,4798
3299,1499,4798
3191,1607,4798
3089,1709,4798
3011,1787,4798
2927,1871,4798
2909,1889,4798
2897,1901,4798
2819,1979,4798
2801,1997,4798
2729,2069,4798
2711,2087,4798
2699,2099,4798
2687,2111,4798
2657,2141,4798
2591,2207,4798
2531,2267,4798
2459,2339,4798
2447,2351,4798
2441,2357,4798
2417,2381,4798
2399,2399,4798
4793,7,4800
4789,11,4800
4787,13,4800
4783,17,4800
4759,41,4800
4733,67,4800
4729,71,4800
4721,79,4800
4703,97,4800
4691,109,4800
4673,127,4800
4663,137,4800
4651,149,4800
4649,151,4800
4643,157,4800
4637,163,4800
4621,179,4800
4603,197,4800
4567,233,4800
4561,239,4800
4549,251,4800
4523,277,4800
4519,281,4800
4517,283,4800
4507,293,4800
4493,307,4800
4483,317,4800
4463,337,4800
4451,349,4800
4447,353,4800
4441,359,4800
4421,379,4800
4391,409,4800
4357,443,4800
4339,461,4800
4337,463,4800
4297,503,4800
4259,541,4800
4253,547,4800
4243,557,4800
4231,569,4800
4229,571,4800
4201,599,4800
4159,641,4800
4157,643,4800
4153,647,4800
4139,661,4800
4127,673,4800
4099,701,4800
4091,709,4800
4073,727,4800
4057,743,4800
4049,751,4800
4027,773,4800
4013,787,4800
4003,797,4800
3989,811,4800
3947,853,4800
3943,857,4800
3923,877,4800
3919,881,4800
3917,883,4800
3889,911,4800
3881,919,4800
3863,937,4800
3853,947,4800
3847,953,4800
3833,967,4800
3823,977,4800
3803,997,4800
3779,1021,4800
3769,1031,4800
3767,1033,4800
3761,1039,4800
3739,1061,4800
3709,1091,4800
3697,1103,4800
3691,1109,4800
3677,1123,4800
3671,1129,4800
3637,1163,4800
3613,1187,4800
3607,1193,4800
3583,1217,4800
3571,1229,4800
3541,1259,4800
3517,1283,4800
3511,1289,4800
3499,1301,4800
3433,1367,4800
3391,1409,4800
3373,1427,4800
3371,1429,4800
3361,1439,4800
3347,1453,4800
3329,1471,4800
3319,1481,4800
3313,1487,4800
3307,1493,4800
3301,1499,4800
3257,1543,4800
3251,1549,4800
3229,1571,4800
3221,1579,4800
3217,1583,4800
3203,1597,4800
3191,1609,4800
3187,1613,4800
3181,1619,4800
3163,1637,4800
3137,1663,4800
3079,1721,4800
3067,1733,4800
3041,1759,4800
3023,1777,4800
3011,1789,4800
2999,1801,4800
2969,1831,4800
2953,1847,4800
2939,1861,4800
2927,1873,4800
2887,1913,4800
2851,1949,4800
2803,1997,4800
2801,1999,4800
2797,2003,4800
2789,2011,4800
2731,2069,4800
2719,2081,4800
2713,2087,4800
2711,2089,4800
2689,2111,4800
2687,2113,4800
2671,2129,4800
2663,2137,4800
2659,2141,4800
2657,2143,4800
2647,2153,4800
2621,2179,4800
2593,2207,4800
2579,2221,4800
2557,2243,4800
2549,2251,4800
2531,2269,4800
2503,2297,4800
2467,2333,4800
2459,2341,4800
2423,2377,4800
2417,2383,4800
2411,2389,4800
4799,3,4802
4789,13,4802
4783,19,4802
4759,43,4802
4729,73,4802
4723,79,4802
4663,139,4802
4651,151,4802
4639,163,4802
4621,181,4802
4603,199,4802
4591,211,4802
4561,241,4802
4519,283,4802
4423,379,4802
4363,439,4802
4339,463,4802
4261,541,4802
4231,571,4802
4201,601,4802
4159,643,4802
4129,673,4802
4111,691,4802
4093,709,4802
4051,751,4802
3943,859,4802
3919,883,4802
3793,1009,4802
3769,1033,4802
3739,1063,4802
3733,1069,4802
3709,1093,4802
3673,1129,4802
3631,1171,4802
3571,1231,4802
3511,1291,4802
3499,1303,4802
3373,1429,4802
3343,1459,4802
3331,1471,4802
3319,1483,4802
3313,1489,4802
3271,1531,4802
3259,1543,4802
3253,1549,4802
3181,1621,4802
3109,1693,4802
3079,1723,4802
3061,1741,4802
3049,1753,4802
3019,1783,4802
3001,1801,4802
2971,1831,4802
2851,1951,4802
2803,1999,4802
2791,2011,4802
2749,2053,4802
2719,2083,4802
2713,2089,4802
2689,2113,4802
2671,2131,4802
2659,2143,4802
2551,2251,4802
2521,2281,4802
4801,3,4804
4799,5,4804
4793,11,4804
4787,17,4804
4751,53,4804
4733,71,4804
4721,83,4804
4703,101,4804
4691,113,4804
4673,131,4804
4637,167,4804
4547,257,4804
4523,281,4804
4493,311,4804
4457,347,4804
4451,353,4804
4421,383,4804
4373,431,4804
4337,467,4804
4283,521,4804
4241,563,4804
4217,587,4804
4211,593,4804
4157,647,4804
4127,677,4804
4007,797,4804
3947,857,4804
3923,881,4804
3917,887,4804
3863,941,4804
3851,953,4804
3833,971,4804
3821,983,4804
3701,1103,4804
3623,1181,4804
3617,1187,4804
3581,1223,4804
3527,1277,4804
3371,1433,4804
3323,1481,4804
3251,1553,4804
3221,1583,4804
3203,1601,4804
3191,1613,4804
3167,1637,4804
3137,1667,4804
3083,1721,4804
2957,1847,4804
2927,1877,4804
2903,1901,4804
2897,1907,4804
2801,2003,4804
2777,2027,4804
2741,2063,4804
2693,2111,4804
2663,2141,4804
2591,2213,4804
2531,2273,4804
2447,2357,4804
2423,2381,4804
2411,2393,4804
4801,5,4806
4799,7,4806
4793,13,4806
4789,17,4806
4787,19,4806
4783,23,4806
4759,47,4806
4733,73,4806
4723,83,4806
4703,103,4806
4679,127,4806
4657,149,4806
4649,157,4806
4643,163,4806
4639,167,4806
4583,223,4806
4567,239,4806
4549,257,4806
4523,283,4806
4513,293,4806
4493,313,4806
4457,349,4806
4447,359,4806
4423,383,4806
4409,397,4806
4397,409,4806
4373,433,4806
4363,443,4806
4357,449,4806
4349,457,4806
4339,467,4806
4327,479,4806
4297,509,4806
4283,523,4806
4259,547,4806
4243,563,4806
4229,577,4806
4219,587,4806
4159,647,4806
4153,653,4806
4133,673,4806
4129,677,4806
4079,727,4806
4073,733,4806
4049,757,4806
4019,787,4806
3967,839,4806
3947,859,4806
3943,863,4806
3929,877,4806
3923,883,4806
3919,887,4806
3877,929,4806
3853,953,4806
3823,983,4806
3797,1009,4806
3793,1013,4806
3767,1039,4806
3719,1087,4806
3709,1097,4806
3697,1109,4806
3677,1129,4806
3643,1163,4806
3613,1193,4806
3593,1213,4806
3583,1223,4806
3557,1249,4806
3547,1259,4806
3529,1277,4806
3527,1279,4806
3517,1289,4806
3499,1307,4806
3433,1373,4806
3407,1399,4806
3373,1433,4806
3359,1447,4806
3347,1459,4806
3323,1483,4806
3319,1487,4806
3313,1493,4806
3307,1499,4806
3257,1549,4806
3253,1553,4806
3209,1597,4806
3187,1619,4806
3169,1637,4806
3137,1669,4806
3109,1697,4806
3083,1723,4806
3023,1783,4806
3019,1787,4806
2939,1867,4806
2927,1879,4806
2917,1889,4806
2857,1949,4806
2833,1973,4806
2819,1987,4806
2803,2003,4806
2789,2017,4806
2777,2029,4806
2767,2039,4806
2753,2053,4806
2719,2087,4806
2707,2099,4806
2693,2113,4806
2677,2129,4806
2663,2143,4806
2593,2213,4806
2539,2267,4806
2473,2333,4806
2467,2339,4806
2459,2347,4806
2423,2383,4806
2417,2389,4806
4801,7,4808
4789,19,4808
4729,79,4808
4657,151,4808
4651,157,4808
4597,211,4808
4567,241,4808
4441,367,4808
4261,547,4808
4231,577,4808
4201,607,4808
4177,631,4808
4099,709,4808
4057,751,4808
4051,757,4808
4021,787,4808
3931,877,4808
3889,919,4808
3769,1039,4808
3739,1069,4808
3691,1117,4808
3637,1171,4808
3607,1201,4808
3571,1237,4808
3559,1249,4808
3529,1279,4808
3517,1291,4808
3511,1297,4808
3361,1447,4808
3319,1489,4808
3259,1549,4808
3229,1579,4808
3187,1621,4808
3181,1627,4808
3109,1699,4808
3067,1741,4808
3061,1747,4808
3049,1759,4808
3019,1789,4808
2857,1951,4808
2797,2011,4808
2791,2017,4808
2719,2089,4808
2677,2131,4808
2671,2137,4808
2647,2161,4808
2557,2251,4808
2539,2269,4808
2521,2287,4808
2467,2341,4808
2437,2371,4808
4799,11,4810
4793,17,4810
4787,23,4810
4751,59,4810
4721,89,4810
4703,107,4810
4679,131,4810
4673,137,4810
4643,167,4810
4637,173,4810
4583,227,4810
4547,263,4810
4517,293,4810
4493,317,4810
4463,347,4810
4457,353,4810
4451,359,4810
4421,389,4810
4409,401,4810
4391,419,4810
4349,461,4810
4289,521,4810
4253,557,4810
4241,569,4810
4217,593,4810
4211,599,4810
4157,653,4810
4133,677,4810
4127,683,4810
4091,719,4810
4049,761,4810
4013,797,4810
4001,809,4810
3989,821,4810
3947,863,4810
3929,881,4810
3923,887,4810
3881,929,4810
3863,947,4810
3833,977,4810
3797,1013,4810
3779,1031,4810
3761,1049,4810
3719,1091,4810
3701,1109,4810
3659,1151,4810
3623,1187,4810
3617,1193,4810
3593,1217,4810
3581,1229,4810
3533,1277,4810
3527,1283,4810
3491,1319,4810
3449,1361,4810
3371,1439,4810
3359,1451,4810
3329,1481,4810
3323,1487,4810
3299,1511,4810
3257,1553,4810
3251,1559,4810
3209,1601,4810
3203,1607,4810
3191,1619,4810
3089,1721,4810
3023,1787,4810
2999,1811,4810
2963,1847,4810
2939,1871,4810
2909,1901,4810
2903,1907,4810
2897,1913,4810
2879,1931,4810
2861,1949,4810
2837,1973,4810
2741,2069,4810
2729,2081,4810
2711,2099,4810
2699,2111,4810
2657,2153,4810
2543,2267,4810
2477,2333,4810
2459,2351,4810
2417,2393,4810
2411,2399,4810
4801,11,4812
4799,13,4812
4793,19,4812
4789,23,4812
4783,29,4812
4759,53,4812
4751,61,4812
4733,79,4812
4729,83,4812
4723,89,4812
4703,109,4812
4673,139,4812
4663,149,4812
4649,163,4812
4639,173,4812
4621,191,4812
4583,229,4812
4561,251,4812
4549,263,4812
4519,293,4812
4481,331,4812
4463,349,4812
4423,389,4812
4391,421,4812
4373,439,4812
4363,449,4812
4349,463,4812
4289,523,4812
4271,541,4812
4243,569,4812
4241,571,4812
4219,593,4812
4211,601,4812
4159,653,4812
4153,659,4812
4139,673,4812
4129,683,4812
4111,701,4812
4093,719,4812
4079,733,4812
4073,739,4812
4051,761,4812
4003,809,4812
4001,811,4812
3989,823,4812
3931,881,4812
3929,883,4812
3821,991,4812
3803,1009,4812
3793,1019,4812
3779,1033,4812
3761,1051,4812
3719,1093,4812
3709,1103,4812
3659,1153,4812
3631,1181,4812
3583,1229,4812
3581,1231,4812
3533,1279,4812
3529,1283,4812
3511,1301,4812
3491,1321,4812
3413,1399,4812
3389,1423,4812
3373,1439,4812
3361,1451,4812
3359,1453,4812
3331,1481,4812
3329,1483,4812
3323,1489,4812
3319,1493,4812
3313,1499,4812
3301,1511,4812
3259,1553,4812
3253,1559,4812
3229,1583,4812
3203,1609,4812
3191,1621,4812
3119,1693,4812
3089,1723,4812
3079,1733,4812
3023,1789,4812
3011,1801,4812
3001,1811,4812
2939,1873,4812
2879,1933,4812
2861,1951,4812
2833,1979,4812
2819,1993,4812
2801,2011,4812
2749,2063,4812
2731,2081,4812
2729,2083,4812
2713,2099,4812
2699,2113,4812
2683,2129,4812
2671,2141,4812
2659,2153,4812
2633,2179,4812
2609,2203,4812
2591,2221,4812
2543,2269,4812
2539,2273,4812
2531,2281,4812
2503,2309,4812
2473,2339,4812
2441,2371,4812
2423,2389,4812
4801,13,4814
4783,31,4814
4663,151,4814
4657,157,4814
4651,163,4814
4621,193,4814
4603,211,4814
4591,223,4814
4507,307,4814
4483,331,4814
4447,367,4814
4441,373,4814
4357,457,4814
4327,487,4814
4273,541,4814
4243,571,4814
4201,613,4814
4153,661,4814
4057,757,4814
4027,787,4814
4003,811,4814
3931,883,4814
3907,907,4814
3877,937,4814
3847,967,4814
3823,991,4814
3793,1021,4814
3727,1087,4814
3697,1117,4814
3691,1123,4814
3643,1171,4814
3613,1201,4814
3583,1231,4814
3517,1297,4814
3511,1303,4814
3433,1381,4814
3391,1423,4814
3361,1453,4814
3343,1471,4814
3331,1483,4814
3271,1543,4814
3217,1597,4814
3187,1627,4814
3121,1693,4814
3067,1747,4814
3061,1753,4814
3037,1777,4814
2953,1861,4814
2803,2011,4814
2797,2017,4814
2731,2083,4814
2683,2131,4814
2677,2137,4814
2671,2143,4814
2593,2221,4814
2521,2293,4814
2503,2311,4814
2473,2341,4814
2467,2347,4814
2437,2377,4814
4813,3,4816
4799,17,4816
4793,23,4816
4787,29,4816
4733,83,4816
4703,113,4816
4679,137,4816
4649,167,4816
4643,173,4816
4637,179,4816
4583,233,4816
4547,269,4816
4523,293,4816
4463,353,4816
4457,359,4816
4397,419,4816
4373,443,4816
4349,467,4816
4337,479,4816
4259,557,4816
4253,563,4816
4229,587,4816
4217,599,4816
4157,659,4816
4139,677,4816
4133,683,4816
4073,743,4816
4019,797,4816
4007,809,4816
3989,827,4816
3929,887,4816
3863,953,4816
3833,983,4816
3803,1013,4816
3797,1019,4816
3767,1049,4816
3719,1097,4816
3623,1193,4816
3593,1223,4816
3557,1259,4816
3539,1277,4816
3533,1283,4816
3527,1289,4816
3449,1367,4816
3407,1409,4816
3389,1427,4816
3329,1487,4816
3323,1493,4816
3257,1559,4816
3209,1607,4816
3203,1613,4816
3119,1697,4816
3083,1733,4816
2969,1847,4816
2939,1877,4816
2927,1889,4816
2909,1907,4816
2903,1913,4816
2843,1973,4816
2837,1979,4816
2819,1997,4816
2789,2027,4816
2777,2039,4816
2753,2063,4816
2729,2087,4816
2687,2129,4816
2663,2153,4816
2609,2207,4816
2579,2237,4816
2549,2267,4816
2543,2273,4816
2477,2339,4816
2459,2357,4816
2423,2393,4816
2417,2399,4816
4813,5,4818
4801,17,4818
4799,19,4818
4789,29,4818
4787,31,4818
4759,59,4818
4751,67,4818
4729,89,4818
4721,97,4818
4691,127,4818
4679,139,4818
4651,167,4818
4639,179,4818
4637,181,4818
4621,197,4818
4591,227,4818
4567,251,4818
4561,257,4818
4549,269,4818
4547,271,4818
4507,311,4818
4481,337,4818
4451,367,4818
4421,397,4818
4409,409,4818
4397,421,4818
4357,461,4818
4339,479,4818
4327,491,4818
4297,521,4818
4271,547,4818
4261,557,4818
4241,577,4818
4231,587,4818
4219,599,4818
4217,601,4818
4211,607,4818
4201,617,4818
4177,641,4818
4159,659,4818
4157,661,4818
4127,691,4818
4099,719,4818
4091,727,4818
4079,739,4818
4057,761,4818
4049,769,4818
4021,797,4818
4007,811,4818
3989,829,4818
3931,887,4818
3911,907,4818
3907,911,4818
3889,929,4818
3881,937,4818
3877,941,4818
3851,967,4818
3847,971,4818
3821,997,4818
3797,1021,4818
3779,1039,4818
3769,1049,4818
3767,1051,4818
3727,1091,4818
3709,1109,4818
3701,1117,4818
3637,1181,4818
3631,1187,4818
3617,1201,4818
3581,1237,4818
3559,1259,4818
3541,1277,4818
3539,1279,4818
3529,1289,4818
3527,1291,4818
3517,1301,4818
3511,1307,4818
3499,1319,4818
3491,1327,4818
3457,1361,4818
3391,1427,4818
3389,1429,4818
3371,1447,4818
3359,1459,4818
3347,1471,4818
3331,1487,4818
3329,1489,4818
3319,1499,4818
3307,1511,4818
3259,1559,4818
3251,1567,4818
3221,1597,4818
3217,1601,4818
3209,1609,4818
3191,1627,4818
3181,1637,4818
3121,1697,4818
3119,1699,4818
3109,1709,4818
3041,1777,4818
2971,1847,4818
2957,1861,4818
2939,1879,4818
2917,1901,4818
2887,1931,4818
2819,1999,4818
2801,2017,4818
2791,2027,4818
2789,2029,4818
2749,2069,4818
2731,2087,4818
2729,2089,4818
2719,2099,4818
2707,2111,4818
2689,2129,4818
2687,2131,4818
2677,2141,4818
2657,2161,4818
2579,2239,4818
2551,2267,4818
2549,2269,4818
2531,2287,4818
2521,2297,4818
2477,2341,4818
2467,2351,4818
2447,2371,4818
2441,2377,4818
2437,2381,4818
4817,3,4820
4813,7,4820
4801,19,4820
4789,31,4820
4783,37,4820
4759,61,4820
4723,97,4820
4663,157,4820
4657,163,4820
4639,181,4820
4621,199,4820
4597,223,4820
4591,229,4820
4549,271,4820
4513,307,4820
4507,313,4820
4483,337,4820
4447,373,4820
4441,379,4820
4423,397,4820
4363,457,4820
4357,463,4820
4297,523,4820
4273,547,4820
4243,577,4820
4219,601,4820
4201,619,4820
4177,643,4820
4159,661,4820
4129,691,4820
4111,709,4820
4093,727,4820
4051,769,4820
3967,853,4820
3943,877,4820
3853,967,4820
3823,997,4820
3769,1051,4820
3733,1087,4820
3727,1093,4820
3697,1123,4820
3691,1129,4820
3607,1213,4820
3583,1237,4820
3571,1249,4820
3541,1279,4820
3529,1291,4820
3517,1303,4820
3499,1321,4820
3391,1429,4820
3373,1447,4820
3361,1459,4820
3331,1489,4820
3271,1549,4820
3253,1567,4820
3163,1657,4820
3121,1699,4820
3079,1741,4820
3067,1753,4820
3061,1759,4820
3037,1783,4820
3019,1801,4820
2953,1867,4820
2887,1933,4820
2833,1987,4820
2803,2017,4820
2791,2029,4820
2767,2053,4820
2731,2089,4820
2707,2113,4820
2689,2131,4820
2683,2137,4820
2677,2143,4820
2659,2161,4820
2617,2203,4820
2551,2269,4820
2539,2281,4820
2473,2347,4820
2437,2383,4820
4817,5,4822
4799,23,4822
4793,29,4822
4751,71,4822
4733,89,4822
4721,101,4822
4691,131,4822
4673,149,4822
4649,173,4822
4643,179,4822
4583,239,4822
4463,359,4822
4421,401,4822
4391,431,4822
4373,449,4822
4259,563,4822
4253,569,4822
4229,593,4822
4139,683,4822
4079,743,4822
4049,773,4822
4013,809,4822
4001,821,4822
3911,911,4822
3881,941,4822
3851,971,4822
3803,1019,4822
3761,1061,4822
3719,1103,4822
3671,1151,4822
3659,1163,4822
3593,1229,4822
3539,1283,4822
3533,1289,4822
3461,1361,4822
3449,1373,4822
3413,1409,4822
3389,1433,4822
3371,1451,4822
3329,1493,4822
3323,1499,4822
3299,1523,4822
3251,1571,4822
3221,1601,4822
3209,1613,4822
3203,1619,4822
3089,1733,4822
3011,1811,4822
2999,1823,4822
2909,1913,4822
2843,1979,4822
2819,2003,4822
2753,2069,4822
2741,2081,4822
2711,2111,4822
2693,2129,4822
2609,2213,4822
2579,2243,4822
2549,2273,4822
2441,2381,4822
2423,2399,4822
2411,2411,4822
4817,7,4824
4813,11,4824
4801,23,4824
4793,31,4824
4787,37,4824
4783,41,4824
4751,73,4824
4723,101,4824
4721,103,4824
4673,151,4824
4657,167,4824
4651,173,4824
4643,181,4824
4597,227,4824
4591,233,4824
4583,241,4824
4567,257,4824
4561,263,4824
4547,277,4824
4517,307,4824
4513,311,4824
4507,317,4824
4493,331,4824
4457,367,4824
4451,373,4824
4441,383,4824
4423,401,4824
4391,433,4824
4363,461,4824
4357,467,4824
4337,487,4824
4283,541,4824
4261,563,4824
4253,571,4824
4231,593,4824
4217,607,4824
4211,613,4824
4177,647,4824
4133,691,4824
4091,733,4824
4073,751,4824
4051,773,4824
4027,797,4824
4013,811,4824
4003,821,4824
4001,823,4824
3967,857,4824
3947,877,4824
3943,881,4824
3917,907,4824
3877,947,4824
3853,971,4824
3847,977,4824
3833,991,4824
3803,1021,4824
3793,1031,4824
3761,1063,4824
3733,1091,4824
3727,1097,4824
3701,1123,4824
3673,1151,4824
3671,1153,4824
3643,1181,4824
3637,1187,4824
3631,1193,4824
3623,1201,4824
3607,1217,4824
3593,1231,4824
3547,1277,4824
3541,1283,4824
3533,1291,4824
3527,1297,4824
3517,1307,4824
3463,1361,4824
3457,1367,4824
3391,1433,4824
3373,1451,4824
3371,1453,4824
3343,1481,4824
3331,1493,4824
3313,1511,4824
3301,1523,4824
3271,1553,4824
3257,1567,4824
3253,1571,4824
3217,1607,4824
3203,1621,4824
3187,1637,4824
3167,1657,4824
3083,1741,4824
3041,1783,4824
3037,1787,4824
3023,1801,4824
3001,1823,4824
2963,1861,4824
2957,1867,4824
2953,1871,4824
2917,1907,4824
2851,1973,4824
2837,1987,4824
2797,2027,4824
2741,2083,4824
2713,2111,4824
2711,2113,4824
2693,2131,4824
2687,2137,4824
2683,2141,4824
2671,2153,4824
2663,2161,4824
2621,2203,4824
2617,2207,4824
2557,2267,4824
2551,2273,4824
2543,2281,4824
2531,2293,4824
2477,2347,4824
2473,2351,4824
2467,2357,4824
2447,2377,4824
2441,2383,4824
4813,13,4826
4789,37,4826
4783,43,4826
4759,67,4826
4729,97,4826
4723,103,4826
4663,163,4826
4603,223,4826
4597,229,4826
4549,277,4826
4519,307,4826
4513,313,4826
4447,379,4826
4363,463,4826
4339,487,4826
4327,499,4826
4219,607,4826
4153,673,4826
4099,727,4826
4093,733,4826
4057,769,4826
4003,823,4826
3967,859,4826
3943,883,4826
3919,907,4826
3907,919,4826
3889,937,4826
3793,1033,4826
3739,1087,4826
3733,1093,4826
3709,1117,4826
3697,1129,4826
3673,1153,4826
3613,1213,4826
3547,1279,4826
3529,1297,4826
3499,1327,4826
3373,1453,4826
3343,1483,4826
3259,1567,4826
3229,1597,4826
3217,1609,4826
3169,1657,4826
3163,1663,4826
3079,1747,4826
3067,1759,4826
3049,1777,4826
3037,1789,4826
2953,1873,4826
2833,1993,4826
2797,2029,4826
2713,2113,4826
2689,2137,4826
2683,2143,4826
2647,2179,4826
2557,2269,4826
2539,2287,4826
2437,2389,4826
4817,11,4828
4799,29,4828
4787,41,4828
4721,107,4828
4691,137,4828
4679,149,4828
4649,179,4828
4637,191,4828
4547,281,4828
4517,311,4828
4481,347,4828
4409,419,4828
4397,431,4828
4349,479,4828
4337,491,4828
4271,557,4828
4259,569,4828
4241,587,4828
4229,599,4828
4211,617,4828
4127,701,4828
4019,809,4828
4007,821,4828
4001,827,4828
3989,839,4828
3947,881,4828
3917,911,4828
3881,947,4828
3851,977,4828
3797,1031,4828
3779,1049,4828
3767,1061,4828
3719,1109,4828
3677,1151,4828
3539,1289,4828
3527,1301,4828
3467,1361,4828
3461,1367,4828
3389,1439,4828
3347,1481,4828
3329,1499,4828
3257,1571,4828
3221,1607,4828
3209,1619,4828
3191,1637,4828
3119,1709,4828
3041,1787,4828
2957,1871,4828
2939,1889,4828
2927,1901,4828
2897,1931,4828
2879,1949,4828
2801,2027,4828
2789,2039,4828
2741,2087,4828
2729,2099,4828
2699,2129,4828
2687,2141,4828
2621,2207,4828
2591,2237,4828
2531,2297,4828
2477,2351,4828
2447,2381,4828
2417,2411,4828
4817,13,4830
4813,17,4830
4801,29,4830
4799,31,4830
4793,37,4830
4789,41,4830
4787,43,4830
4783,47,4830
4759,71,4830
4751,79,4830
4733,97,4830
4729,101,4830
4723,107,4830
4721,109,4830
4703,127,4830
4691,139,4830
4679,151,4830
4673,157,4830
4663,167,4830
4657,173,4830
4651,179,4830
4649,181,4830
4639,191,4830
4637,193,4830
4603,227,4830
4597,233,4830
4591,239,4830
4567,263,4830
4561,269,4830
4549,281,4830
4547,283,4830
4523,307,4830
4519,311,4830
4517,313,4830
4513,317,4830
4493,337,4830
4483,347,4830
4481,349,4830
4463,367,4830
4457,373,4830
4451,379,4830
4447,383,4830
4441,389,4830
4421,409,4830
4409,421,4830
4397,433,4830
4391,439,4830
4373,457,4830
4363,467,4830
4339,491,4830
4327,503,4830
4289,541,4830
4283,547,4830
4273,557,4830
4261,569,4830
4259,571,4830
4253,577,4830
4243,587,4830
4231,599,4830
4229,601,4830
4217,613,4830
4211,619,4830
4177,653,4830
4157,673,4830
4153,677,4830
4139,691,4830
4129,701,4830
4111,719,4830
4091,739,4830
4079,751,4830
4073,757,4830
4057,773,4830
4021,809,4830
4019,811,4830
4007,823,4830
4003,827,4830
4001,829,4830
3967,863,4830
3947,883,4830
3943,887,4830
3923,907,4830
3919,911,4830
3911,919,4830
3889,941,4830
3877,953,4830
3863,967,4830
3853,977,4830
3847,983,4830
3833,997,4830
3821,1009,4830
3797,1033,4830
3779,1051,4830
3769,1061,4830
3767,1063,4830
3761,1069,4830
3739,1091,4830
3733,1097,4830
3727,1103,4830
3701,1129,4830
3677,1153,4830
3659,1171,4830
3643,1187,4830
3637,1193,4830
3617,1213,4830
3613,1217,4830
3607,1223,4830
3593,1237,4830
3581,1249,4830
3571,1259,4830
3547,1283,4830
3541,1289,4830
3539,1291,4830
3533,1297,4830
3529,1301,4830
3527,1303,4830
3511,1319,4830
3469,1361,4830
3463,1367,4830
3457,1373,4830
3449,1381,4830
3407,1423,4830
3391,1439,4830
3371,1459,4830
3359,1471,4830
3347,1483,4830
3343,1487,4830
3331,1499,4830
3319,1511,4830
3307,1523,4830
3299,1531,4830
3271,1559,4830
3259,1571,4830
3251,1579,4830
3229,1601,4830
3221,1609,4830
3217,1613,4830
3209,1621,4830
3203,1627,4830
3167,1663,4830
3163,1667,4830
3137,1693,4830
3121,1709,4830
3109,1721,4830
3089,1741,4830
3083,1747,4830
3041,1789,4830
3019,1811,4830
2999,1831,4830
2969,1861,4830
2963,1867,4830
2957,1873,4830
2953,1877,4830
2917,1913,4830
2897,1933,4830
2879,1951,4830
2857,1973,4830
2851,1979,4830
2843,1987,4830
2837,1993,4830
2833,1997,4830
2819,2011,4830
2803,2027,4830
2801,2029,4830
2791,2039,4830
2777,2053,4830
2767,2063,4830
2749,2081,4830
2741,2089,4830
2731,2099,4830
2719,2111,4830
2699,2131,4830
2693,2137,4830
2689,2141,4830
2687,2143,4830
2677,2153,4830
2617,2213,4830
2609,2221,4830
2593,2237,4830
2591,2239,4830
2579,2251,4830
2557,2273,4830
2549,2281,4830
2543,2287,4830
2521,2309,4830
2473,2357,4830
2459,2371,4830
2447,2383,4830
2441,2389,4830
2437,2393,4830
4813,19,4832
4801,31,4832
4789,43,4832
4759,73,4832
4729,103,4832
4723,109,4832
4651,181,4832
4639,193,4832
4621,211,4832
4603,229,4832
4591,241,4832
4561,271,4832
4549,283,4832
4519,313,4832
4483,349,4832
4423,409,4832
4261,571,4832
4231,601,4832
4219,613,4832
4201,631,4832
4159,673,4832
4099,733,4832
4093,739,4832
4021,811,4832
4003,829,4832
3823,1009,4832
3793,1039,4832
3769,1063,4832
3739,1093,4832
3709,1123,4832
3631,1201,4832
3583,1249,4832
3541,1291,4832
3529,1303,4832
3511,1321,4832
3433,1399,4832
3373,1459,4832
3361,1471,4832
3343,1489,4832
3301,1531,4832
3253,1579,4832
3169,1663,4832
3163,1669,4832
3109,1723,4832
3079,1753,4832
3049,1783,4832
3001,1831,4832
2971,1861,4832
2953,1879,4832
2833,1999,4832
2803,2029,4832
2749,2083,4832
2719,2113,4832
2689,2143,4832
2671,2161,4832
2593,2239,4832
2551,2281,4832
2539,2293,4832
2521,2311,4832
4831,3,4834
4817,17,4834
4793,41,4834
4787,47,4834
4751,83,4834
4733,101,4834
4721,113,4834
4703,131,4834
4643,191,4834
4637,197,4834
4583,251,4834
4523,311,4834
4517,317,4834
4481,353,4834
4451,383,4834
4391,443,4834
4373,461,4834
4271,563,4834
4241,593,4834
4217,617,4834
4157,677,4834
4133,701,4834
4091,743,4834
4073,761,4834
4013,821,4834
4007,827,4834
3947,887,4834
3923,911,4834
3881,953,4834
3863,971,4834
3851,983,4834
3821,1013,4834
3803,1031,4834
3671,1163,4834
3617,1217,4834
3557,1277,4834
3533,1301,4834
3527,1307,4834
3467,1367,4834
3461,1373,4834
3407,1427,4834
3347,1487,4834
3323,1511,4834
3251,1583,4834
3221,1613,4834
3167,1667,4834
3137,1697,4834
3023,1811,4834
3011,1823,4834
2963,1871,4834
2957,1877,4834
2927,1907,4834
2903,1931,4834
2861,1973,4834
2837,1997,4834
2753,2081,4834
2693,2141,4834
2621,2213,4834
2591,2243,4834
2477,2357,4834
2441,2393,4834
2423,2411,4834
2417,2417,4834
4831,5,4836
4817,19,4836
4813,23,4836
4799,37,4836
4793,43,4836
4789,47,4836
4783,53,4836
4733,103,4836
4729,107,4836
4723,113,4836
4679,157,4836
4673,163,4836
4663,173,4836
4657,179,4836
4643,193,4836
4639,197,4836
4637,199,4836
4603,233,4836
4597,239,4836
4567,269,4836
4523,313,4836
4519,317,4836
4483,353,4836
4463,373,4836
4457,379,4836
4447,389,4836
4397,439,4836
4373,463,4836
4357,479,4836
4349,487,4836
4337,499,4836
4327,509,4836
4289,547,4836
4273,563,4836
4259,577,4836
4243,593,4836
4229,607,4836
4219,617,4836
4217,619,4836
4177,659,4836
4159,677,4836
4153,683,4836
4127,709,4836
4093,743,4836
4079,757,4836
4049,787,4836
4027,809,4836
4013,823,4836
4007,829,4836
3929,907,4836
3917,919,4836
3907,929,4836
3889,947,4836
3853,983,4836
3823,1013,4836
3803,1033,4836
3797,1039,4836
3767,1069,4836
3739,1097,4836
3733,1103,4836
3727,1109,4836
3719,1117,4836
3673,1163,4836
3643,1193,4836
3623,1213,4836
3613,1223,4836
3607,1229,4836
3559,1277,4836
3557,1279,4836
3547,1289,4836
3539,1297,4836
3533,1303,4836
3529,1307,4836
3517,1319,4836
3469,1367,4836
3463,1373,4836
3413,1423,4836
3407,1429,4836
3389,1447,4836
3347,1489,4836
3343,1493,4836
3313,1523,4836
3257,1579,4836
3253,1583,4836
3229,1607,4836
3217,1619,4836
3209,1627,4836
3169,1667,4836
3167,1669,4836
3137,1699,4836
3089,1747,4836
3083,1753,4836
3049,1787,4836
2969,1867,4836
2963,1873,4836
2957,1879,4836
2903,1933,4836
2887,1949,4836
2857,1979,4836
2843,1993,4836
2837,1999,4836
2833,2003,4836
2819,2017,4836
2797,2039,4836
2767,2069,4836
2753,2083,4836
2749,2087,4836
2707,2129,4836
2699,2137,4836
2693,2143,4836
2683,2153,4836
2657,2179,4836
2633,2203,4836
2593,2243,4836
2549,2287,4836
2543,2293,4836
2539,2297,4836
2503,2333,4836
2459,2377,4836
2447,2389,4836
2437,2399,4836
4831,7,4838
4801,37,4838
4759,79,4838
4729,109,4838
4657,181,4838
4639,199,4838
4597,241,4838
4567,271,4838
4561,277,4838
4507,331,4838
4441,397,4838
4339,499,4838
4297,541,4838
4261,577,4838
4231,607,4838
4219,619,4838
4177,661,4838
4129,709,4838
4111,727,4838
4099,739,4838
4051,787,4838
4027,811,4838
3931,907,4838
3919,919,4838
3847,991,4838
3769,1069,4838
3709,1129,4838
3637,1201,4838
3607,1231,4838
3559,1279,4838
3547,1291,4838
3541,1297,4838
3517,1321,4838
3511,1327,4838
3457,1381,4838
3391,1447,4838
3307,1531,4838
3271,1567,4838
3259,1579,4838
3229,1609,4838
3217,1621,4838
3181,1657,4838
3169,1669,4838
3079,1759,4838
3061,1777,4838
3049,1789,4838
3037,1801,4838
2971,1867,4838
2887,1951,4838
2851,1987,4838
2749,2089,4838
2707,2131,4838
2677,2161,4838
2659,2179,4838
2617,2221,4838
2557,2281,4838
2551,2287,4838
2467,2371,4838
4817,23,4840
4799,41,4840
4793,47,4840
4787,53,4840
4751,89,4840
4733,107,4840
4703,137,4840
4691,149,4840
4673,167,4840
4649,191,4840
4643,197,4840
4583,257,4840
4547,293,4840
4523,317,4840
4493,347,4840
4481,359,4840
4457,383,4840
4451,389,4840
4421,419,4840
4409,431,4840
4397,443,4840
4391,449,4840
4373,467,4840
4349,491,4840
4337,503,4840
4283,557,4840
4271,569,4840
4253,587,4840
4241,599,4840
4157,683,4840
4139,701,4840
4079,761,4840
4019,821,4840
4013,827,4840
4001,839,4840
3929,911,4840
3911,929,4840
3863,977,4840
3821,1019,4840
3779,1061,4840
3677,1163,4840
3659,1181,4840
3623,1217,4840
3617,1223,4840
3581,1259,4840
3557,1283,4840
3539,1301,4840
3533,1307,4840
3467,1373,4840
3413,1427,4840
3407,1433,4840
3389,1451,4840
3359,1481,4840
3347,1493,4840
3329,1511,4840
3257,1583,4840
3221,1619,4840
3203,1637,4840
3119,1721,4840
2969,1871,4840
2963,1877,4840
2939,1901,4840
2927,1913,4840
2909,1931,4840
2861,1979,4840
2843,1997,4840
2837,2003,4840
2801,2039,4840
2777,2063,4840
2753,2087,4840
2741,2099,4840
2729,2111,4840
2711,2129,4840
2699,2141,4840
2687,2153,4840
2633,2207,4840
2543,2297,4840
2531,2309,4840
2459,2381,4840
2447,2393,4840
2441,2399,4840
2423,2417,4840
4831,11,4842
4813,29,4842
4801,41,4842
4799,43,4842
4789,53,4842
4783,59,4842
4759,83,4842
4733,109,4842
4729,113,4842
4703,139,4842
4691,151,4842
4679,163,4842
4663,179,4842
4651,191,4842
4649,193,4842
4643,199,4842
4603,239,4842
4591,251,4842
4561,281,4842
4549,293,4842
4493,349,4842
4483,359,4842
4463,379,4842
4441,401,4842
4423,419,4842
4421,421,4842
4409,433,4842
4363,479,4842
4339,503,4842
4273,569,4842
4271,571,4842
4243,599,4842
4241,601,4842
4229,613,4842
4211,631,4842
4201,641,4842
4159,683,4842
4133,709,4842
4099,743,4842
4091,751,4842
4073,769,4842
4021,821,4842
4019,823,4842
4013,829,4842
4003,839,4842
3989,853,4842
3931,911,4842
3923,919,4842
3889,953,4842
3851,991,4842
3833,1009,4842
3823,1019,4842
3821,1021,4842
3803,1039,4842
3793,1049,4842
3779,1063,4842
3739,1103,4842
3733,1109,4842
3719,1123,4842
3691,1151,4842
3671,1171,4842
3613,1229,4842
3593,1249,4842
3583,1259,4842
3559,1283,4842
3541,1301,4842
3539,1303,4842
3469,1373,4842
3461,1381,4842
3433,1409,4842
3413,1429,4842
3391,1451,4842
3389,1453,4842
3371,1471,4842
3361,1481,4842
3359,1483,4842
3343,1499,4842
3331,1511,4842
3319,1523,4842
3299,1543,4842
3271,1571,4842
3259,1583,4842
3229,1613,4842
3221,1621,4842
3121,1721,4842
3119,1723,4842
3109,1733,4842
3089,1753,4842
3083,1759,4842
3041,1801,4842
3019,1823,4842
3011,1831,4842
2971,1871,4842
2969,1873,4842
2963,1879,4842
2953,1889,4842
2909,1933,4842
2843,1999,4842
2803,2039,4842
2789,2053,4842
2753,2089,4842
2731,2111,4842
2729,2113,4842
2713,2129,4842
2711,2131,4842
2699,2143,4842
2689,2153,4842
2663,2179,4842
2621,2221,4842
2591,2251,4842
2549,2293,4842
2531,2311,4842
2503,2339,4842
2459,2383,4842
4831,13,4844
4813,31,4844
4801,43,4844
4783,61,4844
4663,181,4844
4651,193,4844
4621,223,4844
4603,241,4844
4567,277,4844
4561,283,4844
4513,331,4844
4507,337,4844
4447,397,4844
4423,421,4844
4357,487,4844
4297,547,4844
4273,571,4844
4243,601,4844
4231,613,4844
4201,643,4844
4153,691,4844
4111,733,4844
4093,751,4844
4057,787,4844
4021,823,4844
3967,877,4844
3907,937,4844
3877,967,4844
3853,991,4844
3847,997,4844
3823,1021,4844
3793,1051,4844
3727,1117,4844
3691,1153,4844
3673,1171,4844
3643,1201,4844
3631,1213,4844
3613,1231,4844
3607,1237,4844
3547,1297,4844
3541,1303,4844
3517,1327,4844
3463,1381,4844
3391,1453,4844
3373,1471,4844
3361,1483,4844
3313,1531,4844
3301,1543,4844
3217,1627,4844
3187,1657,4844
3181,1663,4844
3121,1723,4844
3067,1777,4844
3061,1783,4844
2971,1873,4844
2857,1987,4844
2851,1993,4844
2833,2011,4844
2791,2053,4844
2731,2113,4844
2713,2131,4844
2707,2137,4844
2683,2161,4844
2593,2251,4844
2557,2287,4844
2551,2293,4844
2503,2341,4844
2473,2371,4844
2467,2377,4844
4817,29,4846
4799,47,4846
4793,53,4846
4787,59,4846
4733,113,4846
4679,167,4846
4673,173,4846
4649,197,4846
4583,263,4846
4493,353,4846
4463,383,4846
4457,389,4846
4397,449,4846
4337,509,4846
4289,557,4846
4283,563,4846
4259,587,4846
4253,593,4846
4229,617,4846
4127,719,4846
4073,773,4846
4049,797,4846
4019,827,4846
4007,839,4846
3989,857,4846
3917,929,4846
3863,983,4846
3833,1013,4846
3797,1049,4846
3659,1187,4846
3623,1223,4846
3617,1229,4846
3557,1289,4846
3539,1307,4846
3527,1319,4846
3413,1433,4846
3407,1439,4846
3359,1487,4846
3347,1499,4846
3323,1523,4846
3209,1637,4846
3137,1709,4846
3023,1823,4846
2999,1847,4846
2969,1877,4846
2957,1889,4846
2939,1907,4846
2897,1949,4846
2843,2003,4846
2819,2027,4846
2777,2069,4846
2693,2153,4846
2633,2213,4846
2609,2237,4846
2579,2267,4846
2549,2297,4846
2447,2399,4846
2423,2423,4846
4831,17,4848
4817,31,4848
4801,47,4848
4789,59,4848
4787,61,4848
4759,89,4848
4751,97,4848
4721,127,4848
4691,157,4848
4657,191,4848
4651,197,4848
4649,199,4848
4637,211,4848
4621,227,4848
4597,251,4848
4591,257,4848
4567,281,4848
4517,331,4848
4481,367,4848
4451,397,4848
4447,401,4848
4409,439,4848
4391,457,4848
4357,491,4848
4349,499,4848
4339,509,4848
4327,521,4848
4271,577,4848
4261,587,4848
4241,607,4848
4231,617,4848
4229,619,4848
4217,631,4848
4201,647,4848
4157,691,4848
4139,709,4848
4129,719,4848
4091,757,4848
4079,769,4848
4051,797,4848
4027,821,4848
4021,827,4848
4019,829,4848
3989,859,4848
3967,881,4848
3929,919,4848
3919,929,4848
3911,937,4848
3907,941,4848
3881,967,4848
3877,971,4848
3851,997,4848
3797,1051,4848
3779,1069,4848
3761,1087,4848
3739,1109,4848
3719,1129,4848
3697,1151,4848
3677,1171,4848
3631,1217,4848
3617,1231,4848
3571,1277,4848
3559,1289,4848
3557,1291,4848
3547,1301,4848
3541,1307,4848
3529,1319,4848
3527,1321,4848
3467,1381,4848
3449,1399,4848
3389,1459,4848
3361,1487,4848
3359,1489,4848
3299,1549,4848
3251,1597,4848
3229,1619,4848
3221,1627,4848
3191,1657,4848
3181,1667,4848
3089,1759,4848
3061,1787,4848
3037,1811,4848
3001,1847,4848
2971,1877,4848
2969,1879,4848
2917,1931,4848
2897,1951,4848
2861,1987,4848
2851,1997,4848
2837,2011,4848
2819,2029,4848
2767,2081,4848
2749,2099,4848
2719,2129,4848
2711,2137,4848
2707,2141,4848
2687,2161,4848
2609,2239,4848
2579,2269,4848
2551,2297,4848
2539,2309,4848
2477,2371,4848
2467,2381,4848
2459,2389,4848
2437,2411,4848
4831,19,4850
4813,37,4850
4789,61,4850
4783,67,4850
4723,127,4850
4657,193,4850
4651,199,4850
4639,211,4850
4621,229,4850
4567,283,4850
4519,331,4850
4513,337,4850
4483,367,4850
4441,409,4850
4363,487,4850
4327,523,4850
4273,577,4850
4243,607,4850
4231,619,4850
4219,631,4850
4177,673,4850
4159,691,4850
4111,739,4850
4099,751,4850
4093,757,4850
4027,823,4850
4021,829,4850
3967,883,4850
3943,907,4850
3931,919,4850
3853,997,4850
3733,1117,4850
3727,1123,4850
3697,1153,4850
3637,1213,4850
3613,1237,4850
3571,1279,4850
3559,1291,4850
3547,1303,4850
3529,1321,4850
3469,1381,4850
3391,1459,4850
3361,1489,4850
3319,1531,4850
3307,1543,4850
3301,1549,4850
3271,1579,4850
3253,1597,4850
3229,1621,4850
3187,1663,4850
3181,1669,4850
3109,1741,4850
3067,1783,4850
3061,1789,4850
3049,1801,4850
3019,1831,4850
2971,1879,4850
2917,1933,4850
2857,1993,4850
2851,1999,4850
2833,2017,4850
2797,2053,4850
2767,2083,4850
2719,2131,4850
2713,2137,4850
2707,2143,4850
2689,2161,4850
2671,2179,4850
2647,2203,4850
2557,2293,4850
2539,2311,4850
2503,2347,4850
2473,2377,4850
2467,2383,4850
4799,53,4852
4793,59,4852
4751,101,4852
4721,131,4852
4703,149,4852
4679,173,4852
4673,179,4852
4583,269,4852
4493,359,4852
4463,389,4852
4451,401,4852
4421,431,4852
4409,443,4852
4391,461,4852
4373,479,4852
4349,503,4852
4289,563,4852
4283,569,4852
4259,593,4852
4253,599,4852
4211,641,4852
4133,719,4852
4091,761,4852
4079,773,4852
4013,839,4852
3989,863,4852
3923,929,4852
3911,941,4852
3881,971,4852
3833,1019,4852
3821,1031,4852
3803,1049,4852
3761,1091,4852
3701,1151,4852
3671,1181,4852
3659,1193,4852
3623,1229,4852
3593,1259,4852
3533,1319,4852
3491,1361,4852
3413,1439,4852
3371,1481,4852
3359,1493,4852
3329,1523,4852
3299,1553,4852
3251,1601,4852
3119,1733,4852
3041,1811,4852
2963,1889,4852
2939,1913,4852
2903,1949,4852
2879,1973,4852
2789,2063,4852
2753,2099,4852
2741,2111,4852
2711,2141,4852
2699,2153,4852
2609,2243,4852
2579,2273,4852
2543,2309,4852
2459,2393,4852
2441,2411,4852
4831,23,4854
4817,37,4854
4813,41,4854
4801,53,4854
4793,61,4854
4787,67,4854
4783,71,4854
4751,103,4854
4723,131,4854
4703,151,4854
4691,163,4854
4673,181,4854
4663,191,4854
4657,197,4854
4643,211,4854
4621,233,4854
4603,251,4854
4597,257,4854
4591,263,4854
4583,271,4854
4561,293,4854
4547,307,4854
4523,331,4854
4517,337,4854
4507,347,4854
4481,373,4854
4457,397,4854
4423,431,4854
4421,433,4854
4397,457,4854
4391,463,4854
4363,491,4854
4297,557,4854
4283,571,4854
4261,593,4854
4253,601,4854
4241,613,4854
4211,643,4854
4201,653,4854
4177,677,4854
4153,701,4854
4127,727,4854
4111,743,4854
4093,761,4854
4057,797,4854
4027,827,4854
4001,853,4854
3967,887,4854
3947,907,4854
3943,911,4854
3917,937,4854
3907,947,4854
3877,977,4854
3863,991,4854
3833,1021,4854
3823,1031,4854
3821,1033,4854
3803,1051,4854
3793,1061,4854
3767,1087,4854
3761,1093,4854
3701,1153,4854
3691,1163,4854
3673,1181,4854
3637,1217,4854
3631,1223,4854
3623,1231,4854
3617,1237,4854
3571,1283,4854
3557,1297,4854
3547,1307,4854
3533,1321,4854
3527,1327,4854
3407,1447,4854
3373,1481,4854
3371,1483,4854
3361,1493,4854
3343,1511,4854
3331,1523,4854
3323,1531,4854
3301,1553,4854
3271,1583,4854
3257,1597,4854
3253,1601,4854
3217,1637,4854
3191,1663,4854
3187,1667,4854
3121,1733,4854
3067,1787,4854
3023,1831,4854
2953,1901,4854
2903,1951,4854
2861,1993,4854
2857,1997,4854
2851,2003,4854
2843,2011,4854
2837,2017,4854
2801,2053,4854
2791,2063,4854
2767,2087,4854
2741,2113,4854
2713,2141,4854
2711,2143,4854
2693,2161,4854
2647,2207,4854
2633,2221,4854
2617,2237,4854
2557,2297,4854
2543,2311,4854
2521,2333,4854
2503,2351,4854
2477,2377,4854
2473,2381,4854
2437,2417,4854
4813,43,4856
4789,67,4856
4783,73,4856
4759,97,4856
4729,127,4856
4663,193,4856
4657,199,4856
4549,307,4856
4519,337,4856
4507,349,4856
4483,373,4856
4447,409,4856
4423,433,4856
4357,499,4856
4243,613,4856
4129,727,4856
4099,757,4856
4027,829,4856
4003,853,4856
3919,937,4856
3889,967,4856
3847,1009,4856
3823,1033,4856
3793,1063,4856
3769,1087,4856
3739,1117,4856
3733,1123,4856
3727,1129,4856
3643,1213,4856
3607,1249,4856
3559,1297,4856
3529,1327,4856
3457,1399,4856
3433,1423,4856
3373,1483,4856
3313,1543,4856
3307,1549,4856
3259,1597,4856
3229,1627,4856
3187,1669,4856
3163,1693,4856
3109,1747,4856
3079,1777,4856
3067,1789,4856
2857,1999,4856
2803,2053,4856
2767,2089,4856
2719,2137,4856
2713,2143,4856
2677,2179,4856
2617,2239,4856
2473,2383,4856
2467,2389,4856
4817,41,4858
4799,59,4858
4787,71,4858
4751,107,4858
4721,137,4858
4691,167,4858
4679,179,4858
4547,311,4858
4457,401,4858
4409,449,4858
4397,461,4858
4391,467,4858
4349,509,4858
4337,521,4858
4289,569,4858
4271,587,4858
4259,599,4858
4241,617,4858
4217,641,4858
4211,647,4858
4157,701,4858
4139,719,4858
4049,809,4858
4019,839,4858
4001,857,4858
3947,911,4858
3929,929,4858
3917,941,4858
3911,947,4858
3881,977,4858
3797,1061,4858
3767,1091,4858
3761,1097,4858
3677,1181,4858
3671,1187,4858
3581,1277,4858
3557,1301,4858
3539,1319,4858
3491,1367,4858
3449,1409,4858
3407,1451,4858
3371,1487,4858
3359,1499,4858
3347,1511,4858
3299,1559,4858
3257,1601,4858
3251,1607,4858
3221,1637,4858
3191,1667,4858
3137,1721,4858
3011,1847,4858
2969,1889,4858
2957,1901,4858
2927,1931,4858
2909,1949,4858
2879,1979,4858
2861,1997,4858
2819,2039,4858
2789,2069,4858
2777,2081,4858
2729,2129,4858
2621,2237,4858
2591,2267,4858
2549,2309,4858
2477,2381,4858
2459,2399,4858
2447,2411,4858
2441,2417,4858
4831,29,4860
4817,43,4860
4813,47,4860
4801,59,4860
4799,61,4860
4793,67,4860
4789,71,4860
4787,73,4860
4759,101,4860
4751,109,4860
4733,127,4860
4729,131,4860
4723,137,4860
4721,139,4860
4703,157,4860
4679,181,4860
4663,197,4860
4649,211,4860
4637,223,4860
4621,239,4860
4603,257,4860
4597,263,4860
4591,269,4860
4583,277,4860
4567,293,4860
4549,311,4860
4547,313,4860
4523,337,4860
4513,347,4860
4507,353,4860
4493,367,4860
4481,379,4860
4463,397,4860
4451,409,4860
4441,419,4860
4421,439,4860
4397,463,4860
4373,487,4860
4357,503,4860
4339,521,4860
4337,523,4860
4297,563,4860
4289,571,4860
4283,577,4860
4273,587,4860
4261,599,4860
4259,601,4860
4253,607,4860
4243,617,4860
4241,619,4860
4229,631,4860
4219,641,4860
4217,643,4860
4201,659,4860
4177,683,4860
4159,701,4860
4133,727,4860
4127,733,4860
4099,761,4860
4091,769,4860
4073,787,4860
4051,809,4860
4049,811,4860
4021,839,4860
4007,853,4860
4003,857,4860
4001,859,4860
3931,929,4860
3923,937,4860
3919,941,4860
3907,953,4860
3889,971,4860
3877,983,4860
3863,997,4860
3851,1009,4860
3847,1013,4860
3821,1039,4860
3797,1063,4860
3769,1091,4860
3767,1093,4860
3709,1151,4860
3697,1163,4860
3673,1187,4860
3659,1201,4860
3643,1217,4860
3637,1223,4860
3631,1229,4860
3623,1237,4860
3583,1277,4860
3581,1279,4860
3571,1289,4860
3559,1301,4860
3557,1303,4860
3541,1319,4860
3539,1321,4860
3533,1327,4860
3499,1361,4860
3461,1399,4860
3433,1427,4860
3413,1447,4860
3407,1453,4860
3389,1471,4860
3373,1487,4860
3371,1489,4860
3361,1499,4860
3329,1531,4860
3307,1553,4860
3301,1559,4860
3259,1601,4860
3253,1607,4860
3251,1609,4860
3203,1657,4860
3191,1669,4860
3167,1693,4860
3163,1697,4860
3137,1723,4860
3119,1741,4860
3083,1777,4860
3049,1811,4860
3037,1823,4860
2999,1861,4860
2971,1889,4860
2953,1907,4860
2927,1933,4860
2909,1951,4860
2887,1973,4860
2861,1999,4860
2857,2003,4860
2843,2017,4860
2833,2027,4860
2797,2063,4860
2791,2069,4860
2777,2083,4860
2749,2111,4860
2731,2129,4860
2729,2131,4860
2719,2141,4860
2707,2153,4860
2699,2161,4860
2657,2203,4860
2647,2213,4860
2621,2239,4860
2617,2243,4860
2609,2251,4860
2593,2267,4860
2591,2269,4860
2579,2281,4860
2551,2309,4860
2549,2311,4860
2521,2339,4860
2503,2357,4860
2477,2383,4860
2467,2393,4860
2437,2423,4860
4831,31,4862
4801,61,4862
4789,73,4862
4783,79,4862
4759,103,4862
4723,139,4862
4663,199,4862
4651,211,4862
4639,223,4862
4621,241,4862
4591,271,4862
4549,313,4862
4513,349,4862
4483,379,4862
4441,421,4862
4423,439,4862
4363,499,4862
4339,523,4862
4261,601,4862
4243,619,4862
4231,631,4862
4219,643,4862
4201,661,4862
4153,709,4862
4129,733,4862
4111,751,4862
4093,769,4862
4051,811,4862
4003,859,4862
3943,919,4862
3853,1009,4862
3823,1039,4862
3793,1069,4862
3769,1093,4862
3739,1123,4862
3733,1129,4862
3709,1153,4862
3691,1171,4862
3631,1231,4862
3613,1249,4862
3583,1279,4862
3571,1291,4862
3559,1303,4862
3541,1321,4862
3463,1399,4862
3433,1429,4862
3391,1471,4862
3373,1489,4862
3331,1531,4862
3319,1543,4862
3313,1549,4862
3253,1609,4862
3169,1693,4862
3163,1699,4862
3121,1741,4862
3109,1753,4862
3079,1783,4862
3061,1801,4862
3001,1861,4862
2851,2011,4862
2833,2029,4862
2749,2113,4862
2731,2131,4862
2719,2143,4862
2683,2179,4862
2659,2203,4862
2593,2269,4862
2551,2311,4862
2521,2341,4862
2473,2389,4862
4861,3,4864
4817,47,4864
4793,71,4864
4751,113,4864
4733,131,4864
4691,173,4864
4673,191,4864
4637,227,4864
4583,281,4864
4547,317,4864
4517,347,4864
4481,383,4864
4463,401,4864
4421,443,4864
4397,467,4864
4373,491,4864
4271,593,4864
4217,647,4864
4211,653,4864
4091,773,4864
4007,857,4864
4001,863,4864
3923,941,4864
3917,947,4864
3911,953,4864
3881,983,4864
3851,1013,4864
3833,1031,4864
3803,1061,4864
3767,1097,4864
3761,1103,4864
3701,1163,4864
3677,1187,4864
3671,1193,4864
3581,1283,4864
3557,1307,4864
3491,1373,4864
3413,1451,4864
3371,1493,4864
3257,1607,4864
3251,1613,4864
3167,1697,4864
3041,1823,4864
2963,1901,4864
2957,1907,4864
2861,2003,4864
2837,2027,4864
2801,2063,4864
2777,2087,4864
2753,2111,4864
2711,2153,4864
2657,2207,4864
2621,2243,4864
2591,2273,4864
2531,2333,4864
2447,2417,4864
2441,2423,4864
4861,5,4866
4813,53,4866
4799,67,4866
4793,73,4866
4787,79,4866
4783,83,4866
4759,107,4866
4729,137,4866
4703,163,4866
4673,193,4866
4643,223,4866
4639,227,4866
4637,229,4866
4603,263,4866
4597,269,4866
4583,283,4866
4549,317,4866
4519,347,4866
4517,349,4866
4513,353,4866
4507,359,4866
4493,373,4866
4483,383,4866
4457,409,4866
4447,419,4866
4423,443,4866
4409,457,4866
4363,503,4866
4357,509,4866
4297,569,4866
4289,577,4866
4273,593,4866
4259,607,4866
4253,613,4866
4219,647,4866
4157,709,4866
4139,727,4866
4133,733,4866
4127,739,4866
4093,773,4866
4079,787,4866
4057,809,4866
4027,839,4866
4013,853,4866
4007,859,4866
4003,863,4866
3989,877,4866
3947,919,4866
3929,937,4866
3919,947,4866
3889,977,4866
3853,1013,4866
3847,1019,4866
3833,1033,4866
3803,1063,4866
3797,1069,4866
3779,1087,4866
3769,1097,4866
3673,1193,4866
3643,1223,4866
3637,1229,4866
3617,1249,4866
3607,1259,4866
3583,1283,4866
3559,1307,4866
3547,1319,4866
3539,1327,4866
3499,1367,4866
3467,1399,4866
3457,1409,4866
3433,1433,4866
3413,1453,4866
3407,1459,4866
3373,1493,4866
3343,1523,4866
3323,1543,4866
3313,1553,4866
3307,1559,4866
3299,1567,4866
3259,1607,4866
3257,1609,4866
3253,1613,4866
3229,1637,4866
3209,1657,4866
3203,1663,4866
3169,1697,4866
3167,1699,4866
3119,1747,4866
3089,1777,4866
3083,1783,4866
3079,1787,4866
3019,1847,4866
2999,1867,4866
2953,1913,4866
2917,1949,4866
2887,1979,4866
2879,1987,4866
2837,2029,4866
2803,2063,4866
2797,2069,4866
2777,2089,4866
2767,2099,4866
2753,2113,4866
2729,2137,4866
2713,2153,4866
2687,2179,4866
2663,2203,4866
2659,2207,4866
2593,2273,4866
2579,2287,4866
2557,2309,4866
2477,2389,4866
2473,2393,4866
2467,2399,4866
4861,7,4868
4831,37,4868
4801,67,4868
4789,79,4868
4759,109,4868
4729,139,4868
4657,211,4868
4639,229,4868
4597,271,4868
4591,277,4868
4561,307,4868
4519,349,4868
4447,421,4868
4327,541,4868
4297,571,4868
4261,607,4868
4177,691,4868
4159,709,4868
4129,739,4868
4111,757,4868
4099,769,4868
4057,811,4868
3931,937,4868
3877,991,4868
3847,1021,4868
3739,1129,4868
3697,1171,4868
3637,1231,4868
3631,1237,4868
3571,1297,4868
3547,1321,4868
3541,1327,4868
3469,1399,4868
3319,1549,4868
3301,1567,4868
3271,1597,4868
3259,1609,4868
3169,1699,4868
3121,1747,4868
3109,1759,4868
3079,1789,4868
3067,1801,4868
3037,1831,4868
3001,1867,4868
2917,1951,4868
2857,2011,4868
2851,2017,4868
2731,2137,4868
2707,2161,4868
2689,2179,4868
2647,2221,4868
2617,2251,4868
2557,2311,4868
2521,2347,4868
4817,53,4870
4799,71,4870
4787,83,4870
4733,137,4870
4721,149,4870
4703,167,4870
4691,179,4870
4679,191,4870
4673,197,4870
4643,227,4870
4637,233,4870
4523,347,4870
4517,353,4870
4481,389,4870
4451,419,4870
4421,449,4870
4409,461,4870
4391,479,4870
4349,521,4870
4283,587,4870
4271,599,4870
4253,617,4870
4229,641,4870
4217,653,4870
4211,659,4870
4127,743,4870
4073,797,4870
4049,821,4870
4013,857,4870
4007,863,4870
3989,881,4870
3929,941,4870
3923,947,4870
3917,953,4870
3851,1019,4870
3821,1049,4870
3779,1091,4870
3767,1103,4870
3761,1109,4870
3719,1151,4870
3677,1193,4870
3593,1277,4870
3581,1289,4870
3461,1409,4870
3389,1481,4870
3371,1499,4870
3359,1511,4870
3347,1523,4870
3299,1571,4870
3257,1613,4870
3251,1619,4870
3203,1667,4870
3137,1733,4870
3083,1787,4870
3023,1847,4870
2999,1871,4870
2969,1901,4870
2963,1907,4870
2957,1913,4870
2939,1931,4870
2897,1973,4870
2843,2027,4870
2801,2069,4870
2789,2081,4870
2741,2129,4870
2729,2141,4870
2663,2207,4870
2657,2213,4870
2633,2237,4870
2531,2339,4870
2477,2393,4870
2459,2411,4870
2447,2423,4870
4861,11,4872
4831,41,4872
4813,59,4872
4801,71,4872
4799,73,4872
4793,79,4872
4789,83,4872
4783,89,4872
4759,113,4872
4733,139,4872
4723,149,4872
4721,151,4872
4691,181,4872
4679,193,4872
4673,199,4872
4649,223,4872
4643,229,4872
4639,233,4872
4621,251,4872
4603,269,4872
4591,281,4872
4561,311,4872
4523,349,4872
4519,353,4872
4513,359,4872
4493,379,4872
4483,389,4872
4463,409,4872
4451,421,4872
4441,431,4872
4423,449,4872
4409,463,4872
4373,499,4872
4363,509,4872
4349,523,4872
4273,599,4872
4271,601,4872
4259,613,4872
4253,619,4872
4241,631,4872
4231,641,4872
4229,643,4872
4219,653,4872
4211,661,4872
4153,719,4872
4139,733,4872
4133,739,4872
4129,743,4872
4111,761,4872
4099,773,4872
4051,821,4872
4049,823,4872
4019,853,4872
4013,859,4872
3989,883,4872
3943,929,4872
3931,941,4872
3919,953,4872
3889,983,4872
3881,991,4872
3863,1009,4872
3853,1019,4872
3851,1021,4872
3833,1039,4872
3823,1049,4872
3821,1051,4872
3803,1069,4872
3779,1093,4872
3769,1103,4872
3719,1153,4872
3709,1163,4872
3701,1171,4872
3691,1181,4872
3671,1201,4872
3659,1213,4872
3643,1229,4872
3623,1249,4872
3613,1259,4872
3593,1279,4872
3583,1289,4872
3581,1291,4872
3571,1301,4872
3511,1361,4872
3499,1373,4872
3491,1381,4872
3463,1409,4872
3449,1423,4872
3433,1439,4872
3413,1459,4872
3391,1481,4872
3389,1483,4872
3373,1499,4872
3361,1511,4872
3329,1543,4872
3323,1549,4872
3319,1553,4872
3313,1559,4872
3301,1571,4872
3271,1601,4872
3259,1613,4872
3253,1619,4872
3251,1621,4872
3209,1663,4872
3203,1669,4872
3163,1709,4872
3119,1753,4872
3089,1783,4872
3083,1789,4872
3061,1811,4872
3049,1823,4872
3041,1831,4872
3011,1861,4872
3001,1871,4872
2999,1873,4872
2971,1901,4872
2939,1933,4872
2879,1993,4872
2861,2011,4872
2843,2029,4872
2833,2039,4872
2819,2053,4872
2803,2069,4872
2791,2081,4872
2789,2083,4872
2741,2131,4872
2731,2141,4872
2729,2143,4872
2719,2153,4872
2711,2161,4872
2693,2179,4872
2659,2213,4872
2633,2239,4872
2621,2251,4872
2591,2281,4872
2579,2293,4872
2539,2333,4872
2531,2341,4872
2521,2351,4872
2473,2399,4872
4871,3,4874
4861,13,4874
4831,43,4874
4813,61,4874
4801,73,4874
4723,151,4874
4663,211,4874
4651,223,4874
4603,271,4874
4597,277,4874
4591,283,4874
4567,307,4874
4561,313,4874
4507,367,4874
4441,433,4874
4327,547,4874
4297,577,4874
4273,601,4874
4261,613,4874
4243,631,4874
4231,643,4874
4201,673,4874
4051,823,4874
4021,853,4874
3967,907,4874
3907,967,4874
3877,997,4874
3853,1021,4874
3823,1051,4874
3673,1201,4874
3643,1231,4874
3637,1237,4874
3583,1291,4874
3571,1303,4874
3547,1327,4874
3391,1483,4874
3343,1531,4874
3331,1543,4874
3307,1567,4874
3253,1621,4874
3217,1657,4874
3181,1693,4874
3121,1753,4874
3001,1873,4874
2887,1987,4874
2857,2017,4874
2791,2083,4874
2731,2143,4874
2713,2161,4874
2671,2203,4874
2593,2281,4874
2503,2371,4874
2437,2437,4874
4871,5,4876
4817,59,4876
4793,83,4876
4787,89,4876
4703,173,4876
4679,197,4876
4649,227,4876
4643,233,4876
4637,239,4876
4583,293,4876
4523,353,4876
4517,359,4876
4493,383,4876
4457,419,4876
4409,467,4876
4397,479,4876
4373,503,4876
4289,587,4876
4283,593,4876
4259,617,4876
4229,647,4876
4217,659,4876
4157,719,4876
4133,743,4876
4079,797,4876
4049,827,4876
4019,857,4876
4013,863,4876
3989,887,4876
3947,929,4876
3929,947,4876
3923,953,4876
3863,1013,4876
3779,1097,4876
3767,1109,4876
3659,1217,4876
3617,1259,4876
3593,1283,4876
3557,1319,4876
3467,1409,4876
3449,1427,4876
3389,1487,4876
3323,1553,4876
3257,1619,4876
3209,1667,4876
3167,1709,4876
3089,1787,4876
2999,1877,4876
2969,1907,4876
2963,1913,4876
2927,1949,4876
2903,1973,4876
2897,1979,4876
2879,1997,4876
2837,2039,4876
2789,2087,4876
2777,2099,4876
2663,2213,4876
2633,2243,4876
2609,2267,4876
2579,2297,4876
2543,2333,4876
2477,2399,4876
2459,2417,4876
4871,7,4878
4861,17,4878
4831,47,4878
4817,61,4878
4799,79,4878
4789,89,4878
4751,127,4878
4729,149,4878
4721,157,4878
4679,199,4878
4651,227,4878
4649,229,4878
4639,239,4878
4637,241,4878
4621,257,4878
4597,281,4878
4567,311,4878
4561,317,4878
4547,331,4878
4519,359,4878
4481,397,4878
4457,421,4878
4447,431,4878
4421,457,4878
4391,487,4878
4357,521,4878
4337,541,4878
4271,607,4878
4261,617,4878
4259,619,4878
4231,647,4878
4219,659,4878
4217,661,4878
4201,677,4878
4177,701,4878
4159,719,4878
4139,739,4878
4127,751,4878
4091,787,4878
4057,821,4878
4051,827,4878
4049,829,4878
4021,857,4878
4019,859,4878
4001,877,4878
3967,911,4878
3931,947,4878
3911,967,4878
3907,971,4878
3881,997,4878
3847,1031,4878
3769,1109,4878
3761,1117,4878
3727,1151,4878
3697,1181,4878
3691,1187,4878
3677,1201,4878
3581,1297,4878
3571,1307,4878
3559,1319,4878
3557,1321,4878
3517,1361,4878
3511,1367,4878
3469,1409,4878
3449,1429,4878
3407,1471,4878
3391,1487,4878
3389,1489,4878
3347,1531,4878
3329,1549,4878
3319,1559,4878
3307,1571,4878
3299,1579,4878
3271,1607,4878
3259,1619,4878
3257,1621,4878
3251,1627,4878
3221,1657,4878
3209,1669,4878
3181,1697,4878
3169,1709,4878
3137,1741,4878
3119,1759,4878
3089,1789,4878
3067,1811,4878
3011,1867,4878
3001,1877,4878
2999,1879,4878
2971,1907,4878
2927,1951,4878
2879,1999,4878
2861,2017,4878
2851,2027,4878
2797,2081,4878
2791,2087,4878
2789,2089,4878
2767,2111,4878
2749,2129,4878
2741,2137,4878
2699,2179,4878
2671,2207,4878
2657,2221,4878
2609,2269,4878
2591,2287,4878
2539,2339,4878
2531,2347,4878
2521,2357,4878
2467,2411,4878
2441,2437,4878
4877,3,4880
4861,19,4880
4813,67,4880
4801,79,4880
4783,97,4880
4729,151,4880
4723,157,4880
4657,223,4880
4651,229,4880
4639,241,4880
4603,277,4880
4597,283,4880
4567,313,4880
4549,331,4880
4513,367,4880
4507,373,4880
4483,397,4880
4447,433,4880
4441,439,4880
4423,457,4880
4357,523,4880
4339,541,4880
4273,607,4880
4261,619,4880
4219,661,4880
4153,727,4880
4129,751,4880
4111,769,4880
4093,787,4880
4057,823,4880
4051,829,4880
4027,853,4880
4021,859,4880
4003,877,4880
3943,937,4880
3889,991,4880
3847,1033,4880
3793,1087,4880
3727,1153,4880
3709,1171,4880
3643,1237,4880
3631,1249,4880
3583,1297,4880
3559,1321,4880
3499,1381,4880
3457,1423,4880
3433,1447,4880
3391,1489,4880
3331,1549,4880
3313,1567,4880
3301,1579,4880
3271,1609,4880
3259,1621,4880
3253,1627,4880
3217,1663,4880
3187,1693,4880
3181,1699,4880
3121,1759,4880
3079,1801,4880
3049,1831,4880
3019,1861,4880
3001,1879,4880
2887,1993,4880
2851,2029,4880
2797,2083,4880
2791,2089,4880
2767,2113,4880
2749,2131,4880
2719,2161,4880
2677,2203,4880
2659,2221,4880
2593,2287,4880
2539,2341,4880
2503,2377,4880
4877,5,4882
4871,11,4882
4799,83,4882
4793,89,4882
4751,131,4882
4733,149,4882
4703,179,4882
4691,191,4882
4649,233,4882
4643,239,4882
4523,359,4882
4493,389,4882
4481,401,4882
4463,419,4882
4451,431,4882
4421,461,4882
4391,491,4882
4373,509,4882
4289,593,4882
4283,599,4882
4241,641,4882
4229,653,4882
4139,743,4882
4073,809,4882
4019,863,4882
4001,881,4882
3929,953,4882
3911,971,4882
3863,1019,4882
3851,1031,4882
3833,1049,4882
3821,1061,4882
3779,1103,4882
3719,1163,4882
3701,1181,4882
3659,1223,4882
3623,1259,4882
3593,1289,4882
3581,1301,4882
3449,1433,4882
3389,1493,4882
3371,1511,4882
3359,1523,4882
3329,1553,4882
3323,1559,4882
3299,1583,4882
3011,1871,4882
2969,1913,4882
2909,1973,4882
2903,1979,4882
2879,2003,4882
2843,2039,4882
2819,2063,4882
2801,2081,4882
2753,2129,4882
2741,2141,4882
2729,2153,4882
2609,2273,4882
2549,2333,4882
2543,2339,4882
2531,2351,4882
2459,2423,4882
2441,2441,4882
4877,7,4884
4871,13,4884
4861,23,4884
4831,53,4884
4817,67,4884
4813,71,4884
4801,83,4884
4787,97,4884
4783,101,4884
4733,151,4884
4721,163,4884
4703,181,4884
4691,193,4884
4673,211,4884
4657,227,4884
4651,233,4884
4643,241,4884
4621,263,4884
4603,281,4884
4591,293,4884
4567,317,4884
4547,337,4884
4517,367,4884
4483,401,4884
4463,421,4884
4451,433,4884
4441,443,4884
4423,461,4884
4421,463,4884
4397,487,4884
4363,521,4884
4337,547,4884
4327,557,4884
4297,587,4884
4283,601,4884
4271,613,4884
4253,631,4884
4243,641,4884
4241,643,4884
4231,653,4884
4211,673,4884
4201,683,4884
4157,727,4884
4133,751,4884
4127,757,4884
4111,773,4884
4073,811,4884
4057,827,4884
4027,857,4884
4021,863,4884
4007,877,4884
4003,881,4884
4001,883,4884
3947,937,4884
3943,941,4884
3931,953,4884
3917,967,4884
3907,977,4884
3863,1021,4884
3853,1031,4884
3851,1033,4884
3833,1051,4884
3823,1061,4884
3821,1063,4884
3797,1087,4884
3793,1091,4884
3767,1117,4884
3761,1123,4884
3733,1151,4884
3697,1187,4884
3691,1193,4884
3671,1213,4884
3607,1277,4884
3593,1291,4884
3583,1301,4884
3581,1303,4884
3557,1327,4884
3517,1367,4884
3511,1373,4884
3461,1423,4884
3457,1427,4884
3433,1451,4884
3413,1471,4884
3391,1493,4884
3373,1511,4884
3361,1523,4884
3331,1553,4884
3313,1571,4884
3301,1583,4884
3271,1613,4884
3257,1627,4884
3221,1663,4884
3217,1667,4884
3191,1693,4884
3187,1697,4884
3163,1721,4884
3137,1747,4884
3083,1801,4884
3061,1823,4884
3037,1847,4884
3023,1861,4884
3011,1873,4884
2971,1913,4884
2953,1931,4884
2897,1987,4884
2887,1997,4884
2857,2027,4884
2803,2081,4884
2801,2083,4884
2797,2087,4884
2753,2131,4884
2741,2143,4884
2731,2153,4884
2677,2207,4884
2671,2213,4884
2663,2221,4884
2647,2237,4884
2633,2251,4884
2617,2267,4884
2591,2293,4884
2551,2333,4884
2543,2341,4884
2503,2381,4884
2473,2411,4884
2467,2417,4884
2447,2437,4884
4813,73,4886
4789,97,4886
4783,103,4886
4759,127,4886
4729,157,4886
4723,163,4886
4663,223,4886
4657,229,4886
4603,283,4886
4549,337,4886
4519,367,4886
4513,373,4886
4507,379,4886
4447,439,4886
4423,463,4886
4363,523,4886
4339,547,4886
4273,613,4886
4243,643,4886
4177,709,4886
4159,727,4886
4153,733,4886
4129,757,4886
4099,787,4886
4057,829,4886
4027,859,4886
4003,883,4886
3967,919,4886
3919,967,4886
3889,997,4886
3877,1009,4886
3853,1033,4886
3847,1039,4886
3823,1063,4886
3793,1093,4886
3769,1117,4886
3733,1153,4886
3673,1213,4886
3637,1249,4886
3607,1279,4886
3583,1303,4886
3559,1327,4886
3463,1423,4886
3457,1429,4886
3433,1453,4886
3343,1543,4886
3319,1567,4886
3307,1579,4886
3259,1627,4886
3229,1657,4886
3217,1669,4886
3187,1699,4886
3163,1723,4886
3109,1777,4886
3019,1867,4886
2953,1933,4886
2887,1999,4886
2857,2029,4886
2833,2053,4886
2803,2083,4886
2797,2089,4886
2749,2137,4886
2707,2179,4886
2683,2203,4886
2647,2239,4886
2617,2269,4886
2593,2293,4886
2539,2347,4886
2503,2383,4886
4877,11,4888
4871,17,4888
4817,71,4888
4799,89,4888
4787,101,4888
4751,137,4888
4721,167,4888
4691,197,4888
4649,239,4888
4637,251,4888
4457,431,4888
4421,467,4888
4409,479,4888
4397,491,4888
4289,599,4888
4271,617,4888
4241,647,4888
4229,659,4888
4211,677,4888
4127,761,4888
4091,797,4888
4079,809,4888
4049,839,4888
4007,881,4888
4001,887,4888
3947,941,4888
3917,971,4888
3911,977,4888
3797,1091,4888
3779,1109,4888
3701,1187,4888
3671,1217,4888
3659,1229,4888
3581,1307,4888
3527,1361,4888
3461,1427,4888
3449,1439,4888
3407,1481,4888
3389,1499,4888
3329,1559,4888
3251,1637,4888
3221,1667,4888
3191,1697,4888
3167,1721,4888
3041,1847,4888
3011,1877,4888
2999,1889,4888
2957,1931,4888
2939,1949,4888
2909,1979,4888
2861,2027,4888
2819,2069,4888
2801,2087,4888
2789,2099,4888
2777,2111,4888
2621,2267,4888
2591,2297,4888
2579,2309,4888
2549,2339,4888
2531,2357,4888
2477,2411,4888
2447,2441,4888
4877,13,4890
4871,19,4890
4861,29,4890
4831,59,4890
4817,73,4890
4801,89,4890
4793,97,4890
4789,101,4890
4787,103,4890
4783,107,4890
4759,131,4890
4751,139,4890
4733,157,4890
4723,167,4890
4691,199,4890
4679,211,4890
4663,227,4890
4657,233,4890
4651,239,4890
4649,241,4890
4639,251,4890
4621,269,4890
4597,293,4890
4583,307,4890
4523,367,4890
4517,373,4890
4507,383,4890
4493,397,4890
4481,409,4890
4457,433,4890
4451,439,4890
4447,443,4890
4441,449,4890
4423,467,4890
4391,499,4890
4349,541,4890
4327,563,4890
4297,593,4890
4289,601,4890
4283,607,4890
4273,617,4890
4271,619,4890
4259,631,4890
4243,647,4890
4231,659,4890
4229,661,4890
4217,673,4890
4157,733,4890
4139,751,4890
4133,757,4890
4129,761,4890
4093,797,4890
4079,811,4890
4051,839,4890
4027,863,4890
4013,877,4890
4007,883,4890
4003,887,4890
3943,947,4890
3923,967,4890
3919,971,4890
3907,983,4890
3881,1009,4890
3877,1013,4890
3851,1039,4890
3821,1069,4890
3803,1087,4890
3797,1093,4890
3793,1097,4890
3767,1123,4890
3761,1129,4890
3739,1151,4890
3727,1163,4890
3719,1171,4890
3709,1181,4890
3697,1193,4890
3677,1213,4890
3673,1217,4890
3659,1231,4890
3631,1259,4890
3613,1277,4890
3607,1283,4890
3593,1297,4890
3583,1307,4890
3571,1319,4890
3529,1361,4890
3517,1373,4890
3491,1399,4890
3467,1423,4890
3463,1427,4890
3461,1429,4890
3457,1433,4890
3407,1483,4890
3391,1499,4890
3359,1531,4890
3347,1543,4890
3331,1559,4890
3323,1567,4890
3319,1571,4890
3307,1583,4890
3271,1619,4890
3253,1637,4890
3221,1669,4890
3191,1699,4890
3181,1709,4890
3169,1721,4890
3167,1723,4890
3137,1753,4890
3089,1801,4890
3079,1811,4890
3067,1823,4890
3023,1867,4890
3019,1871,4890
3011,1879,4890
3001,1889,4890
2957,1933,4890
2939,1951,4890
2917,1973,4890
2903,1987,4890
2897,1993,4890
2887,2003,4890
2879,2011,4890
2861,2029,4890
2851,2039,4890
2837,2053,4890
2803,2087,4890
2801,2089,4890
2791,2099,4890
2777,2113,4890
2753,2137,4890
2749,2141,4890
2729,2161,4890
2711,2179,4890
2687,2203,4890
2683,2207,4890
2677,2213,4890
2647,2243,4890
2621,2269,4890
2617,2273,4890
2609,2281,4890
2593,2297,4890
2579,2311,4890
2557,2333,4890
2551,2339,4890
2549,2341,4890
2543,2347,4890
2539,2351,4890
2473,2417,4890
2467,2423,4890
4889,3,4892
4861,31,4892
4831,61,4892
4813,79,4892
4789,103,4892
4783,109,4892
4729,163,4892
4663,229,4892
4651,241,4892
4621,271,4892
4561,331,4892
4519,373,4892
4513,379,4892
4483,409,4892
4273,619,4892
4261,631,4892
4231,661,4892
4219,673,4892
4201,691,4892
4159,733,4892
4153,739,4892
3853,1039,4892
3823,1069,4892
3769,1123,4892
3739,1153,4892
3691,1201,4892
3643,1249,4892
3613,1279,4892
3571,1321,4892
3511,1381,4892
3469,1423,4892
3463,1429,4892
3433,1459,4892
3361,1531,4892
3343,1549,4892
3313,1579,4892
3271,1621,4892
3229,1663,4892
3169,1723,4892
3109,1783,4892
3061,1831,4892
3019,1873,4892
2803,2089,4892
2749,2143,4892
2731,2161,4892
2713,2179,4892
2689,2203,4892
2671,2221,4892
2551,2341,4892
2521,2371,4892
2503,2389,4892
4889,5,4894
4877,17,4894
4871,23,4894
4793,101,4894
4787,107,4894
4721,173,4894
4703,191,4894
4643,251,4894
4637,257,4894
4583,311,4894
4547,347,4894
4493,401,4894
4463,431,4894
4451,443,4894
4391,503,4894
4373,521,4894
4337,557,4894
4253,641,4894
4241,653,4894
4217,677,4894
4211,683,4894
4133,761,4894
4073,821,4894
4013,881,4894
4007,887,4894
3947,947,4894
3923,971,4894
3917,977,4894
3911,983,4894
3881,1013,4894
3863,1031,4894
3833,1061,4894
3803,1091,4894
3797,1097,4894
3701,1193,4894
3677,1217,4894
3671,1223,4894
3617,1277,4894
3593,1301,4894
3533,1361,4894
3527,1367,4894
3467,1427,4894
3461,1433,4894
3413,1481,4894
3407,1487,4894
3371,1523,4894
3323,1571,4894
3257,1637,4894
3083,1811,4894
3023,1871,4894
2963,1931,4894
2897,1997,4894
2753,2141,4894
2741,2153,4894
2687,2207,4894
2657,2237,4894
2621,2273,4894
2543,2351,4894
2477,2417,4894
2447,2447,4894
4889,7,4896
4877,19,4896
4817,79,4896
4813,83,4896
4799,97,4896
4793,103,4896
4789,107,4896
4787,109,4896
4783,113,4896
4759,137,4896
4733,163,4896
4729,167,4896
4723,173,4896
4703,193,4896
4673,223,4896
4663,233,4896
4657,239,4896
4639,257,4896
4603,293,4896
4583,313,4896
4549,347,4896
4547,349,4896
4523,373,4896
4517,379,4896
4513,383,4896
4507,389,4896
4463,433,4896
4457,439,4896
4447,449,4896
4409,487,4896
4397,499,4896
4373,523,4896
4349,547,4896
4339,557,4896
4327,569,4896
4297,599,4896
4289,607,4896
4283,613,4896
4253,643,4896
4243,653,4896
4219,677,4896
4177,719,4896
4157,739,4896
4153,743,4896
4139,757,4896
4127,769,4896
4099,797,4896
4073,823,4896
4057,839,4896
4019,877,4896
4013,883,4896
3989,907,4896
3967,929,4896
3943,953,4896
3929,967,4896
3919,977,4896
3877,1019,4896
3863,1033,4896
3847,1049,4896
3833,1063,4896
3803,1093,4896
3793,1103,4896
3779,1117,4896
3767,1129,4896
3733,1163,4896
3709,1187,4896
3673,1223,4896
3659,1237,4896
3637,1259,4896
3617,1279,4896
3613,1283,4896
3607,1289,4896
3593,1303,4896
3529,1367,4896
3469,1427,4896
3467,1429,4896
3463,1433,4896
3457,1439,4896
3449,1447,4896
3413,1483,4896
3407,1489,4896
3373,1523,4896
3347,1549,4896
3343,1553,4896
3329,1567,4896
3313,1583,4896
3299,1597,4896
3259,1637,4896
3229,1667,4896
3203,1693,4896
3187,1709,4896
3163,1733,4896
3137,1759,4896
3119,1777,4896
3109,1787,4896
3049,1847,4896
3023,1873,4896
3019,1877,4896
2963,1933,4896
2917,1979,4896
2909,1987,4896
2903,1993,4896
2897,1999,4896
2879,2017,4896
2857,2039,4896
2843,2053,4896
2833,2063,4896
2797,2099,4896
2767,2129,4896
2753,2143,4896
2693,2203,4896
2689,2207,4896
2683,2213,4896
2659,2237,4896
2657,2239,4896
2609,2287,4896
2557,2339,4896
2549,2347,4896
2539,2357,4896
2503,2393,4896
2473,2423,4896
2459,2437,4896
4861,37,4898
4831,67,4898
4801,97,4898
4789,109,4898
4759,139,4898
4657,241,4898
4621,277,4898
4591,307,4898
4567,331,4898
4561,337,4898
4549,349,4898
4519,379,4898
4441,457,4898
4357,541,4898
4327,571,4898
4297,601,4898
4159,739,4898
4129,769,4898
4111,787,4898
4021,877,4898
3931,967,4898
3907,991,4898
3889,1009,4898
3877,1021,4898
3847,1051,4898
3769,1129,4898
3727,1171,4898
3697,1201,4898
3607,1291,4898
3571,1327,4898
3517,1381,4898
3499,1399,4898
3469,1429,4898
3331,1567,4898
3319,1579,4898
3301,1597,4898
3271,1627,4898
3229,1669,4898
3121,1777,4898
3109,1789,4898
3067,1831,4898
3037,1861,4898
3019,1879,4898
2887,2011,4898
2767,2131,4898
2719,2179,4898
2677,2221,4898
2659,2239,4898
2647,2251,4898
2617,2281,4898
2557,2341,4898
2551,2347,4898
2521,2377,4898
4889,11,4900
4877,23,4900
4871,29,4900
4817,83,4900
4799,101,4900
4793,107,4900
4787,113,4900
4751,149,4900
4733,167,4900
4721,179,4900
4703,197,4900
4673,227,4900
4649,251,4900
4643,257,4900
4637,263,4900
4583,317,4900
4547,353,4900
4517,383,4900
4481,419,4900
4457,443,4900
4451,449,4900
4421,479,4900
4409,491,4900
4397,503,4900
4391,509,4900
4337,563,4900
4283,617,4900
4259,641,4900
4253,647,4900
4241,659,4900
4217,683,4900
4157,743,4900
4139,761,4900
4127,773,4900
4091,809,4900
4079,821,4900
4073,827,4900
4019,881,4900
4013,887,4900
3989,911,4900
3947,953,4900
3929,971,4900
3923,977,4900
3917,983,4900
3881,1019,4900
3851,1049,4900
3803,1097,4900
3797,1103,4900
3719,1181,4900
3677,1223,4900
3671,1229,4900
3623,1277,4900
3617,1283,4900
3593,1307,4900
3581,1319,4900
3539,1361,4900
3533,1367,4900
3527,1373,4900
3491,1409,4900
3467,1433,4900
3461,1439,4900
3449,1451,4900
3413,1487,4900
3407,1493,4900
3389,1511,4900
3347,1553,4900
3329,1571,4900
3299,1601,4900
3203,1697,4900
3191,1709,4900
3167,1733,4900
3089,1811,4900
3023,1877,4900
3011,1889,4900
2999,1901,4900
2969,1931,4900
2927,1973,4900
2903,1997,4900
2897,2003,4900
2861,2039,4900
2837,2063,4900
2819,2081,4900
2801,2099,4900
2789,2111,4900
2693,2207,4900
2687,2213,4900
2663,2237,4900
2657,2243,4900
2633,2267,4900
2591,2309,4900
2549,2351,4900
2543,2357,4900
2477,2423,4900
2459,2441,4900
4889,13,4902
4871,31,4902
4861,41,4902
4831,71,4902
4813,89,4902
4801,101,4902
4799,103,4902
4793,109,4902
4789,113,4902
4751,151,4902
4729,173,4902
4723,179,4902
4721,181,4902
4703,199,4902
4691,211,4902
4679,223,4902
4673,229,4902
4663,239,4902
4651,251,4902
4639,263,4902
4621,281,4902
4591,311,4902
4549,353,4902
4523,379,4902
4519,383,4902
4513,389,4902
4493,409,4902
4483,419,4902
4481,421,4902
4463,439,4902
4441,461,4902
4423,479,4902
4339,563,4902
4289,613,4902
4283,619,4902
4271,631,4902
4261,641,4902
4259,643,4902
4243,659,4902
4241,661,4902
4229,673,4902
4219,683,4902
4211,691,4902
4201,701,4902
4159,743,4902
4133,769,4902
4129,773,4902
4093,809,4902
4091,811,4902
4079,823,4902
4073,829,4902
4049,853,4902
4021,881,4902
4019,883,4902
3931,971,4902
3919,983,4902
3911,991,4902
3889,1013,4902
3881,1021,4902
3863,1039,4902
3853,1049,4902
3851,1051,4902
3833,1069,4902
3793,1109,4902
3779,1123,4902
3739,1163,4902
3709,1193,4902
3701,1201,4902
3673,1229,4902
3671,1231,4902
3643,1259,4902
3623,1279,4902
3613,1289,4902
3583,1319,4902
3581,1321,4902
3541,1361,4902
3529,1373,4902
3469,1433,4902
3463,1439,4902
3449,1453,4902
3413,1489,4902
3391,1511,4902
3371,1531,4902
3359,1543,4902
3343,1559,4902
3331,1571,4902
3323,1579,4902
3319,1583,4902
3301,1601,4902
3209,1693,4902
3203,1699,4902
3181,1721,4902
3169,1733,4902
3119,1783,4902
3079,1823,4902
3041,1861,4902
3023,1879,4902
3001,1901,4902
2971,1931,4902
2969,1933,4902
2953,1949,4902
2909,1993,4902
2903,1999,4902
2833,2069,4902
2819,2083,4902
2803,2099,4902
2791,2111,4902
2789,2113,4902
2749,2153,4902
2741,2161,4902
2699,2203,4902
2689,2213,4902
2663,2239,4902
2659,2243,4902
2633,2269,4902
2621,2281,4902
2609,2293,4902
2593,2309,4902
2591,2311,4902
2551,2351,4902
2531,2371,4902
2521,2381,4902
2503,2399,4902
4861,43,4904
4831,73,4904
4801,103,4904
4723,181,4904
4663,241,4904
4621,283,4904
4597,307,4904
4591,313,4904
4567,337,4904
4507,397,4904
4483,421,4904
4447,457,4904
4441,463,4904
4363,541,4904
4357,547,4904
4327,577,4904
4297,607,4904
4273,631,4904
4261,643,4904
4243,661,4904
4231,673,4904
4177,727,4904
4153,751,4904
4093,811,4904
4051,853,4904
4027,877,4904
4021,883,4904
3967,937,4904
3907,997,4904
3853,1051,4904
3733,1171,4904
3691,1213,4904
3673,1231,4904
3613,1291,4904
3607,1297,4904
3583,1321,4904
3457,1447,4904
3433,1471,4904
3373,1531,4904
3361,1543,4904
3307,1597,4904
3181,1723,4904
3163,1741,4904
3121,1783,4904
3037,1867,4904
2971,1933,4904
2953,1951,4904
2917,1987,4904
2887,2017,4904
2851,2053,4904
2791,2113,4904
2767,2137,4904
2683,2221,4904
2617,2287,4904
2593,2311,4904
2557,2347,4904
2521,2383,4904
2467,2437,4904
4903,3,4906
4889,17,4906
4877,29,4906
4817,89,4906
4799,107,4906
4793,113,4906
4733,173,4906
4679,227,4906
4673,233,4906
4649,257,4906
4643,263,4906
4637,269,4906
4547,359,4906
4523,383,4906
4517,389,4906
4463,443,4906
4457,449,4906
4397,509,4906
4349,557,4906
4337,569,4906
4289,617,4906
4259,647,4906
4253,653,4906
4229,677,4906
4133,773,4906
4079,827,4906
4049,857,4906
4019,887,4906
3929,977,4906
3923,983,4906
3803,1103,4906
3797,1109,4906
3719,1187,4906
3677,1229,4906
3623,1283,4906
3617,1289,4906
3539,1367,4906
3533,1373,4906
3467,1439,4906
3413,1493,4906
3407,1499,4906
3347,1559,4906
3323,1583,4906
3299,1607,4906
3209,1697,4906
3119,1787,4906
3083,1823,4906
2999,1907,4906
2957,1949,4906
2927,1979,4906
2909,1997,4906
2903,2003,4906
2879,2027,4906
2843,2063,4906
2837,2069,4906
2819,2087,4906
2777,2129,4906
2753,2153,4906
2699,2207,4906
2693,2213,4906
2663,2243,4906
2633,2273,4906
2609,2297,4906
2549,2357,4906
2459,2447,4906
4903,5,4908
4889,19,4908
4877,31,4908
4871,37,4908
4861,47,4908
4801,107,4908
4799,109,4908
4759,149,4908
4751,157,4908
4729,179,4908
4679,229,4908
4657,251,4908
4651,257,4908
4639,269,4908
4637,271,4908
4597,311,4908
4591,317,4908
4561,347,4908
4549,359,4908
4519,389,4908
4507,401,4908
4451,457,4908
4447,461,4908
4441,467,4908
4421,487,4908
4409,499,4908
4339,569,4908
4337,571,4908
4289,619,4908
4261,647,4908
4231,677,4908
4217,691,4908
4157,751,4908
4139,769,4908
4111,797,4908
4099,809,4908
4079,829,4908
4051,857,4908
4049,859,4908
4027,881,4908
4021,887,4908
4001,907,4908
3989,919,4908
3967,941,4908
3931,977,4908
3917,991,4908
3911,997,4908
3889,1019,4908
3877,1031,4908
3847,1061,4908
3821,1087,4908
3779,1129,4908
3727,1181,4908
3691,1217,4908
3677,1231,4908
3671,1237,4908
3659,1249,4908
3631,1277,4908
3617,1291,4908
3607,1301,4908
3581,1327,4908
3547,1361,4908
3541,1367,4908
3527,1381,4908
3499,1409,4908
3469,1439,4908
3461,1447,4908
3457,1451,4908
3449,1459,4908
3359,1549,4908
3329,1579,4908
3307,1601,4908
3301,1607,4908
3299,1609,4908
3271,1637,4908
3251,1657,4908
3209,1699,4908
3187,1721,4908
3167,1741,4908
3121,1787,4908
3119,1789,4908
3061,1847,4908
3041,1867,4908
3037,1871,4908
3019,1889,4908
3001,1907,4908
2957,1951,4908
2909,1999,4908
2897,2011,4908
2879,2029,4908
2819,2089,4908
2797,2111,4908
2777,2131,4908
2767,2141,4908
2729,2179,4908
2687,2221,4908
2671,2237,4908
2657,2251,4908
2621,2287,4908
2557,2351,4908
2551,2357,4908
2531,2377,4908
2467,2441,4908
4903,7,4910
4831,79,4910
4813,97,4910
4801,109,4910
4783,127,4910
4759,151,4910
4729,181,4910
4639,271,4910
4603,307,4910
4597,313,4910
4561,349,4910
4513,397,4910
4447,463,4910
4423,487,4910
4363,547,4910
4339,571,4910
4297,613,4910
4219,691,4910
4201,709,4910
4177,733,4910
4159,751,4910
4153,757,4910
4099,811,4910
4057,853,4910
4051,859,4910
4027,883,4910
4003,907,4910
3943,967,4910
3919,991,4910
3889,1021,4910
3877,1033,4910
3847,1063,4910
3823,1087,4910
3793,1117,4910
3739,1171,4910
3709,1201,4910
3697,1213,4910
3673,1237,4910
3631,1279,4910
3613,1297,4910
3607,1303,4910
3583,1327,4910
3529,1381,4910
3511,1399,4910
3463,1447,4910
3457,1453,4910
3361,1549,4910
3343,1567,4910
3331,1579,4910
3313,1597,4910
3301,1609,4910
3253,1657,4910
3217,1693,4910
3187,1723,4910
3169,1741,4910
3163,1747,4910
3121,1789,4910
3109,1801,4910
3079,1831,4910
3049,1861,4910
3037,1873,4910
2917,1993,4910
2857,2053,4910
2797,2113,4910
2767,2143,4910
2749,2161,4910
2731,2179,4910
2707,2203,4910
2689,2221,4910
2671,2239,4910
2659,2251,4910
2617,2293,4910
2539,2371,4910
2521,2389,4910
2473,2437,4910
4909,3,4912
4889,23,4912
4871,41,4912
4799,113,4912
4733,179,4912
4721,191,4912
4679,233,4912
4673,239,4912
4649,263,4912
4643,269,4912
4523,389,4912
4493,419,4912
4481,431,4912
4463,449,4912
4451,461,4912
4421,491,4912
4409,503,4912
4391,521,4912
4349,563,4912
4271,641,4912
4259,653,4912
4253,659,4912
4229,683,4912
4211,701,4912
4139,773,4912
4091,821,4912
4073,839,4912
4049,863,4912
4001,911,4912
3929,983,4912
3881,1031,4912
3863,1049,4912
3851,1061,4912
3821,1091,4912
3803,1109,4912
3761,1151,4912
3719,1193,4912
3623,1289,4912
3593,1319,4912
3539,1373,4912
3461,1451,4912
3413,1499,4912
3389,1523,4912
3359,1553,4912
3329,1583,4912
3299,1613,4912
3203,1709,4912
3191,1721,4912
3089,1823,4912
3041,1871,4912
3023,1889,4912
3011,1901,4912
2999,1913,4912
2963,1949,4912
2939,1973,4912
2909,2003,4912
2843,2069,4912
2801,2111,4912
2699,2213,4912
2579,2333,4912
2531,2381,4912
4909,5,4914
4903,11,4914
4877,37,4914
4871,43,4914
4861,53,4914
4831,83,4914
4817,97,4914
4813,101,4914
4801,113,4914
4787,127,4914
4783,131,4914
4751,163,4914
4733,181,4914
4723,191,4914
4721,193,4914
4703,211,4914
4691,223,4914
4673,241,4914
4663,251,4914
4657,257,4914
4651,263,4914
4643,271,4914
4637,277,4914
4621,293,4914
4603,311,4914
4597,317,4914
4583,331,4914
4567,347,4914
4561,353,4914
4547,367,4914
4517,397,4914
4513,401,4914
4493,421,4914
4483,431,4914
4481,433,4914
4457,457,4914
4451,463,4914
4447,467,4914
4423,491,4914
4391,523,4914
4373,541,4914
4357,557,4914
4337,577,4914
4327,587,4914
4297,617,4914
4283,631,4914
4273,641,4914
4271,643,4914
4261,653,4914
4253,661,4914
4241,673,4914
4231,683,4914
4157,757,4914
4153,761,4914
4127,787,4914
4093,821,4914
4091,823,4914
4057,857,4914
4051,863,4914
4027,887,4914
4007,907,4914
4003,911,4914
3967,947,4914
3947,967,4914
3943,971,4914
3931,983,4914
3923,991,4914
3917,997,4914
3881,1033,4914
3863,1051,4914
3853,1061,4914
3851,1063,4914
3823,1091,4914
3821,1093,4914
3797,1117,4914
3761,1153,4914
3733,1181,4914
3727,1187,4914
3701,1213,4914
3697,1217,4914
3691,1223,4914
3677,1237,4914
3637,1277,4914
3631,1283,4914
3623,1291,4914
3617,1297,4914
3613,1301,4914
3607,1307,4914
3593,1321,4914
3547,1367,4914
3541,1373,4914
3533,1381,4914
3491,1423,4914
3467,1447,4914
3463,1451,4914
3461,1453,4914
3433,1481,4914
3391,1523,4914
3371,1543,4914
3361,1553,4914
3347,1567,4914
3343,1571,4914
3331,1583,4914
3313,1601,4914
3307,1607,4914
3301,1613,4914
3257,1657,4914
3251,1663,4914
3221,1693,4914
3217,1697,4914
3191,1723,4914
3181,1733,4914
3167,1747,4914
3137,1777,4914
3083,1831,4914
3067,1847,4914
3041,1873,4914
3037,1877,4914
3001,1913,4914
2963,1951,4914
2927,1987,4914
2917,1997,4914
2903,2011,4914
2897,2017,4914
2887,2027,4914
2861,2053,4914
2851,2063,4914
2833,2081,4914
2803,2111,4914
2801,2113,4914
2777,2137,4914
2753,2161,4914
2711,2203,4914
2707,2207,4914
2693,2221,4914
2677,2237,4914
2671,2243,4914
2663,2251,4914
2647,2267,4914
2633,2281,4914
2621,2293,4914
2617,2297,4914
2557,2357,4914
2543,2371,4914
2531,2383,4914
2521,2393,4914
2503,2411,4914
2477,2437,4914
2473,2441,4914
2467,2447,4914
4909,7,4916
4903,13,4916
4813,103,4916
4789,127,4916
4759,157,4916
4723,193,4916
4639,277,4916
4603,313,4916
4567,349,4916
4549,367,4916
4519,397,4916
4507,409,4916
4483,433,4916
4339,577,4916
4297,619,4916
4273,643,4916
4243,673,4916
4177,739,4916
4159,757,4916
4129,787,4916
4093,823,4916
4057,859,4916
3919,997,4916
3907,1009,4916
3877,1039,4916
3853,1063,4916
3847,1069,4916
3823,1093,4916
3793,1123,4916
3637,1279,4916
3613,1303,4916
3517,1399,4916
3469,1447,4916
3463,1453,4916
3457,1459,4916
3433,1483,4916
3373,1543,4916
3319,1597,4916
3307,1609,4916
3259,1657,4916
3253,1663,4916
3217,1699,4916
3169,1747,4916
3163,1753,4916
3049,1867,4916
3037,1879,4916
2917,1999,4916
2887,2029,4916
2833,2083,4916
2803,2113,4916
2713,2203,4916
2677,2239,4916
2647,2269,4916
2539,2377,4916
4889,29,4918
4877,41,4918
4871,47,4918
4817,101,4918
4787,131,4918
4751,167,4918
4721,197,4918
4691,227,4918
4679,239,4918
4649,269,4918
4637,281,4918
4517,401,4918
4457,461,4918
4451,467,4918
4409,509,4918
4397,521,4918
4349,569,4918
4271,647,4918
4259,659,4918
4241,677,4918
4217,701,4918
4157,761,4918
4091,827,4918
4079,839,4918
4007,911,4918
3989,929,4918
3947,971,4918
3821,1097,4918
3767,1151,4918
3701,1217,4918
3659,1259,4918
3617,1301,4918
3557,1361,4918
3491,1427,4918
3467,1451,4918
3407,1511,4918
3359,1559,4918
3347,1571,4918
3299,1619,4918
3251,1667,4918
3221,1697,4918
3209,1709,4918
3041,1877,4918
3011,1907,4918
2969,1949,4918
2939,1979,4918
2879,2039,4918
2837,2081,4918
2819,2099,4918
2789,2129,4918
2777,2141,4918
2711,2207,4918
2621,2297,4918
2609,2309,4918
2579,2339,4918
2477,2441,4918
2459,2459,4918
4909,11,4920
4903,17,4920
4889,31,4920
4877,43,4920
4861,59,4920
4831,89,4920
4817,103,4920
4813,107,4920
4793,127,4920
4789,131,4920
4783,137,4920
4729,191,4920
4723,197,4920
4721,199,4920
4691,229,4920
4679,241,4920
4663,257,4920
4657,263,4920
4651,269,4920
4649,271,4920
4643,277,4920
4639,281,4920
4637,283,4920
4603,317,4920
4583,337,4920
4567,353,4920
4561,359,4920
4547,373,4920
4523,397,4920
4519,401,4920
4481,439,4920
4463,457,4920
4457,463,4920
4441,479,4920
4421,499,4920
4397,523,4920
4373,547,4920
4363,557,4920
4357,563,4920
4349,571,4920
4327,593,4920
4289,631,4920
4273,647,4920
4261,659,4920
4259,661,4920
4243,677,4920
4229,691,4920
4219,701,4920
4211,709,4920
4201,719,4920
4177,743,4920
4159,761,4920
4133,787,4920
4111,809,4920
4099,821,4920
4093,827,4920
4091,829,4920
4057,863,4920
4013,907,4920
4001,919,4920
3967,953,4920
3943,977,4920
3929,991,4920
3923,997,4920
3911,1009,4920
3907,1013,4920
3889,1031,4920
3881,1039,4920
3851,1069,4920
3833,1087,4920
3823,1097,4920
3803,1117,4920
3797,1123,4920
3769,1151,4920
3767,1153,4920
3739,1181,4920
3733,1187,4920
3727,1193,4920
3719,1201,4920
3697,1223,4920
3691,1229,4920
3671,1249,4920
3643,1277,4920
3637,1283,4920
3631,1289,4920
3623,1297,4920
3617,1303,4920
3613,1307,4920
3593,1327,4920
3559,1361,4920
3547,1373,4920
3539,1381,4920
3511,1409,4920
3491,1429,4920
3469,1451,4920
3467,1453,4920
3461,1459,4920
3449,1471,4920
3433,1487,4920
3389,1531,4920
3371,1549,4920
3361,1559,4920
3323,1597,4920
3319,1601,4920
3313,1607,4920
3307,1613,4920
3301,1619,4920
3299,1621,4920
3257,1663,4920
3253,1667,4920
3251,1669,4920
3221,1699,4920
3187,1733,4920
3167,1753,4920
3137,1783,4920
3119,1801,4920
3109,1811,4920
3089,1831,4920
3049,1871,4920
3041,1879,4920
3019,1901,4920
2971,1949,4920
2969,1951,4920
2927,1993,4920
2917,2003,4920
2909,2011,4920
2903,2017,4920
2857,2063,4920
2851,2069,4920
2837,2083,4920
2833,2087,4920
2791,2129,4920
2789,2131,4920
2777,2143,4920
2767,2153,4920
2741,2179,4920
2713,2207,4920
2707,2213,4920
2699,2221,4920
2683,2237,4920
2677,2243,4920
2647,2273,4920
2633,2287,4920
2609,2311,4920
2579,2341,4920
2549,2371,4920
2543,2377,4920
2539,2381,4920
2531,2389,4920
2521,2399,4920
2503,2417,4920
2473,2447,4920
4919,3,4922
4909,13,4922
4903,19,4922
4861,61,4922
4813,109,4922
4783,139,4922
4759,163,4922
4729,193,4922
4723,199,4922
4651,271,4922
4639,283,4922
4591,331,4922
4549,373,4922
4513,409,4922
4483,439,4922
4423,499,4922
4261,661,4922
4231,691,4922
4153,769,4922
4111,811,4922
4099,823,4922
4093,829,4922
4003,919,4922
3931,991,4922
3889,1033,4922
3853,1069,4922
3793,1129,4922
3769,1153,4922
3709,1213,4922
3691,1231,4922
3673,1249,4922
3643,1279,4922
3631,1291,4922
3541,1381,4922
3499,1423,4922
3469,1453,4922
3463,1459,4922
3433,1489,4922
3391,1531,4922
3373,1549,4922
3343,1579,4922
3313,1609,4922
3301,1621,4922
3259,1663,4922
3253,1669,4922
3229,1693,4922
3181,1741,4922
3169,1753,4922
3163,1759,4922
3121,1801,4922
3061,1861,4922
3049,1873,4922
2971,1951,4922
2833,2089,4922
2791,2131,4922
2719,2203,4922
2683,2239,4922
2671,2251,4922
2551,2371,4922
2539,2383,4922
4919,5,4924
4877,47,4924
4871,53,4924
4817,107,4924
4793,131,4924
4787,137,4924
4751,173,4924
4733,191,4924
4691,233,4924
4673,251,4924
4643,281,4924
4523,401,4924
4493,431,4924
4481,443,4924
4463,461,4924
4457,467,4924
4421,503,4924
4337,587,4924
4283,641,4924
4271,653,4924
4241,683,4924
4127,797,4924
4013,911,4924
3947,977,4924
3911,1013,4924
3863,1061,4924
3833,1091,4924
3821,1103,4924
3761,1163,4924
3701,1223,4924
3623,1301,4924
3617,1307,4924
3557,1367,4924
3491,1433,4924
3413,1511,4924
3371,1553,4924
3323,1601,4924
3257,1667,4924
3203,1721,4924
3191,1733,4924
3137,1787,4924
3023,1901,4924
3011,1913,4924
2927,1997,4924
2897,2027,4924
2861,2063,4924
2843,2081,4924
2837,2087,4924
2711,2213,4924
2687,2237,4924
2657,2267,4924
2591,2333,4924
2543,2381,4924
2531,2393,4924
2477,2447,4924
4919,7,4926
4909,17,4926
4903,23,4926
4889,37,4926
4817,109,4926
4813,113,4926
4799,127,4926
4789,137,4926
4787,139,4926
4759,167,4926
4733,193,4926
4729,197,4926
4703,223,4926
4663,263,4926
4657,269,4926
4649,277,4926
4643,283,4926
4567,359,4926
4547,379,4926
4517,409,4926
4507,419,4926
4493,433,4926
4483,443,4926
4463,463,4926
4447,479,4926
4423,503,4926
4363,563,4926
4357,569,4926
4349,577,4926
4339,587,4926
4327,599,4926
4283,643,4926
4273,653,4926
4253,673,4926
4243,683,4926
4217,709,4926
4157,769,4926
4153,773,4926
4139,787,4926
4129,797,4926
4099,827,4926
4073,853,4926
4049,877,4926
4019,907,4926
4007,919,4926
3989,937,4926
3943,983,4926
3929,997,4926
3917,1009,4926
3907,1019,4926
3877,1049,4926
3863,1063,4926
3833,1093,4926
3823,1103,4926
3803,1123,4926
3797,1129,4926
3739,1187,4926
3733,1193,4926
3709,1217,4926
3697,1229,4926
3677,1249,4926
3643,1283,4926
3637,1289,4926
3623,1303,4926
3607,1319,4926
3559,1367,4926
3527,1399,4926
3517,1409,4926
3499,1427,4926
3467,1459,4926
3433,1493,4926
3373,1553,4926
3359,1567,4926
3347,1579,4926
3343,1583,4926
3329,1597,4926
3319,1607,4926
3313,1613,4926
3307,1619,4926
3299,1627,4926
3259,1667,4926
3257,1669,4926
3229,1697,4926
3217,1709,4926
3203,1723,4926
3167,1759,4926
3137,1789,4926
3079,1847,4926
3049,1877,4926
3037,1889,4926
3019,1907,4926
2953,1973,4926
2939,1987,4926
2927,1999,4926
2909,2017,4926
2897,2029,4926
2887,2039,4926
2857,2069,4926
2843,2083,4926
2837,2089,4926
2797,2129,4926
2789,2137,4926
2719,2207,4926
2713,2213,4926
2689,2237,4926
2687,2239,4926
2683,2243,4926
2659,2267,4926
2657,2269,4926
2633,2293,4926
2617,2309,4926
2593,2333,4926
2579,2347,4926
2549,2377,4926
2543,2383,4926
2503,2423,4926
2467,2459,4926
4909,19,4928
4861,67,4928
4831,97,4928
4801,127,4928
4789,139,4928
4729,199,4928
4657,271,4928
4651,277,4928
4621,307,4928
4597,331,4928
4591,337,4928
4561,367,4928
4549,379,4928
4519,409,4928
4507,421,4928
4441,487,4928
4357,571,4928
4327,601,4928
4297,631,4928
4219,709,4928
4201,727,4928
4177,751,4928
4159,769,4928
4099,829,4928
4051,877,4928
4021,907,4928
3931,997,4928
3919,1009,4928
3907,1021,4928
3889,1039,4928
3877,1051,4928
3727,1201,4928
3697,1231,4928
3691,1237,4928
3637,1291,4928
3631,1297,4928
3607,1321,4928
3547,1381,4928
3529,1399,4928
3499,1429,4928
3469,1459,4928
3457,1471,4928
3361,1567,4928
3331,1597,4928
3319,1609,4928
3307,1621,4928
3301,1627,4928
3271,1657,4928
3259,1669,4928
3229,1699,4928
3187,1741,4928
3181,1747,4928
3169,1759,4928
3067,1861,4928
3061,1867,4928
3049,1879,4928
2917,2011,4928
2797,2131,4928
2791,2137,4928
2767,2161,4928
2749,2179,4928
2707,2221,4928
2689,2239,4928
2677,2251,4928
2659,2269,4928
2647,2281,4928
2617,2311,4928
2557,2371,4928
2551,2377,4928
2539,2389,4928
4919,11,4930
4889,41,4930
4877,53,4930
4871,59,4930
4817,113,4930
4799,131,4930
4793,137,4930
4751,179,4930
4733,197,4930
4703,227,4930
4691,239,4930
4679,251,4930
4673,257,4930
4649,281,4930
4637,293,4930
4583,347,4930
4547,383,4930
4481,449,4930
4463,467,4930
4451,479,4930
4421,509,4930
4409,521,4930
4373,557,4930
4337,593,4930
4289,641,4930
4283,647,4930
4271,659,4930
4253,677,4930
4229,701,4930
4211,719,4930
4157,773,4930
4133,797,4930
4091,839,4930
4073,857,4930
4049,881,4930
4019,911,4930
4001,929,4930
3989,941,4930
3947,983,4930
3917,1013,4930
3911,1019,4930
3881,1049,4930
3833,1097,4930
3821,1109,4930
3779,1151,4930
3767,1163,4930
3701,1229,4930
3671,1259,4930
3623,1307,4930
3557,1373,4930
3491,1439,4930
3449,1481,4930
3407,1523,4930
3371,1559,4930
3359,1571,4930
3347,1583,4930
3329,1601,4930
3323,1607,4930
3221,1709,4930
3209,1721,4930
3119,1811,4930
3083,1847,4930
3041,1889,4930
3023,1907,4930
2999,1931,4930
2957,1973,4930
2927,2003,4930
2903,2027,4930
2861,2069,4930
2843,2087,4930
2819,2111,4930
2801,2129,4930
2789,2141,4930
2777,2153,4930
2693,2237,4930
2687,2243,4930
2663,2267,4930
2657,2273,4930
2633,2297,4930
2621,2309,4930
2591,2339,4930
2579,2351,4930
2549,2381,4930
2531,2399,4930
4919,13,4932
4909,23,4932
4903,29,4932
4889,43,4932
4871,61,4932
4861,71,4932
4831,101,4932
4801,131,4932
4793,139,4932
4783,149,4932
4759,173,4932
4751,181,4932
4733,199,4932
4721,211,4932
4703,229,4932
4691,241,4932
4663,269,4932
4651,281,4932
4649,283,4932
4639,293,4932
4621,311,4932
4583,349,4932
4549,383,4932
4523,409,4932
4513,419,4932
4493,439,4932
4483,449,4932
4441,491,4932
4423,509,4932
4409,523,4932
4391,541,4932
4363,569,4932
4339,593,4932
4289,643,4932
4273,659,4932
4271,661,4932
4259,673,4932
4241,691,4932
4231,701,4932
4159,773,4932
4111,821,4932
4093,839,4932
4079,853,4932
4073,859,4932
4051,881,4932
4049,883,4932
4021,911,4932
4013,919,4932
4003,929,4932
3923,1009,4932
3919,1013,4932
3911,1021,4932
3881,1051,4932
3863,1069,4932
3823,1109,4932
3803,1129,4932
3779,1153,4932
3769,1163,4932
3761,1171,4932
3739,1193,4932
3719,1213,4932
3709,1223,4932
3701,1231,4932
3673,1259,4932
3643,1289,4932
3631,1301,4932
3613,1319,4932
3571,1361,4932
3559,1373,4932
3533,1399,4932
3499,1433,4932
3461,1471,4932
3449,1483,4932
3433,1499,4932
3389,1543,4932
3373,1559,4932
3361,1571,4932
3331,1601,4932
3323,1609,4932
3319,1613,4932
3313,1619,4932
3209,1723,4932
3191,1741,4932
3121,1811,4932
3109,1823,4932
3061,1871,4932
3019,1913,4932
3001,1931,4932
2999,1933,4932
2953,1979,4932
2939,1993,4932
2903,2029,4932
2879,2053,4932
2851,2081,4932
2843,2089,4932
2833,2099,4932
2819,2113,4932
2803,2129,4932
2801,2131,4932
2791,2141,4932
2789,2143,4932
2753,2179,4932
2729,2203,4932
2719,2213,4932
2711,2221,4932
2693,2239,4932
2689,2243,4932
2663,2269,4932
2659,2273,4932
2621,2311,4932
2593,2339,4932
2591,2341,4932
2551,2381,4932
2549,2383,4932
2543,2389,4932
2539,2393,4932
2521,2411,4932
2473,2459,4932
4931,3,4934
4903,31,4934
4861,73,4934
4831,103,4934
4783,151,4934
4723,211,4934
4663,271,4934
4657,277,4934
4651,283,4934
4621,313,4934
4603,331,4934
4597,337,4934
4567,367,4934
4561,373,4934
4513,421,4934
4447,487,4934
4363,571,4934
4357,577,4934
4327,607,4934
4273,661,4934
4261,673,4934
4243,691,4934
4201,733,4934
4177,757,4934
4111,823,4934
4057,877,4934
4051,883,4934
4027,907,4934
3967,967,4934
3943,991,4934
3847,1087,4934
3733,1201,4934
3697,1237,4934
3643,1291,4934
3637,1297,4934
3631,1303,4934
3613,1321,4934
3607,1327,4934
3511,1423,4934
3463,1471,4934
3391,1543,4934
3313,1621,4934
3307,1627,4934
3271,1663,4934
3187,1747,4934
3181,1753,4934
3067,1867,4934
3061,1873,4934
3001,1933,4934
2917,2017,4934
2851,2083,4934
2803,2131,4934
2797,2137,4934
2791,2143,4934
2731,2203,4934
2713,2221,4934
2683,2251,4934
2647,2287,4934
2593,2341,4934
2557,2377,4934
2551,2383,4934
2467,2467,4934
4933,3,4936
4931,5,4936
4919,17,4936
4889,47,4936
4877,59,4936
4799,137,4936
4787,149,4936
4703,233,4936
4679,257,4936
4673,263,4936
4643,293,4936
4583,353,4936
4547,389,4936
4517,419,4936
4493,443,4936
4457,479,4936
4373,563,4936
4349,587,4936
4337,599,4936
4289,647,4936
4283,653,4936
4259,677,4936
4253,683,4936
4217,719,4936
4139,797,4936
4127,809,4936
4079,857,4936
4073,863,4936
4049,887,4936
4007,929,4936
3989,947,4936
3923,1013,4936
3917,1019,4936
3833,1103,4936
3719,1217,4936
3677,1259,4936
3659,1277,4936
3617,1319,4936
3527,1409,4936
3449,1487,4936
3413,1523,4936
3329,1607,4936
3323,1613,4936
3299,1637,4936
3203,1733,4936
3089,1847,4936
3023,1913,4936
2963,1973,4936
2957,1979,4936
2939,1997,4936
2909,2027,4936
2897,2039,4936
2837,2099,4936
2729,2207,4936
2699,2237,4936
2693,2243,4936
2663,2273,4936
2579,2357,4936
2543,2393,4936
2477,2459,4936
4933,5,4938
4931,7,4938
4919,19,4938
4909,29,4938
4877,61,4938
4871,67,4938
4831,107,4938
4801,137,4938
4799,139,4938
4789,149,4938
4787,151,4938
4759,179,4938
4657,281,4938
4621,317,4938
4591,347,4938
4549,389,4938
4519,419,4938
4517,421,4938
4507,431,4938
4481,457,4938
4451,487,4938
4447,491,4938
4397,541,4938
4391,547,4938
4339,599,4938
4337,601,4938
4297,641,4938
4261,677,4938
4229,709,4938
4219,719,4938
4211,727,4938
4177,761,4938
4129,809,4938
4127,811,4938
4111,827,4938
4099,839,4938
4079,859,4938
4057,881,4938
4051,887,4938
4027,911,4938
4019,919,4938
4001,937,4938
3967,971,4938
3947,991,4938
3929,1009,4938
3919,1019,4938
3917,1021,4938
3907,1031,4938
3889,1049,4938
3877,1061,4938
3851,1087,4938
3847,1091,4938
3821,1117,4938
3767,1171,4938
3709,1229,4938
3701,1237,4938
3659,1279,4938
3637,1301,4938
3631,1307,4938
3617,1321,4938
3571,1367,4938
3557,1381,4938
3539,1399,4938
3529,1409,4938
3511,1427,4938
3499,1439,4938
3491,1447,4938
3467,1471,4938
3457,1481,4938
3449,1489,4938
3407,1531,4938
3389,1549,4938
3371,1567,4938
3359,1579,4938
3331,1607,4938
3329,1609,4938
3319,1619,4938
3301,1637,4938
3271,1667,4938
3229,1709,4938
3217,1721,4938
3191,1747,4938
3137,1801,4938
3067,1871,4938
3061,1877,4938
3049,1889,4938
3037,1901,4938
2939,1999,4938
2927,2011,4938
2909,2029,4938
2857,2081,4938
2851,2087,4938
2801,2137,4938
2797,2141,4938
2777,2161,4938
2731,2207,4938
2699,2239,4938
2687,2251,4938
2671,2267,4938
2657,2281,4938
2591,2347,4938
2557,2381,4938
2549,2389,4938
2539,2399,4938
2521,2417,4938
4937,3,4940
4933,7,4940
4909,31,4940
4903,37,4940
4861,79,4940
4831,109,4940
4813,127,4940
4801,139,4940
4789,151,4940
4783,157,4940
4759,181,4940
4729,211,4940
4663,277,4940
4657,283,4940
4603,337,4940
4591,349,4940
4567,373,4940
4561,379,4940
4519,421,4940
4507,433,4940
4483,457,4940
4441,499,4940
4363,577,4940
4339,601,4940
4327,613,4940
4297,643,4940
4231,709,4940
4201,739,4940
4153,787,4940
4129,811,4940
4111,829,4940
4057,883,4940
4021,919,4940
4003,937,4940
3943,997,4940
3931,1009,4940
3919,1021,4940
3907,1033,4940
3889,1051,4940
3877,1063,4940
3853,1087,4940
3847,1093,4940
3823,1117,4940
3769,1171,4940
3739,1201,4940
3727,1213,4940
3709,1231,4940
3691,1249,4940
3643,1297,4940
3637,1303,4940
3613,1327,4940
3559,1381,4940
3541,1399,4940
3517,1423,4940
3511,1429,4940
3469,1471,4940
3457,1483,4940
3391,1549,4940
3373,1567,4940
3361,1579,4940
3343,1597,4940
3331,1609,4940
3319,1621,4940
3313,1627,4940
3271,1669,4940
3217,1723,4940
3187,1753,4940
3181,1759,4940
3163,1777,4940
3109,1831,4940
3079,1861,4940
3067,1873,4940
3061,1879,4940
2953,1987,4940
2887,2053,4940
2857,2083,4940
2851,2089,4940
2803,2137,4940
2797,2143,4940
2719,2221,4940
2689,2251,4940
2671,2269,4940
2659,2281,4940
2647,2293,4940
2593,2347,4940
2557,2383,4940
2551,2389,4940
2503,2437,4940
2473,2467,4940
4937,5,4942
4931,11,4942
4919,23,4942
4889,53,4942
4871,71,4942
4793,149,4942
4751,191,4942
4703,239,4942
4691,251,4942
4679,263,4942
4673,269,4942
4649,293,4942
4583,359,4942
4523,419,4942
4493,449,4942
4481,461,4942
4463,479,4942
4451,491,4942
4421,521,4942
4373,569,4942
4349,593,4942
4289,653,4942
4283,659,4942
4259,683,4942
4241,701,4942
4133,809,4942
4079,863,4942
4013,929,4942
4001,941,4942
3989,953,4942
3929,1013,4942
3923,1019,4942
3911,1031,4942
3881,1061,4942
3851,1091,4942
3833,1109,4942
3779,1163,4942
3761,1181,4942
3719,1223,4942
3659,1283,4942
3623,1319,4942
3581,1361,4942
3533,1409,4942
3491,1451,4942
3461,1481,4942
3449,1493,4942
3389,1553,4942
3371,1571,4942
3359,1583,4942
3329,1613,4942
3323,1619,4942
3221,1721,4942
3209,1733,4942
3119,1823,4942
3041,1901,4942
3011,1931,4942
2969,1973,4942
2963,1979,4942
2939,2003,4942
2903,2039,4942
2879,2063,4942
2861,2081,4942
2843,2099,4942
2801,2141,4942
2789,2153,4942
2729,2213,4942
2699,2243,4942
2633,2309,4942
2609,2333,4942
2591,2351,4942
2549,2393,4942
2543,2399,4942
2531,2411,4942
4937,7,4944
4933,11,4944
4931,13,4944
4903,41,4944
4877,67,4944
4871,73,4944
4861,83,4944
4831,113,4944
4817,127,4944
4813,131,4944
4793,151,4944
4787,157,4944
4751,193,4944
4733,211,4944
4721,223,4944
4703,241,4944
4673,271,4944
4663,281,4944
4651,293,4944
4637,307,4944
4597,347,4944
4591,353,4944
4561,383,4944
4547,397,4944
4523,421,4944
4513,431,4944
4483,461,4944
4481,463,4944
4457,487,4944
4441,503,4944
4423,521,4944
4421,523,4944
4397,547,4944
4373,571,4944
4357,587,4944
4337,607,4944
4327,617,4944
4297,647,4944
4283,661,4944
4271,673,4944
4261,683,4944
4253,691,4944
4243,701,4944
4217,727,4944
4211,733,4944
4201,743,4944
4157,787,4944
4133,811,4944
4091,853,4944
4057,887,4944
4007,937,4944
4003,941,4944
3967,977,4944
3947,997,4944
3931,1013,4944
3923,1021,4944
3911,1033,4944
3881,1063,4944
3853,1091,4944
3851,1093,4944
3847,1097,4944
3821,1123,4944
3793,1151,4944
3727,1217,4944
3643,1301,4944
3637,1307,4944
3623,1321,4944
3617,1327,4944
3583,1361,4944
3571,1373,4944
3517,1427,4944
3511,1433,4944
3491,1453,4944
3463,1481,4944
3461,1483,4944
3457,1487,4944
3433,1511,4944
3413,1531,4944
3391,1553,4944
3373,1571,4944
3361,1583,4944
3347,1597,4944
3343,1601,4944
3331,1613,4944
3323,1621,4944
3307,1637,4944
3251,1693,4944
3221,1723,4944
3203,1741,4944
3191,1753,4944
3167,1777,4944
3121,1823,4944
3083,1861,4944
3067,1877,4944
3037,1907,4944
3011,1933,4944
2971,1973,4944
2957,1987,4944
2927,2017,4944
2917,2027,4944
2861,2083,4944
2857,2087,4944
2833,2111,4944
2803,2141,4944
2801,2143,4944
2791,2153,4944
2741,2203,4944
2731,2213,4944
2707,2237,4944
2693,2251,4944
2677,2267,4944
2671,2273,4944
2663,2281,4944
2657,2287,4944
2647,2297,4944
2633,2311,4944
2593,2351,4944
2551,2393,4944
2521,2423,4944
2503,2441,4944
2477,2467,4944
4943,3,4946
4933,13,4946
4909,37,4946
4903,43,4946
4789,157,4946
4783,163,4946
4723,223,4946
4663,283,4946
4639,307,4946
4597,349,4946
4567,379,4946
4549,397,4946
4513,433,4946
4507,439,4946
4483,463,4946
4447,499,4946
4423,523,4946
4339,607,4946
4327,619,4946
4273,673,4946
4219,727,4946
4177,769,4946
4159,787,4946
4093,853,4946
4027,919,4946
3907,1039,4946
3877,1069,4946
3853,1093,4946
3823,1123,4946
3793,1153,4946
3733,1213,4946
3709,1237,4946
3697,1249,4946
3643,1303,4946
3547,1399,4946
3517,1429,4946
3499,1447,4946
3463,1483,4946
3457,1489,4946
3319,1627,4946
3253,1693,4946
3187,1759,4946
3169,1777,4946
3163,1783,4946
3079,1867,4946
3067,1879,4946
2953,1993,4946
2917,2029,4946
2857,2089,4946
2833,2113,4946
2803,2143,4946
2767,2179,4946
2707,2239,4946
2677,2269,4946
2659,2287,4946
2557,2389,4946
2473,2473,4946
4943,5,4948
4937,11,4948
4931,17,4948
4919,29,4948
4889,59,4948
4877,71,4948
4817,131,4948
4799,149,4948
4751,197,4948
4721,227,4948
4691,257,4948
4679,269,4948
4637,311,4948
4547,401,4948
4517,431,4948
4481,467,4948
4457,491,4948
4391,557,4948
4349,599,4948
4289,659,4948
4271,677,4948
4229,719,4948
4139,809,4948
4127,821,4948
4091,857,4948
4019,929,4948
4007,941,4948
4001,947,4948
3929,1019,4948
3917,1031,4948
3851,1097,4948
3797,1151,4948
3767,1181,4948
3761,1187,4948
3719,1229,4948
3671,1277,4948
3659,1289,4948
3581,1367,4948
3539,1409,4948
3467,1481,4948
3461,1487,4948
3449,1499,4948
3389,1559,4948
3347,1601,4948
3329,1619,4948
3251,1697,4948
3137,1811,4948
3041,1907,4948
2999,1949,4948
2969,1979,4948
2909,2039,4948
2879,2069,4948
2861,2087,4948
2837,2111,4948
2819,2129,4948
2741,2207,4948
2711,2237,4948
2609,2339,4948
2591,2357,4948
2549,2399,4948
2531,2417,4948
4943,7,4950
4937,13,4950
4933,17,4950
4931,19,4950
4919,31,4950
4909,41,4950
4903,47,4950
4889,61,4950
4877,73,4950
4871,79,4950
4861,89,4950
4813,137,4950
4801,149,4950
4799,151,4950
4793,157,4950
4787,163,4950
4783,167,4950
4759,191,4950
4751,199,4950
4723,227,4950
4721,229,4950
4679,271,4950
4673,277,4950
4657,293,4950
4643,307,4950
4639,311,4950
4637,313,4950
4603,347,4950
4597,353,4950
4591,359,4950
4583,367,4950
4567,383,4950
4561,389,4950
4549,401,4950
4519,431,4950
4517,433,4950
4507,443,4950
4493,457,4950
4483,467,4950
4463,487,4950
4451,499,4950
4447,503,4950
4441,509,4950
4409,541,4950
4373,577,4950
4363,587,4950
4357,593,4950
4349,601,4950
4337,613,4950
4297,653,4950
4289,661,4950
4273,677,4950
4259,691,4950
4241,709,4950
4231,719,4950
4217,733,4950
4211,739,4950
4177,773,4950
4153,797,4950
4139,811,4950
4129,821,4950
4127,823,4950
4111,839,4950
4093,857,4950
4091,859,4950
4073,877,4950
4021,929,4950
4013,937,4950
4003,947,4950
3967,983,4950
3931,1019,4950
3929,1021,4950
3919,1031,4950
3917,1033,4950
3911,1039,4950
3889,1061,4950
3881,1069,4950
3863,1087,4950
3853,1097,4950
3847,1103,4950
3833,1117,4950
3821,1129,4950
3797,1153,4950
3779,1171,4950
3769,1181,4950
3733,1217,4950
3727,1223,4950
3719,1231,4950
3701,1249,4950
3691,1259,4950
3673,1277,4950
3671,1279,4950
3659,1291,4950
3643,1307,4950
3631,1319,4950
3623,1327,4950
3583,1367,4950
3541,1409,4950
3527,1423,4950
3517,1433,4950
3511,1439,4950
3499,1451,4950
3491,1459,4950
3469,1481,4950
3467,1483,4950
3463,1487,4950
3461,1489,4950
3457,1493,4950
3407,1543,4950
3391,1559,4950
3371,1579,4950
3343,1607,4950
3331,1619,4950
3329,1621,4950
3323,1627,4950
3313,1637,4950
3257,1693,4950
3253,1697,4950
3251,1699,4950
3229,1721,4950
3217,1733,4950
3209,1741,4950
3203,1747,4950
3191,1759,4950
3167,1783,4950
3163,1787,4950
3119,1831,4950
3089,1861,4950
3083,1867,4950
3079,1871,4950
3061,1889,4950
3049,1901,4950
3037,1913,4950
3019,1931,4950
3001,1949,4950
2999,1951,4950
2971,1979,4950
2963,1987,4950
2957,1993,4950
2953,1997,4950
2939,2011,4950
2897,2053,4950
2887,2063,4950
2861,2089,4950
2851,2099,4950
2837,2113,4950
2819,2131,4950
2797,2153,4950
2789,2161,4950
2729,2221,4950
2713,2237,4950
2711,2239,4950
2707,2243,4950
2699,2251,4950
2683,2267,4950
2677,2273,4950
2663,2287,4950
2657,2293,4950
2617,2333,4950
2609,2341,4950
2593,2357,4950
2579,2371,4950
2557,2393,4950
2551,2399,4950
2539,2411,4950
2503,2447,4950
2477,2473,4950
4933,19,4952
4909,43,4952
4813,139,4952
4801,151,4952
4789,163,4952
4759,193,4952
4729,223,4952
4723,229,4952
4639,313,4952
4621,331,4952
4603,349,4952
4519,433,4952
4513,439,4952
4339,613,4952
4261,691,4952
4243,709,4952
4219,733,4952
4201,751,4952
4129,823,4952
4099,853,4952
4093,859,4952
3943,1009,4952
3931,1021,4952
3919,1033,4952
3889,1063,4952
3823,1129,4952
3739,1213,4952
3673,1279,4952
3631,1321,4952
3571,1381,4952
3529,1423,4952
3499,1453,4952
3469,1483,4952
3463,1489,4952
3373,1579,4952
3343,1609,4952
3331,1621,4952
3259,1693,4952
3253,1699,4952
3229,1723,4952
3169,1783,4952
3163,1789,4952
3121,1831,4952
3079,1873,4952
3019,1933,4952
3001,1951,4952
2953,1999,4952
2791,2161,4952
2749,2203,4952
2731,2221,4952
2713,2239,4952
2683,2269,4952
2671,2281,4952
2659,2293,4952
4951,3,4954
4943,11,4954
4937,17,4954
4931,23,4954
4871,83,4954
4817,137,4954
4787,167,4954
4721,233,4954
4703,251,4954
4691,263,4954
4673,281,4954
4643,311,4954
4637,317,4954
4523,431,4954
4493,461,4954
4463,491,4954
4451,503,4954
4397,557,4954
4391,563,4954
4337,617,4954
4271,683,4954
4253,701,4954
4211,743,4954
4157,797,4954
4133,821,4954
4127,827,4954
4091,863,4954
4073,881,4954
4013,941,4954
4007,947,4954
4001,953,4954
3923,1031,4954
3863,1091,4954
3851,1103,4954
3803,1151,4954
3767,1187,4954
3761,1193,4954
3677,1277,4954
3671,1283,4954
3593,1361,4954
3581,1373,4954
3527,1427,4954
3467,1487,4954
3461,1493,4954
3371,1583,4954
3347,1607,4954
3257,1697,4954
3221,1733,4954
3167,1787,4954
3083,1871,4954
3041,1913,4954
3023,1931,4954
2957,1997,4954
2927,2027,4954
2843,2111,4954
2801,2153,4954
2741,2213,4954
2711,2243,4954
2687,2267,4954
2657,2297,4954
2621,2333,4954
2543,2411,4954
2531,2423,4954
2477,2477,4954
4951,5,4956
4943,13,4956
4937,19,4956
4933,23,4956
4919,37,4956
4909,47,4956
4903,53,4956
4889,67,4956
4877,79,4956
4817,139,4956
4799,157,4956
4793,163,4956
4789,167,4956
4783,173,4956
4759,197,4956
4733,223,4956
4729,227,4956
4723,233,4956
4679,277,4956
4673,283,4956
4663,293,4956
4649,307,4956
4643,313,4956
4639,317,4956
4603,353,4956
4597,359,4956
4583,373,4956
4567,389,4956
4547,409,4956
4523,433,4956
4517,439,4956
4513,443,4956
4507,449,4956
4493,463,4956
4457,499,4956
4447,509,4956
4409,547,4956
4363,593,4956
4357,599,4956
4349,607,4956
4339,617,4956
4337,619,4956
4297,659,4956
4283,673,4956
4273,683,4956
4229,727,4956
4217,739,4956
4159,797,4956
4133,823,4956
4129,827,4956
4127,829,4956
4099,857,4956
4093,863,4956
4079,877,4956
4073,883,4956
4049,907,4956
4027,929,4956
4019,937,4956
4003,953,4956
3989,967,4956
3947,1009,4956
3943,1013,4956
3923,1033,4956
3917,1039,4956
3907,1049,4956
3863,1093,4956
3853,1103,4956
3847,1109,4956
3833,1123,4956
3803,1153,4956
3793,1163,4956
3769,1187,4956
3739,1217,4956
3733,1223,4956
3727,1229,4956
3719,1237,4956
3697,1259,4956
3677,1279,4956
3673,1283,4956
3659,1297,4956
3637,1319,4956
3583,1373,4956
3557,1399,4956
3547,1409,4956
3533,1423,4956
3529,1427,4956
3527,1429,4956
3517,1439,4956
3469,1487,4956
3467,1489,4956
3463,1493,4956
3457,1499,4956
3433,1523,4956
3413,1543,4956
3407,1549,4956
3389,1567,4956
3373,1583,4956
3359,1597,4956
3347,1609,4956
3343,1613,4956
3329,1627,4956
3319,1637,4956
3299,1657,4956
3259,1697,4956
3257,1699,4956
3209,1747,4956
3203,1753,4956
3169,1787,4956
3167,1789,4956
3109,1847,4956
3089,1867,4956
3083,1873,4956
3079,1877,4956
3067,1889,4956
3049,1907,4956
3023,1933,4956
2969,1987,4956
2963,1993,4956
2957,1999,4956
2953,2003,4956
2939,2017,4956
2927,2029,4956
2917,2039,4956
2903,2053,4956
2887,2069,4956
2857,2099,4956
2843,2113,4956
2819,2137,4956
2803,2153,4956
2777,2179,4956
2753,2203,4956
2749,2207,4956
2719,2237,4956
2713,2243,4956
2689,2267,4956
2687,2269,4956
2683,2273,4956
2663,2293,4956
2659,2297,4956
2647,2309,4956
2617,2339,4956
2609,2347,4956
2579,2377,4956
2557,2399,4956
2539,2417,4956
4951,7,4958
4861,97,4958
4831,127,4958
4801,157,4958
4759,199,4958
4729,229,4958
4651,307,4958
4621,337,4958
4591,367,4958
4561,397,4958
4549,409,4958
4519,439,4958
4357,601,4958
4339,619,4958
4327,631,4958
4297,661,4958
4231,727,4958
4219,739,4958
4201,757,4958
4129,829,4958
4099,859,4958
4051,907,4958
4021,937,4958
3967,991,4958
3919,1039,4958
3907,1051,4958
3889,1069,4958
3727,1231,4958
3709,1249,4958
3637,1321,4958
3631,1327,4958
3559,1399,4958
3529,1429,4958
3511,1447,4958
3499,1459,4958
3469,1489,4958
3391,1567,4958
3361,1597,4958
3331,1627,4958
3301,1657,4958
3259,1699,4958
3217,1741,4958
3181,1777,4958
3169,1789,4958
3079,1879,4958
2971,1987,4958
2797,2161,4958
2719,2239,4958
2707,2251,4958
2689,2269,4958
2677,2281,4958
2671,2287,4958
2647,2311,4958
2617,2341,4958
2521,2437,4958
4957,3,4960
4943,17,4960
4937,23,4960
4931,29,4960
4919,41,4960
4889,71,4960
4877,83,4960
4871,89,4960
4793,167,4960
4787,173,4960
4733,227,4960
4721,239,4960
4703,257,4960
4691,269,4960
4679,281,4960
4649,311,4960
4643,317,4960
4517,443,4960
4493,467,4960
4481,479,4960
4457,503,4960
4451,509,4960
4397,563,4960
4391,569,4960
4373,587,4960
4283,677,4960
4259,701,4960
4241,719,4960
4217,743,4960
4139,821,4960
4133,827,4960
4079,881,4960
4073,887,4960
4049,911,4960
4019,941,4960
4013,947,4960
4007,953,4960
3989,971,4960
3947,1013,4960
3929,1031,4960
3911,1049,4960
3863,1097,4960
3851,1109,4960
3797,1163,4960
3779,1181,4960
3767,1193,4960
3701,1259,4960
3677,1283,4960
3671,1289,4960
3659,1301,4960
3593,1367,4960
3533,1427,4960
3527,1433,4960
3467,1493,4960
3461,1499,4960
3449,1511,4960
3407,1553,4960
3389,1571,4960
3359,1601,4960
3347,1613,4960
3323,1637,4960
3251,1709,4960
3137,1823,4960
3089,1871,4960
3083,1877,4960
3011,1949,4960
2963,1997,4960
2957,2003,4960
2897,2063,4960
2879,2081,4960
2861,2099,4960
2819,2141,4960
2753,2207,4960
2693,2267,4960
2687,2273,4960
2663,2297,4960
2621,2339,4960
2609,2351,4960
2579,2381,4960
2549,2411,4960
2543,2417,4960
4957,5,4962
4951,11,4962
4943,19,4962
4933,29,4962
4931,31,4962
4919,43,4962
4909,53,4962
4903,59,4962
4889,73,4962
4861,101,4962
4831,131,4962
4813,149,4962
4799,163,4962
4789,173,4962
4783,179,4962
4751,211,4962
4733,229,4962
4729,233,4962
4723,239,4962
4721,241,4962
4691,271,4962
4679,283,4962
4651,311,4962
4649,313,4962
4603,359,4962
4583,379,4962
4561,401,4962
4523,439,4962
4519,443,4962
4513,449,4962
4483,479,4962
4463,499,4962
4441,521,4962
4421,541,4962
4391,571,4962
4363,599,4962
4349,613,4962
4289,673,4962
4271,691,4962
4261,701,4962
4253,709,4962
4243,719,4962
4229,733,4962
4219,743,4962
4211,751,4962
4201,761,4962
4153,809,4962
4139,823,4962
4133,829,4962
4099,863,4962
4079,883,4962
4051,911,4962
4021,941,4962
3943,1019,4962
3931,1031,4962
3929,1033,4962
3923,1039,4962
3911,1051,4962
3853,1109,4962
3833,1129,4962
3769,1193,4962
3761,1201,4962
3739,1223,4962
3733,1229,4962
3673,1289,4962
3671,1291,4962
3659,1303,4962
3643,1319,4962
3581,1381,4962
3539,1423,4962
3533,1429,4962
3529,1433,4962
3511,1451,4962
3491,1471,4962
3469,1493,4962
3463,1499,4962
3413,1549,4962
3391,1571,4962
3361,1601,4962
3343,1619,4962
3299,1663,4962
3253,1709,4962
3229,1733,4962
3221,1741,4962
3209,1753,4962
3203,1759,4962
3089,1873,4962
3083,1879,4962
3061,1901,4962
3049,1913,4962
3011,1951,4962
2969,1993,4962
2963,1999,4962
2909,2053,4962
2879,2083,4962
2851,2111,4962
2833,2129,4962
2819,2143,4962
2801,2161,4962
2749,2213,4962
2741,2221,4962
2719,2243,4962
2711,2251,4962
2693,2269,4962
2689,2273,4962
2621,2341,4962
2591,2371,4962
2579,2383,4962
2551,2411,4962
2539,2423,4962
2521,2441,4962
2503,2459,4962
4957,7,4964
4951,13,4964
4933,31,4964
4903,61,4964
4861,103,4964
4813,151,4964
4801,163,4964
4783,181,4964
4723,241,4964
4657,307,4964
4651,313,4964
4597,367,4964
4591,373,4964
4567,397,4964
4507,457,4964
4441,523,4964
4423,541,4964
4363,601,4964
4357,607,4964
4273,691,4964
4231,733,4964
4177,787,4964
4153,811,4964
4111,853,4964
4057,907,4964
4027,937,4964
3967,997,4964
3943,1021,4964
3931,1033,4964
3877,1087,4964
3847,1117,4964
3793,1171,4964
3733,1231,4964
3727,1237,4964
3673,1291,4964
3643,1321,4964
3637,1327,4964
3583,1381,4964
3541,1423,4964
3517,1447,4964
3511,1453,4964
3433,1531,4964
3343,1621,4964
3307,1657,4964
3301,1663,4964
3271,1693,4964
3217,1747,4964
3187,1777,4964
3181,1783,4964
3163,1801,4964
2971,1993,4964
2953,2011,4964
2851,2113,4964
2833,2131,4964
2803,2161,4964
2713,2251,4964
2683,2281,4964
2677,2287,4964
2671,2293,4964
2617,2347,4964
2593,2371,4964
4943,23,4966
4937,29,4966
4919,47,4966
4877,89,4966
4817,149,4966
4799,167,4966
4793,173,4966
4787,179,4966
4733,233,4966
4703,263,4966
4673,293,4966
4649,317,4966
4583,383,4966
4547,419,4966
4523,443,4966
4517,449,4966
4463,503,4966
4457,509,4966
4409,557,4966
4397,569,4966
4373,593,4966
4349,617,4966
4289,677,4966
4283,683,4966
4157,809,4966
4139,827,4966
4127,839,4966
4079,887,4966
4019,947,4966
4013,953,4966
3989,977,4966
3947,1019,4966
3917,1049,4966
3863,1103,4966
3803,1163,4966
3779,1187,4966
3677,1289,4966
3659,1307,4966
3593,1373,4966
3557,1409,4966
3539,1427,4966
3533,1433,4966
3527,1439,4966
3467,1499,4966
3413,1553,4966
3407,1559,4966
3359,1607,4966
3347,1619,4966
3329,1637,4966
3299,1667,4966
3257,1709,4966
3119,1847,4966
3089,1877,4966
2969,1997,4966
2963,2003,4966
2939,2027,4966
2927,2039,4966
2903,2063,4966
2897,2069,4966
2879,2087,4966
2837,2129,4966
2753,2213,4966
2729,2237,4966
2699,2267,4966
2693,2273,4966
2657,2309,4966
2633,2333,4966
2609,2357,4966
2549,2417,4966
2543,2423,4966
4957,11,4968
4951,17,4968
4937,31,4968
4931,37,4968
4909,59,4968
4889,79,4968
4871,97,4968
4861,107,4968
4831,137,4968
4817,151,4968
4801,167,4968
4789,179,4968
4787,181,4968
4729,239,4968
4691,277,4968
4657,311,4968
4651,317,4968
4637,331,4968
4621,347,4968
4567,401,4968
4549,419,4968
4547,421,4968
4519,449,4968
4507,461,4968
4481,487,4968
4447,521,4968
4421,547,4968
4397,571,4968
4391,577,4968
4349,619,4968
4337,631,4968
4327,641,4968
4259,709,4968
4241,727,4968
4229,739,4968
4217,751,4968
4211,757,4968
4159,809,4968
4157,811,4968
4139,829,4968
4129,839,4968
4111,857,4968
4091,877,4968
4057,911,4968
4049,919,4968
4027,941,4968
4021,947,4968
4001,967,4968
3947,1021,4968
3929,1039,4968
3919,1049,4968
3917,1051,4968
3907,1061,4968
3881,1087,4968
3877,1091,4968
3851,1117,4968
3797,1171,4968
3767,1201,4968
3739,1229,4968
3719,1249,4968
3709,1259,4968
3691,1277,4968
3677,1291,4968
3671,1297,4968
3607,1361,4968
3559,1409,4968
3541,1427,4968
3539,1429,4968
3529,1439,4968
3517,1451,4968
3469,1499,4968
3457,1511,4968
3389,1579,4968
3371,1597,4968
3361,1607,4968
3359,1609,4968
3347,1621,4968
3331,1637,4968
3301,1667,4968
3299,1669,4968
3271,1697,4968
3259,1709,4968
3221,1747,4968
3209,1759,4968
3191,1777,4968
3181,1787,4968
3167,1801,4968
3137,1831,4968
3121,1847,4968
3089,1879,4968
3079,1889,4968
3067,1901,4968
3061,1907,4968
3037,1931,4968
3019,1949,4968
2971,1997,4968
2969,1999,4968
2957,2011,4968
2939,2029,4968
2887,2081,4968
2879,2089,4968
2857,2111,4968
2837,2131,4968
2789,2179,4968
2731,2237,4968
2729,2239,4968
2699,2269,4968
2687,2281,4968
2671,2297,4968
2659,2309,4968
2657,2311,4968
2621,2347,4968
2617,2351,4968
2591,2377,4968
2579,2389,4968
2557,2411,4968
2551,2417,4968
2531,2437,4968
2521,2447,4968
4967,3,4970
4957,13,4970
4951,19,4970
4933,37,4970
4909,61,4970
4903,67,4970
4861,109,4970
4831,139,4970
4813,157,4970
4789,181,4970
4759,211,4970
4729,241,4970
4663,307,4970
4657,313,4970
4639,331,4970
4621,349,4970
4603,367,4970
4597,373,4970
4591,379,4970
4561,409,4970
4549,421,4970
4513,457,4970
4507,463,4970
4483,487,4970
4447,523,4970
4423,547,4970
4363,607,4970
4357,613,4970
4339,631,4970
4327,643,4970
4297,673,4970
4261,709,4970
4243,727,4970
4231,739,4970
4219,751,4970
4201,769,4970
4159,811,4970
4111,859,4970
4093,877,4970
4051,919,4970
4003,967,4970
3931,1039,4970
3919,1051,4970
3907,1063,4970
3877,1093,4970
3853,1117,4970
3847,1123,4970
3769,1201,4970
3739,1231,4970
3733,1237,4970
3691,1279,4970
3673,1297,4970
3643,1327,4970
3571,1399,4970
3547,1423,4970
3541,1429,4970
3517,1453,4970
3511,1459,4970
3499,1471,4970
3391,1579,4970
3373,1597,4970
3361,1609,4970
3343,1627,4970
3313,1657,4970
3307,1663,4970
3301,1669,4970
3271,1699,4970
3229,1741,4970
3217,1753,4970
3187,1783,4970
3181,1789,4970
3169,1801,4970
3109,1861,4970
3037,1933,4970
3019,1951,4970
2971,1999,4970
2953,2017,4970
2917,2053,4970
2887,2083,4970
2857,2113,4970
2833,2137,4970
2791,2179,4970
2767,2203,4970
2749,2221,4970
2731,2239,4970
2719,2251,4970
2689,2281,4970
2683,2287,4970
2677,2293,4970
2659,2311,4970
2593,2377,4970
2503,2467,4970
4969,3,4972
4967,5,4972
4943,29,4972
4931,41,4972
4919,53,4972
4889,83,4972
4871,101,4972
4799,173,4972
4793,179,4972
4733,239,4972
4721,251,4972
4703,269,4972
4691,281,4972
4679,293,4972
4583,389,4972
4523,449,4972
4493,479,4972
4481,491,4972
4463,509,4972
4451,521,4972
4409,563,4972
4373,599,4972
4289,683,4972
4271,701,4972
4253,719,4972
4229,743,4972
4211,761,4972
4133,839,4972
4091,881,4972
4019,953,4972
4001,971,4972
3989,983,4972
3923,1049,4972
3911,1061,4972
3881,1091,4972
3863,1109,4972
3821,1151,4972
3779,1193,4972
3671,1301,4972
3539,1433,4972
3533,1439,4972
3491,1481,4972
3461,1511,4972
3449,1523,4972
3413,1559,4972
3389,1583,4972
3371,1601,4972
3359,1613,4972
3251,1721,4972
3083,1889,4972
3041,1931,4972
3023,1949,4972
2999,1973,4972
2969,2003,4972
2909,2063,4972
2903,2069,4972
2861,2111,4972
2843,2129,4972
2819,2153,4972
2729,2243,4972
2699,2273,4972
2663,2309,4972
2633,2339,4972
2621,2351,4972
2591,2381,4972
2579,2393,4972
2549,2423,4972
2531,2441,4972
4969,5,4974
4967,7,4974
4957,17,4974
4951,23,4974
4943,31,4974
4937,37,4974
4933,41,4974
4931,43,4974
4903,71,4974
4877,97,4974
4871,103,4974
4861,113,4974
4817,157,4974
4801,173,4974
4793,181,4974
4783,191,4974
4751,223,4974
4733,241,4974
4723,251,4974
4703,271,4974
4691,283,4974
4663,311,4974
4657,317,4974
4643,331,4974
4637,337,4974
4621,353,4974
4591,383,4974
4517,457,4974
4513,461,4974
4507,467,4974
4483,491,4974
4451,523,4974
4397,577,4974
4373,601,4974
4357,617,4974
4327,647,4974
4297,677,4974
4283,691,4974
4273,701,4974
4241,733,4974
4231,743,4974
4217,757,4974
4201,773,4974
4177,797,4974
4153,821,4974
4111,863,4974
4093,881,4974
4091,883,4974
4027,947,4974
4021,953,4974
4007,967,4974
4003,971,4974
3943,1031,4974
3923,1051,4974
3911,1063,4974
3881,1093,4974
3877,1097,4974
3851,1123,4974
3823,1151,4974
3821,1153,4974
3803,1171,4974
3793,1181,4974
3761,1213,4974
3697,1277,4974
3691,1283,4974
3677,1297,4974
3673,1301,4974
3671,1303,4974
3613,1361,4974
3607,1367,4974
3593,1381,4974
3547,1427,4974
3541,1433,4974
3527,1447,4974
3491,1483,4974
3463,1511,4974
3407,1567,4974
3391,1583,4974
3373,1601,4974
3361,1613,4974
3347,1627,4974
3307,1667,4974
3253,1721,4974
3251,1723,4974
3221,1753,4974
3191,1783,4974
3187,1787,4974
3163,1811,4974
3067,1907,4974
3061,1913,4974
3041,1933,4974
3023,1951,4974
3001,1973,4974
2971,2003,4974
2963,2011,4974
2957,2017,4974
2887,2087,4974
2861,2113,4974
2843,2131,4974
2837,2137,4974
2833,2141,4974
2767,2207,4974
2753,2221,4974
2731,2243,4974
2707,2267,4974
2693,2281,4974
2687,2287,4974
2677,2297,4974
2663,2311,4974
2633,2341,4974
2617,2357,4974
2593,2381,4974
2591,2383,4974
2557,2417,4974
2551,2423,4974
4973,3,4976
4969,7,4976
4957,19,4976
4933,43,4976
4909,67,4976
4903,73,4976
4813,163,4976
4783,193,4976
4663,313,4976
4639,337,4976
4603,373,4976
4597,379,4976
4567,409,4976
4519,457,4976
4513,463,4976
4363,613,4976
4357,619,4976
4243,733,4976
4219,757,4976
4153,823,4976
4099,877,4976
4093,883,4976
4057,919,4976
3967,1009,4976
3943,1033,4976
3907,1069,4976
3889,1087,4976
3853,1123,4976
3847,1129,4976
3823,1153,4976
3739,1237,4976
3727,1249,4976
3697,1279,4976
3673,1303,4976
3547,1429,4976
3529,1447,4976
3517,1459,4976
3433,1543,4976
3319,1657,4976
3313,1663,4976
3307,1669,4976
3253,1723,4976
3229,1747,4976
3217,1759,4976
3187,1789,4976
3109,1867,4976
2887,2089,4976
2833,2143,4976
2797,2179,4976
2707,2269,4976
2689,2287,4976
2683,2293,4976
2593,2383,4976
2539,2437,4976
2503,2473,4976
4973,5,4978
4967,11,4978
4937,41,4978
4931,47,4978
4919,59,4978
4889,89,4978
4877,101,4978
4871,107,4978
4799,179,4978
4787,191,4978
4751,227,4978
4721,257,4978
4547,431,4978
4517,461,4978
4457,521,4978
4421,557,4978
4409,569,4978
4391,587,4978
4337,641,4978
4259,719,4978
4217,761,4978
4157,821,4978
4139,839,4978
4091,887,4978
4049,929,4978
4007,971,4978
4001,977,4978
3947,1031,4978
3929,1049,4978
3917,1061,4978
3881,1097,4978
3797,1181,4978
3761,1217,4978
3719,1259,4978
3701,1277,4978
3677,1301,4978
3671,1307,4978
3659,1319,4978
3617,1361,4978
3539,1439,4978
3527,1451,4978
3491,1487,4978
3467,1511,4978
3407,1571,4978
3371,1607,4978
3359,1619,4978
3257,1721,4978
3191,1787,4978
3167,1811,4978
3089,1889,4978
2999,1979,4978
2939,2039,4978
2909,2069,4978
2897,2081,4978
2879,2099,4978
2837,2141,4978
2741,2237,4978
2711,2267,4978
2621,2357,4978
2579,2399,4978
2531,2447,4978
4973,7,4980
4969,11,4980
4967,13,4980
4957,23,4980
4951,29,4980
4943,37,4980
4937,43,4980
4933,47,4980
4919,61,4980
4909,71,4980
4877,103,4980
4871,109,4980
4831,149,4980
4817,163,4980
4813,167,4980
4801,179,4980
4799,181,4980
4789,191,4980
4787,193,4980
4783,197,4980
4751,229,4980
4729,251,4980
4723,257,4980
4703,277,4980
4673,307,4980
4663,317,4980
4649,331,4980
4643,337,4980
4621,359,4980
4597,383,4980
4591,389,4980
4583,397,4980
4561,419,4980
4549,431,4980
4547,433,4980
4523,457,4980
4519,461,4980
4517,463,4980
4513,467,4980
4493,487,4980
4481,499,4980
4457,523,4980
4423,557,4980
4409,571,4980
4373,607,4980
4363,617,4980
4349,631,4980
4339,641,4980
4337,643,4980
4327,653,4980
4297,683,4980
4289,691,4980
4271,709,4980
4261,719,4980
4253,727,4980
4241,739,4980
4229,751,4980
4219,761,4980
4211,769,4980
4159,821,4980
4157,823,4980
4153,827,4980
4127,853,4980
4099,881,4980
4093,887,4980
4073,907,4980
4051,929,4980
4027,953,4980
4013,967,4980
4003,977,4980
3989,991,4980
3967,1013,4980
3947,1033,4980
3931,1049,4980
3929,1051,4980
3919,1061,4980
3917,1063,4980
3911,1069,4980
3889,1091,4980
3877,1103,4980
3863,1117,4980
3851,1129,4980
3793,1187,4980
3779,1201,4980
3767,1213,4980
3701,1279,4980
3697,1283,4980
3691,1289,4980
3677,1303,4980
3673,1307,4980
3659,1321,4980
3613,1367,4980
3607,1373,4980
3581,1399,4980
3571,1409,4980
3557,1423,4980
3547,1433,4980
3541,1439,4980
3533,1447,4980
3529,1451,4980
3527,1453,4980
3499,1481,4980
3491,1489,4980
3469,1511,4980
3457,1523,4980
3449,1531,4980
3413,1567,4980
3373,1607,4980
3371,1609,4980
3361,1619,4980
3359,1621,4980
3343,1637,4980
3323,1657,4980
3313,1667,4980
3271,1709,4980
3259,1721,4980
3257,1723,4980
3221,1759,4980
3203,1777,4980
3191,1789,4980
3169,1811,4980
3119,1861,4980
3109,1871,4980
3079,1901,4980
3067,1913,4980
3049,1931,4980
3001,1979,4980
2969,2011,4980
2963,2017,4980
2953,2027,4980
2927,2053,4980
2917,2063,4980
2897,2083,4980
2851,2129,4980
2843,2137,4980
2837,2143,4980
2819,2161,4980
2801,2179,4980
2777,2203,4980
2767,2213,4980
2741,2239,4980
2729,2251,4980
2713,2267,4980
2711,2269,4980
2707,2273,4980
2699,2281,4980
2693,2287,4980
2687,2293,4980
2683,2297,4980
2671,2309,4980
2647,2333,4980
2633,2347,4980
2609,2371,4980
2591,2389,4980
2557,2423,4980
2543,2437,4980
2539,2441,4980
2521,2459,4980
2503,2477,4980
4969,13,4982
4951,31,4982
4909,73,4982
4903,79,4982
4831,151,4982
4801,181,4982
4789,193,4982
4783,199,4982
4759,223,4982
4651,331,4982
4603,379,4982
4561,421,4982
4549,433,4982
4519,463,4982
4483,499,4982
4441,541,4982
4363,619,4982
4339,643,4982
4273,709,4982
4243,739,4982
4231,751,4982
4159,823,4982
4153,829,4982
4129,853,4982
4099,883,4982
3943,1039,4982
3931,1051,4982
3919,1063,4982
3889,1093,4982
3853,1129,4982
3769,1213,4982
3733,1249,4982
3691,1291,4982
3583,1399,4982
3559,1423,4982
3529,1453,4982
3511,1471,4982
3499,1483,4982
3433,1549,4982
3373,1609,4982
3361,1621,4982
3319,1663,4982
3313,1669,4982
3259,1723,4982
3229,1753,4982
3181,1801,4982
3121,1861,4982
3109,1873,4982
3049,1933,4982
2971,2011,4982
2953,2029,4982
2851,2131,4982
2803,2179,4982
2731,2251,4982
2713,2269,4982
2689,2293,4982
2671,2311,4982
2593,2389,4982
4973,11,4984
4967,17,4984
4943,41,4984
4937,47,4984
4931,53,4984
4877,107,4984
4871,113,4984
4817,167,4984
4793,191,4984
4787,197,4984
4751,233,4984
4733,251,4984
4721,263,4984
4703,281,4984
4691,293,4984
4673,311,4984
4637,347,4984
4583,401,4984
4523,461,4984
4517,467,4984
4493,491,4984
4481,503,4984
4463,521,4984
4421,563,4984
4397,587,4984
4391,593,4984
4337,647,4984
4283,701,4984
4241,743,4984
4211,773,4984
4157,827,4984
4127,857,4984
4073,911,4984
4013,971,4984
4007,977,4984
4001,983,4984
3923,1061,4984
3881,1103,4984
3833,1151,4984
3821,1163,4984
3803,1181,4984
3797,1187,4984
3767,1217,4984
3761,1223,4984
3701,1283,4984
3677,1307,4984
3623,1361,4984
3617,1367,4984
3557,1427,4984
3533,1451,4984
3491,1493,4984
3461,1523,4984
3413,1571,4984
3371,1613,4984
3347,1637,4984
3251,1733,4984
3137,1847,4984
3083,1901,4984
3011,1973,4984
2957,2027,4984
2903,2081,4984
2897,2087,4984
2843,2141,4984
2777,2207,4984
2741,2243,4984
2711,2273,4984
2687,2297,4984
2633,2351,4984
2591,2393,4984
2543,2441,4984
4973,13,4986
4969,17,4986
4967,19,4986
4957,29,4986
4943,43,4986
4933,53,4986
4919,67,4986
4903,83,4986
4889,97,4986
4877,109,4986
4813,173,4986
4793,193,4986
4789,197,4986
4787,199,4986
4759,227,4986
4729,257,4986
4723,263,4986
4703,283,4986
4679,307,4986
4673,313,4986
4649,337,4986
4639,347,4986
4637,349,4986
4603,383,4986
4597,389,4986
4567,419,4986
4547,439,4986
4523,463,4986
4519,467,4986
4507,479,4986
4483,503,4986
4463,523,4986
4423,563,4986
4409,577,4986
4373,613,4986
4339,647,4986
4327,659,4986
4259,727,4986
4253,733,4986
4243,743,4986
4229,757,4986
4217,769,4986
4177,809,4986
4159,827,4986
4157,829,4986
4133,853,4986
4129,857,4986
4127,859,4986
4099,887,4986
4079,907,4986
4057,929,4986
4049,937,4986
4019,967,4986
4003,983,4986
3989,997,4986
3967,1019,4986
3947,1039,4986
3923,1063,4986
3917,1069,4986
3889,1097,4986
3877,1109,4986
3863,1123,4986
3833,1153,4986
3823,1163,4986
3793,1193,4986
3769,1217,4986
3727,1259,4986
3709,1277,4986
3697,1289,4986
3659,1327,4986
3613,1373,4986
3559,1427,4986
3557,1429,4986
3547,1439,4986
3539,1447,4986
3533,1453,4986
3527,1459,4986
3499,1487,4986
3463,1523,4986
3433,1553,4986
3407,1579,4986
3389,1597,4986
3373,1613,4986
3359,1627,4986
3329,1657,4986
3323,1663,4986
3319,1667,4986
3253,1733,4986
3209,1777,4986
3203,1783,4986
3163,1823,4986
3119,1867,4986
3109,1877,4986
3079,1907,4986
3037,1949,4986
2999,1987,4986
2969,2017,4986
2957,2029,4986
2917,2069,4986
2903,2083,4986
2897,2089,4986
2887,2099,4986
2857,2129,4986
2843,2143,4986
2833,2153,4986
2749,2237,4986
2719,2267,4986
2713,2273,4986
2699,2287,4986
2693,2293,4986
2689,2297,4986
2677,2309,4986
2647,2339,4986
2609,2377,4986
2593,2393,4986
2549,2437,4986
2539,2447,4986
4969,19,4988
4957,31,4988
4951,37,4988
4909,79,4988
4861,127,4988
4831,157,4988
4789,199,4988
4759,229,4988
4657,331,4988
4651,337,4988
4639,349,4988
4621,367,4988
4591,397,4988
4567,421,4988
4549,439,4988
4447,541,4988
4441,547,4988
4357,631,4988
4327,661,4988
4297,691,4988
4261,727,4988
4231,757,4988
4219,769,4988
4201,787,4988
4177,811,4988
4159,829,4988
4129,859,4988
4111,877,4988
4051,937,4988
4021,967,4988
3967,1021,4988
3919,1069,4988
3739,1249,4988
3709,1279,4988
3697,1291,4988
3691,1297,4988
3607,1381,4988
3559,1429,4988
3541,1447,4988
3529,1459,4988
3517,1471,4988
3499,1489,4988
3457,1531,4988
3391,1597,4988
3361,1627,4988
3331,1657,4988
3319,1669,4988
3229,1759,4988
3187,1801,4988
3121,1867,4988
3109,1879,4988
3037,1951,4988
3001,1987,4988
2971,2017,4988
2857,2131,4988
2851,2137,4988
2767,2221,4988
2749,2239,4988
2719,2269,4988
2707,2281,4988
2677,2311,4988
2647,2341,4988
2617,2371,4988
2551,2437,4988
2521,2467,4988
4987,3,4990
4973,17,4990
4967,23,4990
4943,47,4990
4937,53,4990
4931,59,4990
4919,71,4990
4889,101,4990
4877,113,4990
4817,173,4990
4799,191,4990
4793,197,4990
4751,239,4990
4733,257,4990
4721,269,4990
4679,311,4990
4673,317,4990
4643,347,4990
4637,353,4990
4547,443,4990
4523,467,4990
4481,509,4990
4421,569,4990
4397,593,4990
4391,599,4990
4373,617,4990
4349,641,4990
4337,653,4990
4289,701,4990
4271,719,4990
4229,761,4990
4217,773,4990
4133,857,4990
4127,863,4990
4079,911,4990
4049,941,4990
4019,971,4990
4013,977,4990
4007,983,4990
3929,1061,4990
3881,1109,4990
3803,1187,4990
3797,1193,4990
3767,1223,4990
3761,1229,4990
3701,1289,4990
3671,1319,4990
3623,1367,4990
3617,1373,4990
3581,1409,4990
3557,1433,4990
3539,1451,4990
3491,1499,4990
3467,1523,4990
3407,1583,4990
3389,1601,4990
3371,1619,4990
3323,1667,4990
3257,1733,4990
3203,1787,4990
3167,1823,4990
3119,1871,4990
3089,1901,4990
3083,1907,4990
3041,1949,4990
3011,1979,4990
2963,2027,4990
2927,2063,4990
2909,2081,4990
2903,2087,4990
2879,2111,4990
2861,2129,4990
2837,2153,4990
2777,2213,4990
2753,2237,4990
2693,2297,4990
2657,2333,4990
2633,2357,4990
2609,2381,4990
2591,2399,4990
2579,2411,4990
2549,2441,4990
2543,2447,4990
2531,2459,4990
4987,5,4992
4973,19,4992
4969,23,4992
4951,41,4992
4933,59,4992
4931,61,4992
4919,73,4992
4909,83,4992
4903,89,4992
4889,103,4992
4861,131,4992
4813,179,4992
4801,191,4992
4799,193,4992
4793,199,4992
4759,233,4992
4751,241,4992
4729,263,4992
4723,269,4992
4721,271,4992
4679,313,4992
4643,349,4992
4639,353,4992
4603,389,4992
4591,401,4992
4583,409,4992
4561,431,4992
4549,443,4992
4513,479,4992
4493,499,4992
4483,509,4992
4451,541,4992
4423,569,4992
4421,571,4992
4391,601,4992
4373,619,4992
4349,643,4992
4339,653,4992
4283,709,4992
4273,719,4992
4259,733,4992
4253,739,4992
4241,751,4992
4231,761,4992
4219,773,4992
4153,839,4992
4139,853,4992
4133,859,4992
4129,863,4992
4111,881,4992
4073,919,4992
4051,941,4992
4021,971,4992
4001,991,4992
3943,1049,4992
3931,1061,4992
3929,1063,4992
3923,1069,4992
3889,1103,4992
3863,1129,4992
3821,1171,4992
3779,1213,4992
3769,1223,4992
3761,1231,4992
3733,1259,4992
3709,1283,4992
3701,1291,4992
3691,1301,4992
3673,1319,4992
3671,1321,4992
3631,1361,4992
3593,1399,4992
3583,1409,4992
3559,1433,4992
3541,1451,4992
3539,1453,4992
3533,1459,4992
3511,1481,4992
3499,1493,4992
3469,1523,4992
3461,1531,4992
3449,1543,4992
3433,1559,4992
3413,1579,4992
3391,1601,4992
3373,1619,4992
3371,1621,4992
3329,1663,4992
3323,1669,4992
3299,1693,4992
3271,1721,4992
3259,1733,4992
3251,1741,4992
3209,1783,4992
3203,1789,4992
3191,1801,4992
3181,1811,4992
3169,1823,4992
3121,1871,4992
3119,1873,4992
3079,1913,4992
3061,1931,4992
3041,1951,4992
3019,1973,4992
2999,1993,4992
2963,2029,4992
2953,2039,4992
2939,2053,4992
2909,2083,4992
2903,2089,4992
2879,2113,4992
2861,2131,4992
2851,2141,4992
2789,2203,4992
2753,2239,4992
2749,2243,4992
2741,2251,4992
2719,2273,4992
2711,2281,4992
2699,2293,4992
2683,2309,4992
2659,2333,4992
2621,2371,4992
2609,2383,4992
2593,2399,4992
2551,2441,4992
4987,7,4994
4957,37,4994
4951,43,4994
4933,61,4994
4831,163,4994
4813,181,4994
4801,193,4994
4783,211,4994
4723,271,4994
4663,331,4994
4657,337,4994
4621,373,4994
4597,397,4994
4561,433,4994
4507,487,4994
4447,547,4994
4423,571,4994
4363,631,4994
4261,733,4994
4243,751,4994
4111,883,4994
4057,937,4994
4027,967,4994
4003,991,4994
3943,1051,4994
3931,1063,4994
3907,1087,4994
3877,1117,4994
3823,1171,4994
3793,1201,4994
3697,1297,4994
3691,1303,4994
3673,1321,4994
3613,1381,4994
3571,1423,4994
3547,1447,4994
3541,1453,4994
3511,1483,4994
3463,1531,4994
3373,1621,4994
3331,1663,4994
3301,1693,4994
3271,1723,4994
3253,1741,4994
3217,1777,4994
3163,1831,4994
3121,1873,4994
3061,1933,4994
3001,1993,4994
2857,2137,4994
2851,2143,4994
2833,2161,4994
2791,2203,4994
2713,2281,4994
2707,2287,4994
2683,2311,4994
2647,2347,4994
2617,2377,4994
2557,2437,4994
2521,2473,4994
4993,3,4996
4973,23,4996
4967,29,4996
4943,53,4996
4937,59,4996
4889,107,4996
4817,179,4996
4799,197,4996
4733,263,4996
4703,293,4996
4679,317,4996
4649,347,4996
4643,353,4996
4637,359,4996
4547,449,4996
4517,479,4996
4493,503,4996
4409,587,4996
4397,599,4996
4349,647,4996
4337,659,4996
4253,743,4996
4157,839,4996
4139,857,4996
4133,863,4996
4049,947,4996
4019,977,4996
4013,983,4996
3947,1049,4996
3833,1163,4996
3803,1193,4996
3779,1217,4996
3767,1229,4996
3719,1277,4996
3677,1319,4996
3623,1373,4996
3557,1439,4996
3413,1583,4996
3389,1607,4996
3359,1637,4996
3329,1667,4996
3299,1697,4996
3209,1787,4996
3119,1877,4996
3089,1907,4996
3083,1913,4996
3023,1973,4996
2999,1997,4996
2969,2027,4996
2957,2039,4996
2927,2069,4996
2909,2087,4996
2897,2099,4996
2843,2153,4996
2789,2207,4996
2753,2243,4996
2729,2267,4996
2699,2297,4996
2687,2309,4996
2663,2333,4996
2657,2339,4996
2579,2417,4996
2549,2447,4996
4993,5,4998
4987,11,4998
4969,29,4998
4967,31,4998
4957,41,4998
4951,47,4998
4937,61,4998
4931,67,4998
4919,79,4998
4909,89,4998
4889,109,4998
4871,127,4998
4861,137,4998
4831,167,4998
4817,181,4998
4801,197,4998
4799,199,4998
4787,211,4998
4759,239,4998
4729,269,4998
4721,277,4998
4691,307,4998
4651,347,4998
4649,349,4998
4639,359,4998
4597,401,4998
4567,431,4998
4549,449,4998
4519,479,4998
4507,491,4998
4457,541,4998
4451,547,4998
4441,557,4998
4421,577,4998
4397,601,4998
4391,607,4998
4357,641,4998
4339,659,4998
4337,661,4998
4297,701,4998
4289,709,4998
4271,727,4998
4259,739,4998
4241,757,4998
4229,769,4998
4211,787,4998
4201,797,4998
4177,821,4998
4159,839,4998
4139,859,4998
4111,887,4998
4091,907,4998
4079,919,4998
4057,941,4998
4051,947,4998
4027,971,4998
4021,977,4998
4007,991,4998
4001,997,4998
3989,1009,4998
3967,1031,4998
3947,1051,4998
3929,1069,4998
3911,1087,4998
3907,1091,4998
3889,1109,4998
3881,1117,4998
3847,1151,4998
3797,1201,4998
3769,1229,4998
3767,1231,4998
3761,1237,4998
3739,1259,4998
3719,1279,4998
3709,1289,4998
3701,1297,4998
3697,1301,4998
3691,1307,4998
3677,1321,4998
3671,1327,4998
3637,1361,4998
3631,1367,4998
3617,1381,4998
3571,1427,4998
3559,1439,4998
3547,1451,4998
3539,1459,4998
3527,1471,4998
3517,1481,4998
3511,1487,4998
3499,1499,4998
3467,1531,4998
3449,1549,4998
3391,1607,4998
3389,1609,4998
3371,1627,4998
3361,1637,4998
3331,1667,4998
3329,1669,4998
3301,1697,4998
3299,1699,4998
3257,1741,4998
3251,1747,4998
3221,1777,4998
3209,1789,4998
3187,1811,4998
3167,1831,4998
3137,1861,4998
3121,1877,4998
3119,1879,4998
3109,1889,4998
3067,1931,4998
3049,1949,4998
3019,1979,4998
3011,1987,4998
3001,1997,4998
2999,1999,4998
2971,2027,4998
2969,2029,4998
2917,2081,4998
2909,2089,4998
2887,2111,4998
2861,2137,4998
2857,2141,4998
2837,2161,4998
2819,2179,4998
2791,2207,4998
2777,2221,4998
2731,2267,4998
2729,2269,4998
2711,2287,4998
2689,2309,4998
2687,2311,4998
2659,2339,4998
2657,2341,4998
2647,2351,4998
2621,2377,4998
2617,2381,4998
2609,2389,4998
2557,2441,4998
2551,2447,4998
2539,2459,4998
2531,2467,4998
2521,2477,4998
4993,7,5000
4987,13,5000
4969,31,5000
4957,43,5000
4933,67,5000
4903,97,5000
4861,139,5000
4801,199,5000
4789,211,5000
4759,241,5000
4729,271,5000
4723,277,5000
4663,337,5000
4651,349,5000
4621,379,5000
4603,397,5000
4591,409,5000
4567,433,5000
4561,439,5000
4513,487,5000
4423,577,5000
4357,643,5000
4339,661,5000
4327,673,5000
4273,727,5000
4261,739,5000
4243,757,5000
4231,769,5000
4177,823,5000
4093,907,5000
4003,997,5000
3967,1033,5000
3931,1069,5000
3907,1093,5000
3877,1123,5000
3847,1153,5000
3769,1231,5000
3709,1291,5000
3697,1303,5000
3673,1327,5000
3571,1429,5000
3547,1453,5000
3541,1459,5000
3529,1471,5000
3517,1483,5000
3511,1489,5000
3469,1531,5000
3457,1543,5000
3433,1567,5000
3391,1609,5000
3373,1627,5000
3343,1657,5000
3331,1669,5000
3307,1693,5000
3301,1699,5000
3259,1741,5000
3253,1747,5000
3217,1783,5000
3169,1831,5000
3121,1879,5000
3067,1933,5000
3049,1951,5000
3001,1999,5000
2971,2029,5000
2917,2083,5000
2887,2113,5000
2857,2143,5000
2797,2203,5000
2749,2251,5000
2731,2269,5000
2719,2281,5000
2713,2287,5000
2707,2293,5000
2689,2311,5000
2659,2341,5000
2617,2383,5000
